0.0000000000000000E+00
0.0000000000000000E+00
0.0000000000000000E+00
0.0000000000000000E+00
0.0000000000000000E+00
0.0000000000000000E+00
0.0000000000000000E+00
0.0000000000000000E+00
0.0000000000000000E+00
0.0000000000000000E+00
0.0000000000000000E+00
0.0000000000000000E+00
0.0000000000000000E+00
0.0000000000000000E+00
0.0000000000000000E+00
0.0000000000000000E+00
0.0000000000000000E+00
-1.5000000000000091E-01
-1.5000000000000072E-01
-1.5000000000000063E-01
-1.5000000000000069E-01
-1.5000000000000049E-01
-1.5000000000000019E-01
-1.5000000000000049E-01
-1.5000000000000074E-01
-1.5000000000000074E-01
-1.5000000000000213E-01
-1.5000000000000113E-01
-1.4999999999999974E-01
-1.4999999999999961E-01
-1.4999999999999869E-01
-1.4999999999999983E-01
-1.5000000000000055E-01
-1.5000000000000310E-01
-3.0000000000000160E-01
-3.0000000000000121E-01
-3.0000000000000110E-01
-3.0000000000000115E-01
-3.0000000000000110E-01
-3.0000000000000066E-01
-3.0000000000000082E-01
-3.0000000000000110E-01
-3.0000000000000310E-01
-3.0000000000000243E-01
-3.0000000000000188E-01
-3.0000000000000160E-01
-2.9999999999999932E-01
-2.9999999999999982E-01
-3.0000000000000177E-01
-3.0000000000000154E-01
-3.0000000000000188E-01
-4.5000000000000201E-01
-4.5000000000000207E-01
-4.5000000000000190E-01
-4.5000000000000212E-01
-4.5000000000000079E-01
-4.5000000000000157E-01
-4.5000000000000195E-01
-4.5000000000000306E-01
-4.5000000000000223E-01
-4.5000000000000262E-01
-4.5000000000000207E-01
-4.5000000000000145E-01
-4.5000000000000095E-01
-4.5000000000000268E-01
-4.5000000000000173E-01
-4.5000000000000218E-01
-4.5000000000000123E-01
-6.0000000000000187E-01
-6.0000000000000275E-01
-6.0000000000000275E-01
-6.0000000000000264E-01
-6.0000000000000275E-01
-6.0000000000000220E-01
-6.0000000000000353E-01
-6.0000000000000475E-01
-6.0000000000000220E-01
-6.0000000000000175E-01
-6.0000000000000164E-01
-6.0000000000000164E-01
-6.0000000000000198E-01
-6.0000000000000375E-01
-6.0000000000000220E-01
-6.0000000000000220E-01
-6.0000000000000031E-01
-7.5000000000000322E-01
-7.5000000000000289E-01
-7.5000000000000389E-01
-7.5000000000000300E-01
-7.5000000000000333E-01
-7.5000000000000422E-01
-7.5000000000000488E-01
-7.5000000000000366E-01
-7.5000000000000333E-01
-7.5000000000000377E-01
-7.5000000000000255E-01
-7.5000000000000278E-01
-7.5000000000000300E-01
-7.5000000000000488E-01
-7.5000000000000233E-01
-7.5000000000000144E-01
-7.5000000000000133E-01
-9.0000000000000469E-01
-9.0000000000000402E-01
-9.0000000000000402E-01
-9.0000000000000513E-01
-9.0000000000000324E-01
-9.0000000000000435E-01
-9.0000000000000524E-01
-9.0000000000000546E-01
-9.0000000000000124E-01
-9.0000000000000280E-01
-9.0000000000000502E-01
-9.0000000000000413E-01
-9.0000000000000491E-01
-9.0000000000000424E-01
-9.0000000000000158E-01
-9.0000000000000246E-01
-9.0000000000000391E-01
-1.0500000000000045E+00
-1.0500000000000045E+00
-1.0500000000000045E+00
-1.0500000000000045E+00
-1.0500000000000034E+00
-1.0500000000000043E+00
-1.0500000000000054E+00
-1.0500000000000043E+00
-1.0500000000000014E+00
-1.0500000000000045E+00
-1.0500000000000067E+00
-1.0500000000000067E+00
-1.0500000000000029E+00
-1.0500000000000032E+00
-1.0500000000000025E+00
-1.0500000000000056E+00
-1.0500000000000056E+00
-1.2000000000000053E+00
-1.2000000000000042E+00
-1.2000000000000046E+00
-1.2000000000000051E+00
-1.2000000000000040E+00
-1.2000000000000055E+00
-1.2000000000000042E+00
-1.2000000000000022E+00
-1.2000000000000015E+00
-1.2000000000000073E+00
-1.2000000000000073E+00
-1.2000000000000066E+00
-1.2000000000000051E+00
-1.2000000000000031E+00
-1.2000000000000040E+00
-1.2000000000000071E+00
-1.2000000000000075E+00
-1.3500000000000056E+00
-1.3500000000000061E+00
-1.3500000000000052E+00
-1.3500000000000039E+00
-1.3500000000000052E+00
-1.3500000000000061E+00
-1.3500000000000052E+00
-1.3500000000000019E+00
-1.3500000000000019E+00
-1.3500000000000085E+00
-1.3500000000000090E+00
-1.3500000000000074E+00
-1.3500000000000092E+00
-1.3500000000000059E+00
-1.3500000000000043E+00
-1.3500000000000072E+00
-1.3500000000000083E+00
-1.5000000000000060E+00
-1.5000000000000049E+00
-1.5000000000000042E+00
-1.5000000000000047E+00
-1.5000000000000033E+00
-1.5000000000000073E+00
-1.5000000000000064E+00
-1.5000000000000029E+00
-1.5000000000000060E+00
-1.5000000000000095E+00
-1.5000000000000091E+00
-1.5000000000000084E+00
-1.5000000000000104E+00
-1.5000000000000093E+00
-1.5000000000000056E+00
-1.5000000000000091E+00
-1.5000000000000089E+00
-1.6500000000000061E+00
-1.6500000000000066E+00
-1.6500000000000055E+00
-1.6500000000000037E+00
-1.6500000000000059E+00
-1.6500000000000064E+00
-1.6500000000000066E+00
-1.6500000000000083E+00
-1.6500000000000081E+00
-1.6500000000000077E+00
-1.6500000000000101E+00
-1.6500000000000108E+00
-1.6500000000000115E+00
-1.6500000000000108E+00
-1.6500000000000097E+00
-1.6500000000000110E+00
-1.6500000000000108E+00
-1.8000000000000063E+00
-1.8000000000000067E+00
-1.8000000000000054E+00
-1.8000000000000043E+00
-1.8000000000000049E+00
-1.8000000000000060E+00
-1.8000000000000060E+00
-1.8000000000000091E+00
-1.8000000000000045E+00
-1.8000000000000105E+00
-1.8000000000000096E+00
-1.8000000000000125E+00
-1.8000000000000125E+00
-1.8000000000000118E+00
-1.8000000000000136E+00
-1.8000000000000136E+00
-1.8000000000000125E+00
0.0000000000000000E+00
0.0000000000000000E+00
0.0000000000000000E+00
0.0000000000000000E+00
0.0000000000000000E+00
0.0000000000000000E+00
0.0000000000000000E+00
0.0000000000000000E+00
0.0000000000000000E+00
0.0000000000000000E+00
0.0000000000000000E+00
0.0000000000000000E+00
0.0000000000000000E+00
0.0000000000000000E+00
0.0000000000000000E+00
0.0000000000000000E+00
0.0000000000000000E+00
-1.5000000000000074E-01
-1.5000000000000088E-01
-1.5000000000000052E-01
-1.5000000000000066E-01
-1.5000000000000041E-01
-1.5000000000000008E-01
-1.4999999999999980E-01
-1.5000000000000041E-01
-1.5000000000000144E-01
-1.5000000000000135E-01
-1.5000000000000119E-01
-1.5000000000000094E-01
-1.4999999999999941E-01
-1.4999999999999969E-01
-1.4999999999999980E-01
-1.5000000000000166E-01
-1.5000000000000124E-01
-3.0000000000000132E-01
-3.0000000000000154E-01
-3.0000000000000149E-01
-3.0000000000000182E-01
-3.0000000000000093E-01
-3.0000000000000104E-01
-3.0000000000000099E-01
-3.0000000000000088E-01
-3.0000000000000149E-01
-3.0000000000000249E-01
-3.0000000000000199E-01
-3.0000000000000066E-01
-2.9999999999999954E-01
-3.0000000000000054E-01
-3.0000000000000143E-01
-3.0000000000000138E-01
-3.0000000000000232E-01
-4.5000000000000195E-01
-4.5000000000000201E-01
-4.5000000000000229E-01
-4.5000000000000251E-01
-4.5000000000000129E-01
-4.5000000000000173E-01
-4.5000000000000218E-01
-4.5000000000000240E-01
-4.5000000000000173E-01
-4.5000000000000240E-01
-4.5000000000000207E-01
-4.5000000000000123E-01
-4.5000000000000123E-01
-4.5000000000000207E-01
-4.5000000000000157E-01
-4.5000000000000145E-01
-4.5000000000000245E-01
-6.0000000000000253E-01
-6.0000000000000242E-01
-6.0000000000000331E-01
-6.0000000000000242E-01
-6.0000000000000309E-01
-6.0000000000000286E-01
-6.0000000000000386E-01
-6.0000000000000309E-01
-6.0000000000000331E-01
-6.0000000000000231E-01
-6.0000000000000175E-01
-6.0000000000000209E-01
-6.0000000000000242E-01
-6.0000000000000409E-01
-6.0000000000000242E-01
-6.0000000000000286E-01
-6.0000000000000309E-01
-7.5000000000000333E-01
-7.5000000000000333E-01
-7.5000000000000289E-01
-7.5000000000000289E-01
-7.5000000000000344E-01
-7.5000000000000411E-01
-7.5000000000000455E-01
-7.5000000000000400E-01
-7.5000000000000466E-01
-7.5000000000000333E-01
-7.5000000000000333E-01
-7.5000000000000289E-01
-7.5000000000000255E-01
-7.5000000000000377E-01
-7.5000000000000422E-01
-7.5000000000000211E-01
-7.5000000000000189E-01
-9.0000000000000269E-01
-9.0000000000000291E-01
-9.0000000000000369E-01
-9.0000000000000457E-01
-9.0000000000000313E-01
-9.0000000000000602E-01
-9.0000000000000424E-01
-9.0000000000000480E-01
-9.0000000000000369E-01
-9.0000000000000391E-01
-9.0000000000000480E-01
-9.0000000000000535E-01
-9.0000000000000380E-01
-9.0000000000000380E-01
-9.0000000000000435E-01
-9.0000000000000391E-01
-9.0000000000000302E-01
-1.0500000000000036E+00
-1.0500000000000040E+00
-1.0500000000000034E+00
-1.0500000000000049E+00
-1.0500000000000049E+00
-1.0500000000000047E+00
-1.0500000000000049E+00
-1.0500000000000034E+00
-1.0500000000000032E+00
-1.0500000000000045E+00
-1.0500000000000056E+00
-1.0500000000000056E+00
-1.0500000000000069E+00
-1.0500000000000036E+00
-1.0500000000000038E+00
-1.0500000000000047E+00
-1.0500000000000074E+00
-1.2000000000000048E+00
-1.2000000000000051E+00
-1.2000000000000046E+00
-1.2000000000000046E+00
-1.2000000000000055E+00
-1.2000000000000035E+00
-1.2000000000000044E+00
-1.2000000000000048E+00
-1.2000000000000048E+00
-1.2000000000000064E+00
-1.2000000000000073E+00
-1.2000000000000075E+00
-1.2000000000000055E+00
-1.2000000000000037E+00
-1.2000000000000042E+00
-1.2000000000000064E+00
-1.2000000000000093E+00
-1.3500000000000056E+00
-1.3500000000000061E+00
-1.3500000000000045E+00
-1.3500000000000054E+00
-1.3500000000000059E+00
-1.3500000000000065E+00
-1.3500000000000059E+00
-1.3500000000000032E+00
-1.3500000000000085E+00
-1.3500000000000092E+00
-1.3500000000000085E+00
-1.3500000000000079E+00
-1.3500000000000072E+00
-1.3500000000000063E+00
-1.3500000000000054E+00
-1.3500000000000092E+00
-1.3500000000000099E+00
-1.5000000000000064E+00
-1.5000000000000058E+00
-1.5000000000000060E+00
-1.5000000000000053E+00
-1.5000000000000053E+00
-1.5000000000000067E+00
-1.5000000000000069E+00
-1.5000000000000062E+00
-1.5000000000000078E+00
-1.5000000000000098E+00
-1.5000000000000075E+00
-1.5000000000000095E+00
-1.5000000000000091E+00
-1.5000000000000093E+00
-1.5000000000000073E+00
-1.5000000000000095E+00
-1.5000000000000129E+00
-1.6500000000000064E+00
-1.6500000000000055E+00
-1.6500000000000057E+00
-1.6500000000000057E+00
-1.6500000000000035E+00
-1.6500000000000057E+00
-1.6500000000000079E+00
-1.6500000000000083E+00
-1.6500000000000092E+00
-1.6500000000000090E+00
-1.6500000000000090E+00
-1.6500000000000106E+00
-1.6500000000000110E+00
-1.6500000000000110E+00
-1.6500000000000092E+00
-1.6500000000000119E+00
-1.6500000000000137E+00
-1.8000000000000056E+00
-1.8000000000000049E+00
-1.8000000000000054E+00
-1.8000000000000056E+00
-1.8000000000000038E+00
-1.8000000000000065E+00
-1.8000000000000087E+00
-1.8000000000000091E+00
-1.8000000000000111E+00
-1.8000000000000089E+00
-1.8000000000000091E+00
-1.8000000000000111E+00
-1.8000000000000129E+00
-1.8000000000000143E+00
-1.8000000000000116E+00
-1.8000000000000129E+00
-1.8000000000000158E+00
0.0000000000000000E+00
0.0000000000000000E+00
0.0000000000000000E+00
0.0000000000000000E+00
0.0000000000000000E+00
0.0000000000000000E+00
0.0000000000000000E+00
0.0000000000000000E+00
0.0000000000000000E+00
0.0000000000000000E+00
0.0000000000000000E+00
0.0000000000000000E+00
0.0000000000000000E+00
0.0000000000000000E+00
0.0000000000000000E+00
0.0000000000000000E+00
0.0000000000000000E+00
-1.5000000000000088E-01
-1.5000000000000063E-01
-1.5000000000000069E-01
-1.5000000000000080E-01
-1.5000000000000044E-01
-1.5000000000000083E-01
-1.4999999999999999E-01
-1.5000000000000108E-01
-1.5000000000000080E-01
-1.5000000000000163E-01
-1.5000000000000085E-01
-1.5000000000000005E-01
-1.5000000000000044E-01
-1.4999999999999980E-01
-1.5000000000000027E-01
-1.5000000000000085E-01
-1.5000000000000085E-01
-3.0000000000000138E-01
-3.0000000000000132E-01
-3.0000000000000154E-01
-3.0000000000000171E-01
-3.0000000000000160E-01
-3.0000000000000149E-01
-3.0000000000000038E-01
-3.0000000000000027E-01
-3.0000000000000138E-01
-3.0000000000000343E-01
-3.0000000000000238E-01
-3.0000000000000088E-01
-3.0000000000000099E-01
-2.9999999999999916E-01
-3.0000000000000066E-01
-3.0000000000000149E-01
-3.0000000000000199E-01
-4.5000000000000168E-01
-4.5000000000000223E-01
-4.5000000000000268E-01
-4.5000000000000256E-01
-4.5000000000000273E-01
-4.5000000000000251E-01
-4.5000000000000212E-01
-4.5000000000000129E-01
-4.5000000000000134E-01
-4.5000000000000279E-01
-4.5000000000000312E-01
-4.5000000000000151E-01
-4.5000000000000057E-01
-4.5000000000000140E-01
-4.5000000000000162E-01
-4.5000000000000223E-01
-4.5000000000000229E-01
-6.0000000000000209E-01
-6.0000000000000286E-01
-6.0000000000000286E-01
-6.0000000000000298E-01
-6.0000000000000298E-01
-6.0000000000000320E-01
-6.0000000000000409E-01
-6.0000000000000442E-01
-6.0000000000000153E-01
-6.0000000000000209E-01
-6.0000000000000275E-01
-6.0000000000000220E-01
-6.0000000000000175E-01
-6.0000000000000364E-01
-6.0000000000000231E-01
-6.0000000000000298E-01
-6.0000000000000275E-01
-7.5000000000000266E-01
-7.5000000000000300E-01
-7.5000000000000333E-01
-7.5000000000000333E-01
-7.5000000000000244E-01
-7.5000000000000344E-01
-7.5000000000000355E-01
-7.5000000000000544E-01
-7.5000000000000289E-01
-7.5000000000000377E-01
-7.5000000000000300E-01
-7.5000000000000300E-01
-7.5000000000000444E-01
-7.5000000000000411E-01
-7.5000000000000433E-01
-7.5000000000000278E-01
-7.5000000000000122E-01
-9.0000000000000202E-01
-9.0000000000000357E-01
-9.0000000000000346E-01
-9.0000000000000357E-01
-9.0000000000000269E-01
-9.0000000000000457E-01
-9.0000000000000513E-01
-9.0000000000000402E-01
-9.0000000000000557E-01
-9.0000000000000568E-01
-9.0000000000000435E-01
-9.0000000000000391E-01
-9.0000000000000568E-01
-9.0000000000000502E-01
-9.0000000000000324E-01
-9.0000000000000513E-01
-9.0000000000000113E-01
-1.0500000000000034E+00
-1.0500000000000036E+00
-1.0500000000000040E+00
-1.0500000000000047E+00
-1.0500000000000054E+00
-1.0500000000000052E+00
-1.0500000000000038E+00
-1.0500000000000056E+00
-1.0500000000000045E+00
-1.0500000000000074E+00
-1.0500000000000063E+00
-1.0500000000000052E+00
-1.0500000000000067E+00
-1.0500000000000058E+00
-1.0500000000000029E+00
-1.0500000000000034E+00
-1.0500000000000060E+00
-1.2000000000000051E+00
-1.2000000000000037E+00
-1.2000000000000046E+00
-1.2000000000000042E+00
-1.2000000000000068E+00
-1.2000000000000055E+00
-1.2000000000000046E+00
-1.2000000000000053E+00
-1.2000000000000079E+00
-1.2000000000000086E+00
-1.2000000000000071E+00
-1.2000000000000073E+00
-1.2000000000000057E+00
-1.2000000000000066E+00
-1.2000000000000051E+00
-1.2000000000000062E+00
-1.2000000000000057E+00
-1.3500000000000052E+00
-1.3500000000000052E+00
-1.3500000000000039E+00
-1.3500000000000045E+00
-1.3500000000000056E+00
-1.3500000000000056E+00
-1.3500000000000063E+00
-1.3500000000000076E+00
-1.3500000000000065E+00
-1.3500000000000090E+00
-1.3500000000000072E+00
-1.3500000000000092E+00
-1.3500000000000076E+00
-1.3500000000000063E+00
-1.3500000000000063E+00
-1.3500000000000079E+00
-1.3500000000000105E+00
-1.5000000000000060E+00
-1.5000000000000071E+00
-1.5000000000000038E+00
-1.5000000000000047E+00
-1.5000000000000038E+00
-1.5000000000000060E+00
-1.5000000000000062E+00
-1.5000000000000075E+00
-1.5000000000000078E+00
-1.5000000000000091E+00
-1.5000000000000087E+00
-1.5000000000000113E+00
-1.5000000000000113E+00
-1.5000000000000075E+00
-1.5000000000000089E+00
-1.5000000000000111E+00
-1.5000000000000142E+00
-1.6500000000000070E+00
-1.6500000000000061E+00
-1.6500000000000039E+00
-1.6500000000000041E+00
-1.6500000000000048E+00
-1.6500000000000061E+00
-1.6500000000000066E+00
-1.6500000000000088E+00
-1.6500000000000077E+00
-1.6500000000000081E+00
-1.6500000000000095E+00
-1.6500000000000130E+00
-1.6500000000000101E+00
-1.6500000000000099E+00
-1.6500000000000088E+00
-1.6500000000000135E+00
-1.6500000000000161E+00
-1.8000000000000083E+00
-1.8000000000000047E+00
-1.8000000000000043E+00
-1.8000000000000036E+00
-1.8000000000000034E+00
-1.8000000000000065E+00
-1.8000000000000074E+00
-1.8000000000000071E+00
-1.8000000000000114E+00
-1.8000000000000096E+00
-1.8000000000000094E+00
-1.8000000000000136E+00
-1.8000000000000100E+00
-1.8000000000000118E+00
-1.8000000000000098E+00
-1.8000000000000151E+00
-1.8000000000000176E+00
0.0000000000000000E+00
0.0000000000000000E+00
0.0000000000000000E+00
0.0000000000000000E+00
0.0000000000000000E+00
0.0000000000000000E+00
0.0000000000000000E+00
0.0000000000000000E+00
0.0000000000000000E+00
0.0000000000000000E+00
0.0000000000000000E+00
0.0000000000000000E+00
0.0000000000000000E+00
0.0000000000000000E+00
0.0000000000000000E+00
0.0000000000000000E+00
0.0000000000000000E+00
-1.5000000000000077E-01
-1.5000000000000055E-01
-1.5000000000000066E-01
-1.5000000000000088E-01
-1.5000000000000080E-01
-1.5000000000000044E-01
-1.5000000000000072E-01
-1.5000000000000122E-01
-1.5000000000000049E-01
-1.5000000000000149E-01
-1.5000000000000099E-01
-1.5000000000000085E-01
-1.5000000000000122E-01
-1.5000000000000013E-01
-1.5000000000000030E-01
-1.5000000000000074E-01
-1.4999999999999955E-01
-3.0000000000000104E-01
-3.0000000000000132E-01
-3.0000000000000121E-01
-3.0000000000000182E-01
-3.0000000000000165E-01
-3.0000000000000143E-01
-3.0000000000000127E-01
-3.0000000000000054E-01
-3.0000000000000066E-01
-3.0000000000000415E-01
-3.0000000000000304E-01
-3.0000000000000177E-01
-2.9999999999999971E-01
-3.0000000000000182E-01
-2.9999999999999954E-01
-3.0000000000000093E-01
-3.0000000000000165E-01
-4.5000000000000229E-01
-4.5000000000000179E-01
-4.5000000000000201E-01
-4.5000000000000306E-01
-4.5000000000000262E-01
-4.5000000000000329E-01
-4.5000000000000279E-01
-4.5000000000000184E-01
-4.5000000000000151E-01
-4.5000000000000395E-01
-4.5000000000000312E-01
-4.5000000000000256E-01
-4.5000000000000129E-01
-4.5000000000000129E-01
-4.5000000000000046E-01
-4.5000000000000162E-01
-4.5000000000000373E-01
-6.0000000000000275E-01
-6.0000000000000264E-01
-6.0000000000000298E-01
-6.0000000000000298E-01
-6.0000000000000420E-01
-6.0000000000000386E-01
-6.0000000000000420E-01
-6.0000000000000331E-01
-6.0000000000000298E-01
-6.0000000000000309E-01
-6.0000000000000198E-01
-6.0000000000000275E-01
-6.0000000000000309E-01
-6.0000000000000231E-01
-6.0000000000000153E-01
-6.0000000000000264E-01
-6.0000000000000375E-01
-7.5000000000000300E-01
-7.5000000000000322E-01
-7.5000000000000333E-01
-7.5000000000000389E-01
-7.5000000000000455E-01
-7.5000000000000511E-01
-7.5000000000000422E-01
-7.5000000000000411E-01
-7.5000000000000688E-01
-7.5000000000000422E-01
-7.5000000000000377E-01
-7.5000000000000322E-01
-7.5000000000000311E-01
-7.5000000000000444E-01
-7.5000000000000311E-01
-7.5000000000000344E-01
-7.5000000000000167E-01
-9.0000000000000291E-01
-9.0000000000000424E-01
-9.0000000000000269E-01
-9.0000000000000446E-01
-9.0000000000000502E-01
-9.0000000000000380E-01
-9.0000000000000424E-01
-9.0000000000000613E-01
-9.0000000000000635E-01
-9.0000000000000635E-01
-9.0000000000000457E-01
-9.0000000000000446E-01
-9.0000000000000491E-01
-9.0000000000000513E-01
-9.0000000000000546E-01
-9.0000000000000235E-01
-9.0000000000000180E-01
-1.0500000000000052E+00
-1.0500000000000023E+00
-1.0500000000000032E+00
-1.0500000000000043E+00
-1.0500000000000047E+00
-1.0500000000000038E+00
-1.0500000000000056E+00
-1.0500000000000056E+00
-1.0500000000000054E+00
-1.0500000000000060E+00
-1.0500000000000069E+00
-1.0500000000000067E+00
-1.0500000000000069E+00
-1.0500000000000060E+00
-1.0500000000000032E+00
-1.0500000000000045E+00
-1.0500000000000058E+00
-1.2000000000000053E+00
-1.2000000000000035E+00
-1.2000000000000031E+00
-1.2000000000000033E+00
-1.2000000000000053E+00
-1.2000000000000051E+00
-1.2000000000000048E+00
-1.2000000000000062E+00
-1.2000000000000044E+00
-1.2000000000000075E+00
-1.2000000000000079E+00
-1.2000000000000086E+00
-1.2000000000000066E+00
-1.2000000000000062E+00
-1.2000000000000055E+00
-1.2000000000000064E+00
-1.2000000000000075E+00
-1.3500000000000048E+00
-1.3500000000000036E+00
-1.3500000000000032E+00
-1.3500000000000043E+00
-1.3500000000000045E+00
-1.3500000000000032E+00
-1.3500000000000056E+00
-1.3500000000000050E+00
-1.3500000000000076E+00
-1.3500000000000092E+00
-1.3500000000000092E+00
-1.3500000000000101E+00
-1.3500000000000068E+00
-1.3500000000000081E+00
-1.3500000000000059E+00
-1.3500000000000090E+00
-1.3500000000000105E+00
-1.5000000000000058E+00
-1.5000000000000033E+00
-1.5000000000000036E+00
-1.5000000000000040E+00
-1.5000000000000053E+00
-1.5000000000000033E+00
-1.5000000000000060E+00
-1.5000000000000082E+00
-1.5000000000000053E+00
-1.5000000000000111E+00
-1.5000000000000107E+00
-1.5000000000000111E+00
-1.5000000000000091E+00
-1.5000000000000102E+00
-1.5000000000000098E+00
-1.5000000000000100E+00
-1.5000000000000138E+00
-1.6500000000000064E+00
-1.6500000000000046E+00
-1.6500000000000028E+00
-1.6500000000000028E+00
-1.6500000000000059E+00
-1.6500000000000061E+00
-1.6500000000000061E+00
-1.6500000000000070E+00
-1.6500000000000075E+00
-1.6500000000000117E+00
-1.6500000000000128E+00
-1.6500000000000099E+00
-1.6500000000000119E+00
-1.6500000000000139E+00
-1.6500000000000108E+00
-1.6500000000000126E+00
-1.6500000000000177E+00
-1.8000000000000056E+00
-1.8000000000000074E+00
-1.8000000000000027E+00
-1.8000000000000027E+00
-1.8000000000000074E+00
-1.8000000000000067E+00
-1.8000000000000069E+00
-1.8000000000000067E+00
-1.8000000000000087E+00
-1.8000000000000098E+00
-1.8000000000000123E+00
-1.8000000000000114E+00
-1.8000000000000125E+00
-1.8000000000000151E+00
-1.8000000000000125E+00
-1.8000000000000158E+00
-1.8000000000000203E+00
0.0000000000000000E+00
0.0000000000000000E+00
0.0000000000000000E+00
0.0000000000000000E+00
0.0000000000000000E+00
0.0000000000000000E+00
0.0000000000000000E+00
0.0000000000000000E+00
0.0000000000000000E+00
0.0000000000000000E+00
0.0000000000000000E+00
0.0000000000000000E+00
0.0000000000000000E+00
0.0000000000000000E+00
0.0000000000000000E+00
0.0000000000000000E+00
0.0000000000000000E+00
-1.5000000000000069E-01
-1.5000000000000072E-01
-1.5000000000000085E-01
-1.5000000000000102E-01
-1.5000000000000063E-01
-1.5000000000000055E-01
-1.4999999999999963E-01
-1.4999999999999980E-01
-1.5000000000000024E-01
-1.5000000000000174E-01
-1.5000000000000055E-01
-1.5000000000000160E-01
-1.4999999999999983E-01
-1.5000000000000044E-01
-1.4999999999999875E-01
-1.5000000000000016E-01
-1.5000000000000177E-01
-3.0000000000000154E-01
-3.0000000000000127E-01
-3.0000000000000199E-01
-3.0000000000000204E-01
-3.0000000000000154E-01
-3.0000000000000093E-01
-3.0000000000000043E-01
-2.9999999999999982E-01
-3.0000000000000304E-01
-3.0000000000000304E-01
-3.0000000000000243E-01
-3.0000000000000177E-01
-3.0000000000000038E-01
-2.9999999999999954E-01
-3.0000000000000021E-01
-3.0000000000000099E-01
-3.0000000000000232E-01
-4.5000000000000173E-01
-4.5000000000000223E-01
-4.5000000000000251E-01
-4.5000000000000329E-01
-4.5000000000000273E-01
-4.5000000000000251E-01
-4.5000000000000290E-01
-4.5000000000000207E-01
-4.5000000000000329E-01
-4.5000000000000384E-01
-4.5000000000000429E-01
-4.5000000000000184E-01
-4.5000000000000057E-01
-4.5000000000000012E-01
-4.5000000000000107E-01
-4.5000000000000129E-01
-4.5000000000000079E-01
-6.0000000000000264E-01
-6.0000000000000286E-01
-6.0000000000000353E-01
-6.0000000000000353E-01
-6.0000000000000409E-01
-6.0000000000000475E-01
-6.0000000000000420E-01
-6.0000000000000508E-01
-6.0000000000000386E-01
-6.0000000000000353E-01
-6.0000000000000309E-01
-6.0000000000000242E-01
-6.0000000000000131E-01
-6.0000000000000175E-01
-6.0000000000000020E-01
-6.0000000000000142E-01
-6.0000000000000142E-01
-7.5000000000000333E-01
-7.5000000000000377E-01
-7.5000000000000366E-01
-7.5000000000000344E-01
-7.5000000000000488E-01
-7.5000000000000633E-01
-7.5000000000000477E-01
-7.5000000000000577E-01
-7.5000000000000477E-01
-7.5000000000000500E-01
-7.5000000000000344E-01
-7.5000000000000366E-01
-7.5000000000000255E-01
-7.5000000000000333E-01
-7.5000000000000144E-01
-7.5000000000000122E-01
-7.5000000000000211E-01
-9.0000000000000313E-01
-9.0000000000000457E-01
-9.0000000000000380E-01
-9.0000000000000357E-01
-9.0000000000000391E-01
-9.0000000000000480E-01
-9.0000000000000613E-01
-9.0000000000000491E-01
-9.0000000000000546E-01
-9.0000000000000857E-01
-9.0000000000000469E-01
-9.0000000000000513E-01
-9.0000000000000469E-01
-9.0000000000000491E-01
-9.0000000000000113E-01
-9.0000000000000391E-01
-9.0000000000000369E-01
-1.0500000000000036E+00
-1.0500000000000036E+00
-1.0500000000000040E+00
-1.0500000000000032E+00
-1.0500000000000047E+00
-1.0500000000000040E+00
-1.0500000000000043E+00
-1.0500000000000049E+00
-1.0500000000000038E+00
-1.0500000000000091E+00
-1.0500000000000069E+00
-1.0500000000000076E+00
-1.0500000000000052E+00
-1.0500000000000040E+00
-1.0500000000000036E+00
-1.0500000000000027E+00
-1.0500000000000034E+00
-1.2000000000000026E+00
-1.2000000000000033E+00
-1.2000000000000022E+00
-1.2000000000000033E+00
-1.2000000000000033E+00
-1.2000000000000046E+00
-1.2000000000000046E+00
-1.2000000000000055E+00
-1.2000000000000033E+00
-1.2000000000000071E+00
-1.2000000000000082E+00
-1.2000000000000084E+00
-1.2000000000000057E+00
-1.2000000000000062E+00
-1.2000000000000048E+00
-1.2000000000000040E+00
-1.2000000000000088E+00
-1.3500000000000039E+00
-1.3500000000000019E+00
-1.3500000000000041E+00
-1.3500000000000041E+00
-1.3500000000000043E+00
-1.3500000000000054E+00
-1.3500000000000048E+00
-1.3500000000000054E+00
-1.3500000000000052E+00
-1.3500000000000076E+00
-1.3500000000000112E+00
-1.3500000000000099E+00
-1.3500000000000083E+00
-1.3500000000000059E+00
-1.3500000000000059E+00
-1.3500000000000087E+00
-1.3500000000000096E+00
-1.5000000000000031E+00
-1.5000000000000038E+00
-1.5000000000000031E+00
-1.5000000000000031E+00
-1.5000000000000053E+00
-1.5000000000000049E+00
-1.5000000000000044E+00
-1.5000000000000033E+00
-1.5000000000000062E+00
-1.5000000000000073E+00
-1.5000000000000098E+00
-1.5000000000000093E+00
-1.5000000000000107E+00
-1.5000000000000107E+00
-1.5000000000000064E+00
-1.5000000000000095E+00
-1.5000000000000113E+00
-1.6500000000000037E+00
-1.6500000000000032E+00
-1.6500000000000035E+00
-1.6500000000000030E+00
-1.6500000000000046E+00
-1.6500000000000048E+00
-1.6500000000000044E+00
-1.6500000000000050E+00
-1.6500000000000039E+00
-1.6500000000000095E+00
-1.6500000000000083E+00
-1.6500000000000121E+00
-1.6500000000000132E+00
-1.6500000000000132E+00
-1.6500000000000112E+00
-1.6500000000000119E+00
-1.6500000000000135E+00
-1.8000000000000027E+00
-1.8000000000000040E+00
-1.8000000000000036E+00
-1.8000000000000020E+00
-1.8000000000000047E+00
-1.8000000000000032E+00
-1.8000000000000038E+00
-1.8000000000000036E+00
-1.8000000000000089E+00
-1.8000000000000103E+00
-1.8000000000000085E+00
-1.8000000000000089E+00
-1.8000000000000143E+00
-1.8000000000000149E+00
-1.8000000000000125E+00
-1.8000000000000147E+00
-1.8000000000000174E+00
0.0000000000000000E+00
0.0000000000000000E+00
0.0000000000000000E+00
0.0000000000000000E+00
0.0000000000000000E+00
0.0000000000000000E+00
0.0000000000000000E+00
0.0000000000000000E+00
0.0000000000000000E+00
0.0000000000000000E+00
0.0000000000000000E+00
0.0000000000000000E+00
0.0000000000000000E+00
0.0000000000000000E+00
0.0000000000000000E+00
0.0000000000000000E+00
0.0000000000000000E+00
-1.5000000000000091E-01
-1.5000000000000097E-01
-1.5000000000000102E-01
-1.5000000000000105E-01
-1.5000000000000102E-01
-1.5000000000000058E-01
-1.5000000000000030E-01
-1.5000000000000049E-01
-1.5000000000000127E-01
-1.5000000000000141E-01
-1.5000000000000058E-01
-1.5000000000000094E-01
-1.4999999999999963E-01
-1.5000000000000030E-01
-1.4999999999999913E-01
-1.5000000000000052E-01
-1.5000000000000177E-01
-3.0000000000000165E-01
-3.0000000000000171E-01
-3.0000000000000143E-01
-3.0000000000000215E-01
-3.0000000000000215E-01
-3.0000000000000154E-01
-3.0000000000000066E-01
-3.0000000000000154E-01
-3.0000000000000177E-01
-3.0000000000000343E-01
-3.0000000000000243E-01
-3.0000000000000082E-01
-3.0000000000000049E-01
-3.0000000000000054E-01
-2.9999999999999949E-01
-3.0000000000000016E-01
-3.0000000000000043E-01
-4.5000000000000212E-01
-4.5000000000000229E-01
-4.5000000000000273E-01
-4.5000000000000284E-01
-4.5000000000000323E-01
-4.5000000000000218E-01
-4.5000000000000301E-01
-4.5000000000000273E-01
-4.5000000000000323E-01
-4.5000000000000367E-01
-4.5000000000000290E-01
-4.5000000000000262E-01
-4.5000000000000107E-01
-4.4999999999999940E-01
-4.5000000000000029E-01
-4.4999999999999957E-01
-4.4999999999999984E-01
-6.0000000000000264E-01
-6.0000000000000298E-01
-6.0000000000000342E-01
-6.0000000000000375E-01
-6.0000000000000386E-01
-6.0000000000000409E-01
-6.0000000000000375E-01
-6.0000000000000320E-01
-6.0000000000000364E-01
-6.0000000000000475E-01
-6.0000000000000364E-01
-6.0000000000000331E-01
-6.0000000000000131E-01
-6.0000000000000131E-01
-5.9999999999999931E-01
-5.9999999999999987E-01
-5.9999999999999998E-01
-7.5000000000000333E-01
-7.5000000000000322E-01
-7.5000000000000444E-01
-7.5000000000000389E-01
-7.5000000000000600E-01
-7.5000000000000511E-01
-7.5000000000000355E-01
-7.5000000000000389E-01
-7.5000000000000555E-01
-7.5000000000000600E-01
-7.5000000000000477E-01
-7.5000000000000366E-01
-7.5000000000000300E-01
-7.5000000000000211E-01
-7.5000000000000089E-01
-7.5000000000000011E-01
-7.4999999999999889E-01
-9.0000000000000446E-01
-9.0000000000000346E-01
-9.0000000000000480E-01
-9.0000000000000369E-01
-9.0000000000000457E-01
-9.0000000000000602E-01
-9.0000000000000424E-01
-9.0000000000000457E-01
-9.0000000000000380E-01
-9.0000000000000546E-01
-9.0000000000000513E-01
-9.0000000000000646E-01
-9.0000000000000513E-01
-9.0000000000000169E-01
-9.0000000000000024E-01
-9.0000000000000169E-01
-9.0000000000000246E-01
-1.0500000000000043E+00
-1.0500000000000034E+00
-1.0500000000000040E+00
-1.0500000000000034E+00
-1.0500000000000038E+00
-1.0500000000000045E+00
-1.0500000000000040E+00
-1.0500000000000049E+00
-1.0500000000000049E+00
-1.0500000000000060E+00
-1.0500000000000065E+00
-1.0500000000000063E+00
-1.0500000000000032E+00
-1.0500000000000038E+00
-1.0500000000000025E+00
-1.0500000000000023E+00
-1.0500000000000040E+00
-1.2000000000000051E+00
-1.2000000000000031E+00
-1.2000000000000031E+00
-1.2000000000000040E+00
-1.2000000000000042E+00
-1.2000000000000037E+00
-1.2000000000000042E+00
-1.2000000000000040E+00
-1.2000000000000075E+00
-1.2000000000000071E+00
-1.2000000000000084E+00
-1.2000000000000095E+00
-1.2000000000000060E+00
-1.2000000000000033E+00
-1.2000000000000055E+00
-1.2000000000000042E+00
-1.2000000000000046E+00
-1.3500000000000039E+00
-1.3500000000000021E+00
-1.3500000000000036E+00
-1.3500000000000039E+00
-1.3500000000000043E+00
-1.3500000000000028E+00
-1.3500000000000030E+00
-1.3500000000000061E+00
-1.3500000000000065E+00
-1.3500000000000079E+00
-1.3500000000000079E+00
-1.3500000000000123E+00
-1.3500000000000076E+00
-1.3500000000000070E+00
-1.3500000000000050E+00
-1.3500000000000065E+00
-1.3500000000000085E+00
-1.5000000000000042E+00
-1.5000000000000024E+00
-1.5000000000000036E+00
-1.5000000000000029E+00
-1.5000000000000049E+00
-1.5000000000000062E+00
-1.5000000000000020E+00
-1.5000000000000047E+00
-1.5000000000000062E+00
-1.5000000000000058E+00
-1.5000000000000100E+00
-1.5000000000000109E+00
-1.5000000000000111E+00
-1.5000000000000089E+00
-1.5000000000000080E+00
-1.5000000000000091E+00
-1.5000000000000095E+00
-1.6500000000000037E+00
-1.6500000000000026E+00
-1.6500000000000032E+00
-1.6500000000000041E+00
-1.6500000000000050E+00
-1.6500000000000035E+00
-1.6500000000000035E+00
-1.6500000000000028E+00
-1.6500000000000032E+00
-1.6500000000000070E+00
-1.6500000000000101E+00
-1.6500000000000103E+00
-1.6500000000000121E+00
-1.6500000000000137E+00
-1.6500000000000097E+00
-1.6500000000000119E+00
-1.6500000000000117E+00
-1.8000000000000038E+00
-1.8000000000000040E+00
-1.8000000000000047E+00
-1.8000000000000036E+00
-1.8000000000000043E+00
-1.8000000000000036E+00
-1.8000000000000023E+00
-1.8000000000000025E+00
-1.8000000000000025E+00
-1.8000000000000085E+00
-1.8000000000000118E+00
-1.8000000000000123E+00
-1.8000000000000136E+00
-1.8000000000000134E+00
-1.8000000000000125E+00
-1.8000000000000131E+00
-1.8000000000000171E+00
0.0000000000000000E+00
0.0000000000000000E+00
0.0000000000000000E+00
0.0000000000000000E+00
0.0000000000000000E+00
0.0000000000000000E+00
0.0000000000000000E+00
0.0000000000000000E+00
0.0000000000000000E+00
0.0000000000000000E+00
0.0000000000000000E+00
0.0000000000000000E+00
0.0000000000000000E+00
0.0000000000000000E+00
0.0000000000000000E+00
0.0000000000000000E+00
0.0000000000000000E+00
-1.5000000000000138E-01
-1.5000000000000083E-01
-1.5000000000000077E-01
-1.5000000000000066E-01
-1.5000000000000119E-01
-1.5000000000000074E-01
-1.4999999999999916E-01
-1.4999999999999958E-01
-1.5000000000000052E-01
-1.5000000000000069E-01
-1.5000000000000066E-01
-1.5000000000000019E-01
-1.5000000000000041E-01
-1.4999999999999872E-01
-1.5000000000000055E-01
-1.5000000000000055E-01
-1.5000000000000438E-01
-3.0000000000000215E-01
-3.0000000000000221E-01
-3.0000000000000177E-01
-3.0000000000000138E-01
-3.0000000000000349E-01
-3.0000000000000199E-01
-2.9999999999999954E-01
-3.0000000000000149E-01
-3.0000000000000276E-01
-3.0000000000000265E-01
-3.0000000000000154E-01
-3.0000000000000060E-01
-3.0000000000000160E-01
-3.0000000000000038E-01
-3.0000000000000021E-01
-2.9999999999999816E-01
-3.0000000000000099E-01
-4.5000000000000256E-01
-4.5000000000000423E-01
-4.5000000000000223E-01
-4.5000000000000379E-01
-4.5000000000000379E-01
-4.5000000000000273E-01
-4.5000000000000062E-01
-4.5000000000000345E-01
-4.5000000000000301E-01
-4.5000000000000351E-01
-4.5000000000000301E-01
-4.5000000000000179E-01
-4.5000000000000151E-01
-4.5000000000000046E-01
-4.4999999999999873E-01
-4.4999999999999996E-01
-4.4999999999999862E-01
-6.0000000000000431E-01
-6.0000000000000375E-01
-6.0000000000000375E-01
-6.0000000000000386E-01
-6.0000000000000453E-01
-6.0000000000000375E-01
-6.0000000000000286E-01
-6.0000000000000409E-01
-6.0000000000000342E-01
-6.0000000000000375E-01
-6.0000000000000453E-01
-6.0000000000000442E-01
-6.0000000000000098E-01
-6.0000000000000042E-01
-6.0000000000000042E-01
-5.9999999999999931E-01
-5.9999999999999853E-01
-7.5000000000000389E-01
-7.5000000000000289E-01
-7.5000000000000322E-01
-7.5000000000000411E-01
-7.5000000000000666E-01
-7.5000000000000722E-01
-7.5000000000000566E-01
-7.5000000000000222E-01
-7.5000000000000278E-01
-7.5000000000000511E-01
-7.5000000000000488E-01
-7.5000000000000422E-01
-7.5000000000000255E-01
-7.5000000000000289E-01
-7.5000000000000089E-01
-7.4999999999999856E-01
-7.4999999999999534E-01
-9.0000000000000635E-01
-9.0000000000000391E-01
-9.0000000000000269E-01
-9.0000000000000413E-01
-9.0000000000000802E-01
-9.0000000000000480E-01
-9.0000000000000635E-01
-9.0000000000000202E-01
-9.0000000000000224E-01
-9.0000000000000524E-01
-9.0000000000000746E-01
-9.0000000000000446E-01
-9.0000000000000491E-01
-9.0000000000000324E-01
-8.9999999999999936E-01
-8.9999999999999969E-01
-9.0000000000000180E-01
-1.0500000000000043E+00
-1.0500000000000027E+00
-1.0500000000000027E+00
-1.0500000000000071E+00
-1.0500000000000056E+00
-1.0500000000000045E+00
-1.0500000000000045E+00
-1.0499999999999998E+00
-1.0500000000000025E+00
-1.0500000000000054E+00
-1.0500000000000080E+00
-1.0500000000000054E+00
-1.0500000000000060E+00
-1.0500000000000043E+00
-1.0500000000000018E+00
-1.0500000000000007E+00
-1.0500000000000025E+00
-1.2000000000000031E+00
-1.2000000000000035E+00
-1.2000000000000033E+00
-1.2000000000000055E+00
-1.2000000000000079E+00
-1.2000000000000011E+00
-1.2000000000000000E+00
-1.2000000000000008E+00
-1.2000000000000046E+00
-1.2000000000000066E+00
-1.2000000000000060E+00
-1.2000000000000057E+00
-1.2000000000000060E+00
-1.2000000000000044E+00
-1.2000000000000026E+00
-1.2000000000000022E+00
-1.2000000000000048E+00
-1.3500000000000081E+00
-1.3500000000000050E+00
-1.3500000000000036E+00
-1.3500000000000032E+00
-1.3500000000000065E+00
-1.3500000000000025E+00
-1.3499999999999992E+00
-1.3500000000000030E+00
-1.3500000000000050E+00
-1.3500000000000065E+00
-1.3500000000000061E+00
-1.3500000000000079E+00
-1.3500000000000052E+00
-1.3500000000000045E+00
-1.3500000000000054E+00
-1.3500000000000048E+00
-1.3500000000000065E+00
-1.5000000000000042E+00
-1.5000000000000047E+00
-1.4999999999999984E+00
-1.5000000000000029E+00
-1.5000000000000056E+00
-1.5000000000000024E+00
-1.5000000000000053E+00
-1.5000000000000002E+00
-1.5000000000000042E+00
-1.5000000000000069E+00
-1.5000000000000062E+00
-1.5000000000000073E+00
-1.5000000000000071E+00
-1.5000000000000062E+00
-1.5000000000000067E+00
-1.5000000000000089E+00
-1.5000000000000067E+00
-1.6500000000000019E+00
-1.6500000000000035E+00
-1.6500000000000021E+00
-1.6500000000000064E+00
-1.6500000000000075E+00
-1.6500000000000070E+00
-1.6499999999999957E+00
-1.6500000000000019E+00
-1.6500000000000030E+00
-1.6500000000000059E+00
-1.6500000000000068E+00
-1.6500000000000097E+00
-1.6500000000000101E+00
-1.6500000000000081E+00
-1.6500000000000083E+00
-1.6500000000000101E+00
-1.6500000000000130E+00
-1.8000000000000014E+00
-1.8000000000000040E+00
-1.8000000000000045E+00
-1.8000000000000045E+00
-1.8000000000000080E+00
-1.8000000000000054E+00
-1.7999999999999945E+00
-1.8000000000000054E+00
-1.8000000000000047E+00
-1.8000000000000056E+00
-1.8000000000000069E+00
-1.8000000000000083E+00
-1.8000000000000111E+00
-1.8000000000000109E+00
-1.8000000000000089E+00
-1.8000000000000143E+00
-1.8000000000000145E+00
0.0000000000000000E+00
0.0000000000000000E+00
0.0000000000000000E+00
0.0000000000000000E+00
0.0000000000000000E+00
0.0000000000000000E+00
0.0000000000000000E+00
0.0000000000000000E+00
0.0000000000000000E+00
0.0000000000000000E+00
0.0000000000000000E+00
0.0000000000000000E+00
0.0000000000000000E+00
0.0000000000000000E+00
0.0000000000000000E+00
0.0000000000000000E+00
0.0000000000000000E+00
-1.5000000000000097E-01
-1.5000000000000113E-01
-1.5000000000000110E-01
-1.5000000000000085E-01
-1.5000000000000088E-01
-1.5000000000000108E-01
-1.5000000000000099E-01
-1.5000000000000063E-01
-1.5000000000000036E-01
-1.5000000000000191E-01
-1.5000000000000138E-01
-1.4999999999999988E-01
-1.5000000000000147E-01
-1.4999999999999947E-01
-1.4999999999999891E-01
-1.4999999999999980E-01
-1.5000000000000130E-01
-3.0000000000000226E-01
-3.0000000000000232E-01
-3.0000000000000221E-01
-3.0000000000000199E-01
-3.0000000000000171E-01
-3.0000000000000199E-01
-3.0000000000000099E-01
-3.0000000000000066E-01
-3.0000000000000160E-01
-3.0000000000000226E-01
-3.0000000000000232E-01
-3.0000000000000299E-01
-3.0000000000000121E-01
-2.9999999999999843E-01
-2.9999999999999899E-01
-3.0000000000000010E-01
-3.0000000000000071E-01
-4.5000000000000367E-01
-4.5000000000000318E-01
-4.5000000000000290E-01
-4.5000000000000306E-01
-4.5000000000000362E-01
-4.5000000000000245E-01
-4.5000000000000134E-01
-4.5000000000000301E-01
-4.5000000000000245E-01
-4.5000000000000290E-01
-4.5000000000000318E-01
-4.5000000000000445E-01
-4.5000000000000162E-01
-4.4999999999999951E-01
-4.4999999999999923E-01
-4.4999999999999896E-01
-4.4999999999999940E-01
-6.0000000000000375E-01
-6.0000000000000386E-01
-6.0000000000000320E-01
-6.0000000000000486E-01
-6.0000000000000442E-01
-6.0000000000000420E-01
-6.0000000000000353E-01
-6.0000000000000331E-01
-6.0000000000000431E-01
-6.0000000000000364E-01
-6.0000000000000364E-01
-6.0000000000000386E-01
-6.0000000000000242E-01
-6.0000000000000220E-01
-5.9999999999999831E-01
-5.9999999999999809E-01
-5.9999999999999887E-01
-7.5000000000000389E-01
-7.5000000000000422E-01
-7.5000000000000477E-01
-7.5000000000000488E-01
-7.5000000000000466E-01
-7.5000000000000500E-01
-7.5000000000000389E-01
-7.5000000000000333E-01
-7.5000000000000611E-01
-7.5000000000000500E-01
-7.5000000000000400E-01
-7.5000000000000411E-01
-7.5000000000000400E-01
-7.5000000000000189E-01
-7.4999999999999933E-01
-7.4999999999999811E-01
-7.4999999999999800E-01
-9.0000000000000413E-01
-9.0000000000000280E-01
-9.0000000000000546E-01
-9.0000000000000624E-01
-9.0000000000000457E-01
-9.0000000000000457E-01
-9.0000000000000302E-01
-9.0000000000000591E-01
-9.0000000000000713E-01
-9.0000000000000535E-01
-9.0000000000000602E-01
-9.0000000000000613E-01
-9.0000000000000224E-01
-9.0000000000000169E-01
-9.0000000000000102E-01
-8.9999999999999991E-01
-8.9999999999999802E-01
-1.0500000000000040E+00
-1.0500000000000034E+00
-1.0500000000000047E+00
-1.0500000000000045E+00
-1.0500000000000058E+00
-1.0500000000000043E+00
-1.0500000000000038E+00
-1.0500000000000047E+00
-1.0500000000000076E+00
-1.0500000000000065E+00
-1.0500000000000063E+00
-1.0500000000000052E+00
-1.0500000000000025E+00
-1.0500000000000036E+00
-1.0500000000000025E+00
-1.0500000000000000E+00
-1.0500000000000014E+00
-1.2000000000000037E+00
-1.2000000000000026E+00
-1.2000000000000035E+00
-1.2000000000000033E+00
-1.2000000000000037E+00
-1.2000000000000044E+00
-1.2000000000000035E+00
-1.2000000000000028E+00
-1.2000000000000062E+00
-1.2000000000000066E+00
-1.2000000000000082E+00
-1.2000000000000053E+00
-1.2000000000000042E+00
-1.2000000000000048E+00
-1.2000000000000033E+00
-1.2000000000000017E+00
-1.2000000000000020E+00
-1.3500000000000045E+00
-1.3500000000000032E+00
-1.3500000000000032E+00
-1.3500000000000030E+00
-1.3500000000000041E+00
-1.3500000000000043E+00
-1.3500000000000041E+00
-1.3500000000000023E+00
-1.3500000000000039E+00
-1.3500000000000068E+00
-1.3500000000000094E+00
-1.3500000000000074E+00
-1.3500000000000065E+00
-1.3500000000000068E+00
-1.3500000000000043E+00
-1.3500000000000045E+00
-1.3500000000000054E+00
-1.5000000000000040E+00
-1.5000000000000042E+00
-1.5000000000000038E+00
-1.5000000000000038E+00
-1.5000000000000049E+00
-1.5000000000000036E+00
-1.5000000000000022E+00
-1.5000000000000044E+00
-1.5000000000000020E+00
-1.5000000000000056E+00
-1.5000000000000058E+00
-1.5000000000000082E+00
-1.5000000000000073E+00
-1.5000000000000075E+00
-1.5000000000000073E+00
-1.5000000000000056E+00
-1.5000000000000075E+00
-1.6500000000000032E+00
-1.6500000000000037E+00
-1.6500000000000039E+00
-1.6500000000000037E+00
-1.6500000000000041E+00
-1.6500000000000046E+00
-1.6500000000000030E+00
-1.6500000000000032E+00
-1.6500000000000028E+00
-1.6500000000000090E+00
-1.6500000000000064E+00
-1.6500000000000075E+00
-1.6500000000000072E+00
-1.6500000000000081E+00
-1.6500000000000061E+00
-1.6500000000000097E+00
-1.6500000000000101E+00
-1.8000000000000038E+00
-1.8000000000000029E+00
-1.8000000000000047E+00
-1.8000000000000029E+00
-1.8000000000000047E+00
-1.8000000000000047E+00
-1.8000000000000043E+00
-1.8000000000000009E+00
-1.8000000000000100E+00
-1.8000000000000094E+00
-1.8000000000000080E+00
-1.8000000000000076E+00
-1.8000000000000067E+00
-1.8000000000000067E+00
-1.8000000000000063E+00
-1.8000000000000107E+00
-1.8000000000000165E+00
0.0000000000000000E+00
0.0000000000000000E+00
0.0000000000000000E+00
0.0000000000000000E+00
0.0000000000000000E+00
0.0000000000000000E+00
0.0000000000000000E+00
0.0000000000000000E+00
0.0000000000000000E+00
0.0000000000000000E+00
0.0000000000000000E+00
0.0000000000000000E+00
0.0000000000000000E+00
0.0000000000000000E+00
0.0000000000000000E+00
0.0000000000000000E+00
0.0000000000000000E+00
-1.5000000000000124E-01
-1.5000000000000099E-01
-1.5000000000000069E-01
-1.5000000000000080E-01
-1.5000000000000099E-01
-1.5000000000000080E-01
-1.5000000000000069E-01
-1.5000000000000094E-01
-1.5000000000000052E-01
-1.5000000000000221E-01
-1.5000000000000191E-01
-1.5000000000000066E-01
-1.4999999999999958E-01
-1.4999999999999983E-01
-1.4999999999999938E-01
-1.5000000000000019E-01
-1.4999999999999958E-01
-3.0000000000000226E-01
-3.0000000000000160E-01
-3.0000000000000210E-01
-3.0000000000000149E-01
-3.0000000000000154E-01
-3.0000000000000171E-01
-3.0000000000000143E-01
-3.0000000000000177E-01
-3.0000000000000199E-01
-3.0000000000000243E-01
-3.0000000000000193E-01
-3.0000000000000115E-01
-3.0000000000000066E-01
-2.9999999999999916E-01
-2.9999999999999954E-01
-3.0000000000000066E-01
-2.9999999999999938E-01
-4.5000000000000279E-01
-4.5000000000000290E-01
-4.5000000000000251E-01
-4.5000000000000218E-01
-4.5000000000000251E-01
-4.5000000000000323E-01
-4.5000000000000190E-01
-4.5000000000000262E-01
-4.5000000000000467E-01
-4.5000000000000367E-01
-4.5000000000000245E-01
-4.5000000000000251E-01
-4.5000000000000012E-01
-4.4999999999999962E-01
-4.4999999999999907E-01
-4.4999999999999879E-01
-4.4999999999999951E-01
-6.0000000000000397E-01
-6.0000000000000286E-01
-6.0000000000000342E-01
-6.0000000000000331E-01
-6.0000000000000364E-01
-6.0000000000000353E-01
-6.0000000000000253E-01
-6.0000000000000286E-01
-6.0000000000000431E-01
-6.0000000000000386E-01
-6.0000000000000353E-01
-6.0000000000000286E-01
-6.0000000000000187E-01
-6.0000000000000009E-01
-5.9999999999999865E-01
-5.9999999999999887E-01
-5.9999999999999909E-01
-7.5000000000000411E-01
-7.5000000000000322E-01
-7.5000000000000411E-01
-7.5000000000000477E-01
-7.5000000000000544E-01
-7.5000000000000366E-01
-7.5000000000000300E-01
-7.5000000000000366E-01
-7.5000000000000400E-01
-7.5000000000000411E-01
-7.5000000000000422E-01
-7.5000000000000300E-01
-7.5000000000000255E-01
-7.4999999999999967E-01
-7.4999999999999922E-01
-7.4999999999999922E-01
-7.4999999999999989E-01
-9.0000000000000413E-01
-9.0000000000000357E-01
-9.0000000000000457E-01
-9.0000000000000469E-01
-9.0000000000000402E-01
-9.0000000000000269E-01
-9.0000000000000302E-01
-9.0000000000000380E-01
-9.0000000000000435E-01
-9.0000000000000469E-01
-9.0000000000000668E-01
-9.0000000000000191E-01
-9.0000000000000291E-01
-9.0000000000000069E-01
-8.9999999999999936E-01
-8.9999999999999802E-01
-8.9999999999999869E-01
-1.0500000000000034E+00
-1.0500000000000029E+00
-1.0500000000000043E+00
-1.0500000000000034E+00
-1.0500000000000054E+00
-1.0500000000000043E+00
-1.0500000000000047E+00
-1.0500000000000025E+00
-1.0500000000000071E+00
-1.0500000000000052E+00
-1.0500000000000060E+00
-1.0500000000000036E+00
-1.0500000000000038E+00
-1.0500000000000034E+00
-1.0500000000000003E+00
-1.0499999999999989E+00
-1.0499999999999980E+00
-1.2000000000000044E+00
-1.2000000000000031E+00
-1.2000000000000035E+00
-1.2000000000000031E+00
-1.2000000000000040E+00
-1.2000000000000035E+00
-1.2000000000000040E+00
-1.2000000000000024E+00
-1.2000000000000042E+00
-1.2000000000000068E+00
-1.2000000000000064E+00
-1.2000000000000057E+00
-1.2000000000000042E+00
-1.2000000000000048E+00
-1.2000000000000031E+00
-1.2000000000000004E+00
-1.1999999999999986E+00
-1.3500000000000048E+00
-1.3500000000000039E+00
-1.3500000000000032E+00
-1.3500000000000041E+00
-1.3500000000000039E+00
-1.3500000000000043E+00
-1.3500000000000048E+00
-1.3500000000000030E+00
-1.3500000000000028E+00
-1.3500000000000061E+00
-1.3500000000000070E+00
-1.3500000000000079E+00
-1.3500000000000081E+00
-1.3500000000000050E+00
-1.3500000000000050E+00
-1.3500000000000030E+00
-1.3500000000000021E+00
-1.5000000000000053E+00
-1.5000000000000033E+00
-1.5000000000000031E+00
-1.5000000000000053E+00
-1.5000000000000040E+00
-1.5000000000000047E+00
-1.5000000000000029E+00
-1.5000000000000040E+00
-1.5000000000000047E+00
-1.5000000000000071E+00
-1.5000000000000084E+00
-1.5000000000000047E+00
-1.5000000000000069E+00
-1.5000000000000098E+00
-1.5000000000000058E+00
-1.5000000000000042E+00
-1.5000000000000047E+00
-1.6500000000000044E+00
-1.6500000000000035E+00
-1.6500000000000039E+00
-1.6500000000000039E+00
-1.6500000000000028E+00
-1.6500000000000039E+00
-1.6500000000000041E+00
-1.6500000000000061E+00
-1.6500000000000079E+00
-1.6500000000000055E+00
-1.6500000000000057E+00
-1.6500000000000044E+00
-1.6500000000000081E+00
-1.6500000000000075E+00
-1.6500000000000068E+00
-1.6500000000000061E+00
-1.6500000000000077E+00
-1.8000000000000034E+00
-1.8000000000000049E+00
-1.8000000000000032E+00
-1.8000000000000038E+00
-1.8000000000000016E+00
-1.8000000000000034E+00
-1.8000000000000056E+00
-1.8000000000000078E+00
-1.8000000000000069E+00
-1.8000000000000069E+00
-1.8000000000000056E+00
-1.8000000000000080E+00
-1.8000000000000071E+00
-1.8000000000000074E+00
-1.8000000000000067E+00
-1.8000000000000083E+00
-1.8000000000000111E+00
0.0000000000000000E+00
0.0000000000000000E+00
0.0000000000000000E+00
0.0000000000000000E+00
0.0000000000000000E+00
0.0000000000000000E+00
0.0000000000000000E+00
0.0000000000000000E+00
0.0000000000000000E+00
0.0000000000000000E+00
0.0000000000000000E+00
0.0000000000000000E+00
0.0000000000000000E+00
0.0000000000000000E+00
0.0000000000000000E+00
0.0000000000000000E+00
0.0000000000000000E+00
-1.5000000000000074E-01
-1.5000000000000097E-01
-1.5000000000000052E-01
-1.5000000000000058E-01
-1.5000000000000127E-01
-1.5000000000000110E-01
-1.5000000000000127E-01
-1.5000000000000085E-01
-1.5000000000000008E-01
-1.5000000000000155E-01
-1.5000000000000141E-01
-1.5000000000000011E-01
-1.5000000000000088E-01
-1.5000000000000019E-01
-1.4999999999999944E-01
-1.4999999999999925E-01
-1.5000000000000246E-01
-3.0000000000000177E-01
-3.0000000000000188E-01
-3.0000000000000054E-01
-3.0000000000000188E-01
-3.0000000000000149E-01
-3.0000000000000210E-01
-3.0000000000000232E-01
-3.0000000000000160E-01
-3.0000000000000282E-01
-3.0000000000000249E-01
-3.0000000000000226E-01
-3.0000000000000199E-01
-3.0000000000000010E-01
-3.0000000000000032E-01
-2.9999999999999888E-01
-2.9999999999999993E-01
-3.0000000000000049E-01
-4.5000000000000273E-01
-4.5000000000000306E-01
-4.5000000000000245E-01
-4.5000000000000290E-01
-4.5000000000000251E-01
-4.5000000000000229E-01
-4.5000000000000207E-01
-4.5000000000000306E-01
-4.5000000000000429E-01
-4.5000000000000312E-01
-4.5000000000000279E-01
-4.5000000000000223E-01
-4.5000000000000151E-01
-4.5000000000000051E-01
-4.4999999999999923E-01
-4.4999999999999934E-01
-4.4999999999999912E-01
-6.0000000000000364E-01
-6.0000000000000375E-01
-6.0000000000000353E-01
-6.0000000000000298E-01
-6.0000000000000298E-01
-6.0000000000000342E-01
-6.0000000000000298E-01
-6.0000000000000375E-01
-6.0000000000000464E-01
-6.0000000000000442E-01
-6.0000000000000364E-01
-6.0000000000000220E-01
-6.0000000000000031E-01
-6.0000000000000120E-01
-5.9999999999999809E-01
-5.9999999999999754E-01
-6.0000000000000187E-01
-7.5000000000000488E-01
-7.5000000000000433E-01
-7.5000000000000366E-01
-7.5000000000000289E-01
-7.5000000000000355E-01
-7.5000000000000344E-01
-7.5000000000000366E-01
-7.5000000000000444E-01
-7.5000000000000311E-01
-7.5000000000000355E-01
-7.5000000000000411E-01
-7.5000000000000255E-01
-7.4999999999999956E-01
-7.5000000000000000E-01
-7.4999999999999867E-01
-7.5000000000000022E-01
-7.5000000000000011E-01
-9.0000000000000446E-01
-9.0000000000000357E-01
-9.0000000000000346E-01
-9.0000000000000391E-01
-9.0000000000000313E-01
-9.0000000000000502E-01
-9.0000000000000280E-01
-9.0000000000000313E-01
-9.0000000000000369E-01
-9.0000000000000402E-01
-9.0000000000000402E-01
-9.0000000000000546E-01
-9.0000000000000080E-01
-8.9999999999999869E-01
-8.9999999999999969E-01
-9.0000000000000069E-01
-8.9999999999999603E-01
-1.0500000000000052E+00
-1.0500000000000038E+00
-1.0500000000000032E+00
-1.0500000000000043E+00
-1.0500000000000040E+00
-1.0500000000000040E+00
-1.0500000000000032E+00
-1.0500000000000034E+00
-1.0500000000000034E+00
-1.0500000000000056E+00
-1.0500000000000036E+00
-1.0500000000000043E+00
-1.0500000000000034E+00
-1.0500000000000014E+00
-1.0500000000000009E+00
-1.0499999999999989E+00
-1.0499999999999974E+00
-1.2000000000000051E+00
-1.2000000000000042E+00
-1.2000000000000035E+00
-1.2000000000000040E+00
-1.2000000000000037E+00
-1.2000000000000035E+00
-1.2000000000000037E+00
-1.2000000000000037E+00
-1.2000000000000071E+00
-1.2000000000000028E+00
-1.2000000000000044E+00
-1.2000000000000055E+00
-1.2000000000000055E+00
-1.2000000000000026E+00
-1.1999999999999995E+00
-1.1999999999999988E+00
-1.1999999999999977E+00
-1.3500000000000052E+00
-1.3500000000000030E+00
-1.3500000000000050E+00
-1.3500000000000050E+00
-1.3500000000000025E+00
-1.3500000000000028E+00
-1.3500000000000052E+00
-1.3500000000000039E+00
-1.3500000000000056E+00
-1.3500000000000045E+00
-1.3500000000000052E+00
-1.3500000000000056E+00
-1.3500000000000054E+00
-1.3500000000000054E+00
-1.3500000000000019E+00
-1.3499999999999994E+00
-1.3499999999999996E+00
-1.5000000000000036E+00
-1.5000000000000044E+00
-1.5000000000000040E+00
-1.5000000000000044E+00
-1.5000000000000036E+00
-1.5000000000000047E+00
-1.5000000000000058E+00
-1.5000000000000056E+00
-1.5000000000000022E+00
-1.5000000000000049E+00
-1.5000000000000073E+00
-1.5000000000000060E+00
-1.5000000000000084E+00
-1.5000000000000062E+00
-1.5000000000000022E+00
-1.5000000000000022E+00
-1.5000000000000007E+00
-1.6500000000000052E+00
-1.6500000000000037E+00
-1.6500000000000030E+00
-1.6500000000000044E+00
-1.6500000000000050E+00
-1.6500000000000061E+00
-1.6500000000000044E+00
-1.6500000000000030E+00
-1.6500000000000072E+00
-1.6500000000000070E+00
-1.6500000000000068E+00
-1.6500000000000083E+00
-1.6500000000000070E+00
-1.6500000000000077E+00
-1.6500000000000037E+00
-1.6500000000000052E+00
-1.6500000000000046E+00
-1.8000000000000047E+00
-1.8000000000000029E+00
-1.8000000000000029E+00
-1.8000000000000047E+00
-1.8000000000000054E+00
-1.8000000000000056E+00
-1.8000000000000043E+00
-1.8000000000000047E+00
-1.8000000000000085E+00
-1.8000000000000058E+00
-1.8000000000000054E+00
-1.8000000000000096E+00
-1.8000000000000076E+00
-1.8000000000000067E+00
-1.8000000000000052E+00
-1.8000000000000060E+00
-1.8000000000000069E+00
0.0000000000000000E+00
0.0000000000000000E+00
0.0000000000000000E+00
0.0000000000000000E+00
0.0000000000000000E+00
0.0000000000000000E+00
0.0000000000000000E+00
0.0000000000000000E+00
0.0000000000000000E+00
0.0000000000000000E+00
0.0000000000000000E+00
0.0000000000000000E+00
0.0000000000000000E+00
0.0000000000000000E+00
0.0000000000000000E+00
0.0000000000000000E+00
0.0000000000000000E+00
-1.5000000000000124E-01
-1.5000000000000094E-01
-1.5000000000000119E-01
-1.5000000000000058E-01
-1.5000000000000080E-01
-1.5000000000000127E-01
-1.5000000000000058E-01
-1.5000000000000119E-01
-1.5000000000000160E-01
-1.5000000000000155E-01
-1.5000000000000138E-01
-1.5000000000000141E-01
-1.5000000000000011E-01
-1.4999999999999836E-01
-1.4999999999999908E-01
-1.5000000000000038E-01
-1.5000000000000108E-01
-3.0000000000000193E-01
-3.0000000000000238E-01
-3.0000000000000160E-01
-3.0000000000000132E-01
-3.0000000000000132E-01
-3.0000000000000182E-01
-3.0000000000000143E-01
-3.0000000000000210E-01
-3.0000000000000332E-01
-3.0000000000000276E-01
-3.0000000000000276E-01
-3.0000000000000104E-01
-3.0000000000000043E-01
-2.9999999999999766E-01
-3.0000000000000043E-01
-2.9999999999999993E-01
-3.0000000000000104E-01
-4.5000000000000356E-01
-4.5000000000000273E-01
-4.5000000000000251E-01
-4.5000000000000201E-01
-4.5000000000000234E-01
-4.5000000000000279E-01
-4.5000000000000262E-01
-4.5000000000000256E-01
-4.5000000000000345E-01
-4.5000000000000462E-01
-4.5000000000000273E-01
-4.5000000000000084E-01
-4.4999999999999973E-01
-4.4999999999999957E-01
-4.4999999999999934E-01
-4.4999999999999918E-01
-4.5000000000000007E-01
-6.0000000000000475E-01
-6.0000000000000309E-01
-6.0000000000000253E-01
-6.0000000000000242E-01
-6.0000000000000309E-01
-6.0000000000000253E-01
-6.0000000000000375E-01
-6.0000000000000331E-01
-6.0000000000000198E-01
-6.0000000000000453E-01
-6.0000000000000320E-01
-6.0000000000000109E-01
-6.0000000000000075E-01
-5.9999999999999842E-01
-5.9999999999999876E-01
-6.0000000000000120E-01
-5.9999999999999909E-01
-7.5000000000000411E-01
-7.5000000000000411E-01
-7.5000000000000333E-01
-7.5000000000000333E-01
-7.5000000000000311E-01
-7.5000000000000255E-01
-7.5000000000000433E-01
-7.5000000000000366E-01
-7.5000000000000377E-01
-7.5000000000000289E-01
-7.5000000000000244E-01
-7.5000000000000222E-01
-7.5000000000000100E-01
-7.4999999999999922E-01
-7.4999999999999867E-01
-7.4999999999999967E-01
-7.5000000000000011E-01
-9.0000000000000469E-01
-9.0000000000000568E-01
-9.0000000000000357E-01
-9.0000000000000291E-01
-9.0000000000000391E-01
-9.0000000000000346E-01
-9.0000000000000224E-01
-9.0000000000000457E-01
-9.0000000000000346E-01
-9.0000000000000158E-01
-9.0000000000000335E-01
-9.0000000000000036E-01
-9.0000000000000191E-01
-8.9999999999999936E-01
-8.9999999999999791E-01
-8.9999999999999902E-01
-9.0000000000000147E-01
-1.0500000000000047E+00
-1.0500000000000045E+00
-1.0500000000000043E+00
-1.0500000000000036E+00
-1.0500000000000023E+00
-1.0500000000000032E+00
-1.0500000000000025E+00
-1.0500000000000043E+00
-1.0500000000000032E+00
-1.0500000000000032E+00
-1.0500000000000032E+00
-1.0500000000000038E+00
-1.0500000000000012E+00
-1.0500000000000016E+00
-1.0499999999999985E+00
-1.0499999999999976E+00
-1.0499999999999974E+00
-1.2000000000000040E+00
-1.2000000000000035E+00
-1.2000000000000046E+00
-1.2000000000000035E+00
-1.2000000000000024E+00
-1.2000000000000022E+00
-1.2000000000000035E+00
-1.2000000000000046E+00
-1.2000000000000033E+00
-1.2000000000000053E+00
-1.2000000000000044E+00
-1.2000000000000033E+00
-1.2000000000000020E+00
-1.2000000000000004E+00
-1.2000000000000002E+00
-1.1999999999999986E+00
-1.1999999999999960E+00
-1.3500000000000032E+00
-1.3500000000000039E+00
-1.3500000000000041E+00
-1.3500000000000036E+00
-1.3500000000000054E+00
-1.3500000000000034E+00
-1.3500000000000043E+00
-1.3500000000000070E+00
-1.3500000000000041E+00
-1.3500000000000048E+00
-1.3500000000000041E+00
-1.3500000000000041E+00
-1.3500000000000052E+00
-1.3500000000000012E+00
-1.3499999999999959E+00
-1.3500000000000019E+00
-1.3499999999999992E+00
-1.5000000000000044E+00
-1.5000000000000038E+00
-1.5000000000000047E+00
-1.5000000000000049E+00
-1.5000000000000051E+00
-1.5000000000000060E+00
-1.5000000000000058E+00
-1.5000000000000044E+00
-1.5000000000000036E+00
-1.5000000000000078E+00
-1.5000000000000051E+00
-1.5000000000000036E+00
-1.5000000000000064E+00
-1.5000000000000062E+00
-1.5000000000000000E+00
-1.4999999999999984E+00
-1.5000000000000024E+00
-1.6500000000000026E+00
-1.6500000000000032E+00
-1.6500000000000044E+00
-1.6500000000000075E+00
-1.6500000000000030E+00
-1.6500000000000044E+00
-1.6500000000000050E+00
-1.6500000000000035E+00
-1.6500000000000010E+00
-1.6500000000000083E+00
-1.6500000000000066E+00
-1.6500000000000064E+00
-1.6500000000000070E+00
-1.6500000000000048E+00
-1.6500000000000035E+00
-1.6500000000000017E+00
-1.6500000000000024E+00
-1.8000000000000027E+00
-1.8000000000000023E+00
-1.8000000000000040E+00
-1.8000000000000056E+00
-1.8000000000000052E+00
-1.8000000000000040E+00
-1.8000000000000045E+00
-1.8000000000000047E+00
-1.8000000000000032E+00
-1.8000000000000060E+00
-1.8000000000000083E+00
-1.8000000000000083E+00
-1.8000000000000076E+00
-1.8000000000000043E+00
-1.8000000000000047E+00
-1.8000000000000045E+00
-1.8000000000000049E+00
0.0000000000000000E+00
0.0000000000000000E+00
0.0000000000000000E+00
0.0000000000000000E+00
0.0000000000000000E+00
0.0000000000000000E+00
0.0000000000000000E+00
0.0000000000000000E+00
0.0000000000000000E+00
0.0000000000000000E+00
0.0000000000000000E+00
0.0000000000000000E+00
0.0000000000000000E+00
0.0000000000000000E+00
0.0000000000000000E+00
0.0000000000000000E+00
0.0000000000000000E+00
-1.5000000000000097E-01
-1.5000000000000083E-01
-1.5000000000000102E-01
-1.5000000000000063E-01
-1.5000000000000116E-01
-1.5000000000000022E-01
-1.5000000000000066E-01
-1.5000000000000036E-01
-1.5000000000000155E-01
-1.5000000000000205E-01
-1.5000000000000147E-01
-1.5000000000000116E-01
-1.4999999999999902E-01
-1.4999999999999916E-01
-1.4999999999999991E-01
-1.4999999999999980E-01
-1.4999999999999999E-01
-3.0000000000000177E-01
-3.0000000000000177E-01
-3.0000000000000149E-01
-3.0000000000000104E-01
-3.0000000000000121E-01
-3.0000000000000088E-01
-3.0000000000000143E-01
-3.0000000000000243E-01
-3.0000000000000165E-01
-3.0000000000000282E-01
-3.0000000000000193E-01
-3.0000000000000104E-01
-2.9999999999999877E-01
-3.0000000000000027E-01
-2.9999999999999860E-01
-2.9999999999999960E-01
-2.9999999999999927E-01
-4.5000000000000251E-01
-4.5000000000000245E-01
-4.5000000000000168E-01
-4.5000000000000145E-01
-4.5000000000000029E-01
-4.5000000000000151E-01
-4.5000000000000229E-01
-4.5000000000000234E-01
-4.5000000000000345E-01
-4.5000000000000362E-01
-4.5000000000000134E-01
-4.5000000000000101E-01
-4.4999999999999962E-01
-4.4999999999999901E-01
-4.4999999999999890E-01
-4.4999999999999885E-01
-4.4999999999999946E-01
-6.0000000000000286E-01
-6.0000000000000320E-01
-6.0000000000000220E-01
-6.0000000000000164E-01
-6.0000000000000131E-01
-6.0000000000000286E-01
-6.0000000000000242E-01
-6.0000000000000286E-01
-6.0000000000000453E-01
-6.0000000000000364E-01
-6.0000000000000109E-01
-6.0000000000000087E-01
-5.9999999999999931E-01
-5.9999999999999831E-01
-5.9999999999999865E-01
-5.9999999999999831E-01
-5.9999999999999920E-01
-7.5000000000000466E-01
-7.5000000000000400E-01
-7.5000000000000289E-01
-7.5000000000000244E-01
-7.5000000000000289E-01
-7.5000000000000300E-01
-7.5000000000000266E-01
-7.5000000000000411E-01
-7.5000000000000500E-01
-7.5000000000000355E-01
-7.5000000000000289E-01
-7.5000000000000189E-01
-7.4999999999999944E-01
-7.4999999999999911E-01
-7.4999999999999989E-01
-7.4999999999999944E-01
-7.4999999999999900E-01
-9.0000000000000602E-01
-9.0000000000000491E-01
-9.0000000000000291E-01
-9.0000000000000302E-01
-9.0000000000000391E-01
-9.0000000000000258E-01
-9.0000000000000169E-01
-9.0000000000000691E-01
-9.0000000000000013E-01
-9.0000000000000469E-01
-9.0000000000000269E-01
-9.0000000000000213E-01
-9.0000000000000191E-01
-9.0000000000000091E-01
-8.9999999999999925E-01
-8.9999999999999869E-01
-9.0000000000000224E-01
-1.0500000000000047E+00
-1.0500000000000047E+00
-1.0500000000000034E+00
-1.0500000000000034E+00
-1.0500000000000040E+00
-1.0500000000000029E+00
-1.0500000000000034E+00
-1.0500000000000047E+00
-1.0500000000000043E+00
-1.0500000000000032E+00
-1.0500000000000027E+00
-1.0500000000000023E+00
-1.0500000000000032E+00
-1.0500000000000009E+00
-1.0499999999999974E+00
-1.0499999999999978E+00
-1.0499999999999987E+00
-1.2000000000000046E+00
-1.2000000000000044E+00
-1.2000000000000033E+00
-1.2000000000000035E+00
-1.2000000000000024E+00
-1.2000000000000033E+00
-1.2000000000000037E+00
-1.2000000000000046E+00
-1.2000000000000051E+00
-1.2000000000000048E+00
-1.2000000000000028E+00
-1.2000000000000033E+00
-1.2000000000000031E+00
-1.2000000000000011E+00
-1.1999999999999980E+00
-1.1999999999999973E+00
-1.1999999999999957E+00
-1.3500000000000036E+00
-1.3500000000000048E+00
-1.3500000000000039E+00
-1.3500000000000050E+00
-1.3500000000000021E+00
-1.3500000000000039E+00
-1.3500000000000041E+00
-1.3500000000000052E+00
-1.3500000000000079E+00
-1.3500000000000063E+00
-1.3500000000000036E+00
-1.3500000000000025E+00
-1.3500000000000016E+00
-1.3500000000000023E+00
-1.3499999999999999E+00
-1.3499999999999963E+00
-1.3499999999999948E+00
-1.5000000000000036E+00
-1.5000000000000031E+00
-1.5000000000000049E+00
-1.5000000000000047E+00
-1.5000000000000042E+00
-1.5000000000000036E+00
-1.5000000000000036E+00
-1.5000000000000044E+00
-1.5000000000000098E+00
-1.5000000000000062E+00
-1.5000000000000069E+00
-1.5000000000000044E+00
-1.5000000000000036E+00
-1.5000000000000016E+00
-1.5000000000000013E+00
-1.4999999999999978E+00
-1.4999999999999978E+00
-1.6500000000000032E+00
-1.6500000000000024E+00
-1.6500000000000052E+00
-1.6500000000000030E+00
-1.6500000000000041E+00
-1.6500000000000046E+00
-1.6500000000000044E+00
-1.6500000000000035E+00
-1.6500000000000061E+00
-1.6500000000000072E+00
-1.6500000000000075E+00
-1.6500000000000048E+00
-1.6500000000000032E+00
-1.6500000000000024E+00
-1.6500000000000012E+00
-1.6500000000000012E+00
-1.6500000000000001E+00
-1.8000000000000036E+00
-1.8000000000000040E+00
-1.8000000000000034E+00
-1.8000000000000036E+00
-1.8000000000000032E+00
-1.8000000000000038E+00
-1.8000000000000045E+00
-1.8000000000000034E+00
-1.8000000000000058E+00
-1.8000000000000076E+00
-1.8000000000000058E+00
-1.8000000000000067E+00
-1.8000000000000049E+00
-1.8000000000000023E+00
-1.8000000000000007E+00
-1.8000000000000029E+00
-1.8000000000000027E+00
0.0000000000000000E+00
0.0000000000000000E+00
0.0000000000000000E+00
0.0000000000000000E+00
0.0000000000000000E+00
0.0000000000000000E+00
0.0000000000000000E+00
0.0000000000000000E+00
0.0000000000000000E+00
0.0000000000000000E+00
0.0000000000000000E+00
0.0000000000000000E+00
0.0000000000000000E+00
0.0000000000000000E+00
0.0000000000000000E+00
0.0000000000000000E+00
0.0000000000000000E+00
-1.5000000000000063E-01
-1.5000000000000088E-01
-1.5000000000000044E-01
-1.5000000000000008E-01
-1.4999999999999927E-01
-1.5000000000000011E-01
-1.4999999999999952E-01
-1.5000000000000094E-01
-1.5000000000000066E-01
-1.5000000000000013E-01
-1.5000000000000124E-01
-1.5000000000000163E-01
-1.4999999999999913E-01
-1.4999999999999944E-01
-1.4999999999999902E-01
-1.4999999999999925E-01
-1.5000000000000049E-01
-3.0000000000000188E-01
-3.0000000000000177E-01
-3.0000000000000115E-01
-3.0000000000000010E-01
-2.9999999999999916E-01
-2.9999999999999999E-01
-2.9999999999999982E-01
-3.0000000000000143E-01
-3.0000000000000099E-01
-3.0000000000000127E-01
-3.0000000000000138E-01
-2.9999999999999993E-01
-2.9999999999999954E-01
-2.9999999999999810E-01
-2.9999999999999932E-01
-2.9999999999999871E-01
-3.0000000000000121E-01
-4.5000000000000245E-01
-4.5000000000000256E-01
-4.5000000000000168E-01
-4.5000000000000012E-01
-4.5000000000000090E-01
-4.5000000000000023E-01
-4.5000000000000140E-01
-4.5000000000000229E-01
-4.5000000000000112E-01
-4.5000000000000240E-01
-4.5000000000000212E-01
-4.4999999999999990E-01
-4.4999999999999957E-01
-4.4999999999999901E-01
-4.4999999999999934E-01
-4.4999999999999868E-01
-4.5000000000000068E-01
-6.0000000000000320E-01
-6.0000000000000264E-01
-6.0000000000000153E-01
-6.0000000000000087E-01
-6.0000000000000075E-01
-6.0000000000000120E-01
-6.0000000000000209E-01
-6.0000000000000331E-01
-6.0000000000000264E-01
-6.0000000000000275E-01
-6.0000000000000320E-01
-6.0000000000000087E-01
-5.9999999999999998E-01
-5.9999999999999876E-01
-5.9999999999999920E-01
-5.9999999999999853E-01
-5.9999999999999998E-01
-7.5000000000000400E-01
-7.5000000000000333E-01
-7.5000000000000233E-01
-7.5000000000000089E-01
-7.5000000000000100E-01
-7.5000000000000233E-01
-7.5000000000000266E-01
-7.5000000000000400E-01
-7.5000000000000289E-01
-7.5000000000000344E-01
-7.5000000000000100E-01
-7.5000000000000189E-01
-7.4999999999999978E-01
-7.5000000000000000E-01
-7.4999999999999845E-01
-7.4999999999999789E-01
-7.4999999999999944E-01
-9.0000000000000491E-01
-9.0000000000000491E-01
-9.0000000000000280E-01
-9.0000000000000258E-01
-9.0000000000000191E-01
-9.0000000000000346E-01
-9.0000000000000480E-01
-9.0000000000000169E-01
-9.0000000000000335E-01
-9.0000000000000291E-01
-9.0000000000000391E-01
-9.0000000000000291E-01
-9.0000000000000135E-01
-8.9999999999999869E-01
-8.9999999999999847E-01
-9.0000000000000024E-01
-9.0000000000000047E-01
-1.0500000000000060E+00
-1.0500000000000052E+00
-1.0500000000000034E+00
-1.0500000000000038E+00
-1.0500000000000020E+00
-1.0500000000000034E+00
-1.0500000000000040E+00
-1.0500000000000047E+00
-1.0500000000000040E+00
-1.0500000000000029E+00
-1.0500000000000045E+00
-1.0500000000000036E+00
-1.0500000000000020E+00
-1.0500000000000000E+00
-1.0499999999999978E+00
-1.0499999999999972E+00
-1.0499999999999996E+00
-1.2000000000000046E+00
-1.2000000000000046E+00
-1.2000000000000051E+00
-1.2000000000000033E+00
-1.2000000000000035E+00
-1.2000000000000031E+00
-1.2000000000000033E+00
-1.2000000000000055E+00
-1.2000000000000031E+00
-1.2000000000000055E+00
-1.2000000000000035E+00
-1.2000000000000040E+00
-1.2000000000000028E+00
-1.2000000000000015E+00
-1.1999999999999977E+00
-1.1999999999999953E+00
-1.1999999999999971E+00
-1.3500000000000025E+00
-1.3500000000000043E+00
-1.3500000000000063E+00
-1.3500000000000028E+00
-1.3500000000000039E+00
-1.3500000000000032E+00
-1.3500000000000028E+00
-1.3500000000000036E+00
-1.3500000000000085E+00
-1.3500000000000059E+00
-1.3500000000000052E+00
-1.3500000000000050E+00
-1.3500000000000045E+00
-1.3500000000000001E+00
-1.3499999999999979E+00
-1.3499999999999965E+00
-1.3499999999999950E+00
-1.5000000000000042E+00
-1.5000000000000047E+00
-1.5000000000000049E+00
-1.5000000000000029E+00
-1.5000000000000060E+00
-1.5000000000000022E+00
-1.5000000000000051E+00
-1.5000000000000047E+00
-1.5000000000000056E+00
-1.5000000000000078E+00
-1.5000000000000067E+00
-1.5000000000000038E+00
-1.5000000000000007E+00
-1.5000000000000011E+00
-1.4999999999999991E+00
-1.4999999999999976E+00
-1.4999999999999956E+00
-1.6500000000000048E+00
-1.6500000000000057E+00
-1.6500000000000032E+00
-1.6500000000000037E+00
-1.6500000000000037E+00
-1.6500000000000030E+00
-1.6500000000000039E+00
-1.6500000000000059E+00
-1.6500000000000097E+00
-1.6500000000000068E+00
-1.6500000000000061E+00
-1.6500000000000037E+00
-1.6500000000000008E+00
-1.6500000000000004E+00
-1.6499999999999999E+00
-1.6499999999999986E+00
-1.6499999999999984E+00
-1.8000000000000056E+00
-1.8000000000000054E+00
-1.8000000000000043E+00
-1.8000000000000034E+00
-1.8000000000000025E+00
-1.8000000000000047E+00
-1.8000000000000036E+00
-1.8000000000000056E+00
-1.8000000000000032E+00
-1.8000000000000103E+00
-1.8000000000000063E+00
-1.8000000000000034E+00
-1.7999999999999994E+00
-1.8000000000000009E+00
-1.8000000000000000E+00
-1.7999999999999996E+00
-1.8000000000000016E+00
