0.0000000000000000E+00
0.0000000000000000E+00
0.0000000000000000E+00
0.0000000000000000E+00
0.0000000000000000E+00
0.0000000000000000E+00
0.0000000000000000E+00
0.0000000000000000E+00
0.0000000000000000E+00
0.0000000000000000E+00
0.0000000000000000E+00
0.0000000000000000E+00
0.0000000000000000E+00
0.0000000000000000E+00
0.0000000000000000E+00
0.0000000000000000E+00
0.0000000000000000E+00
0.0000000000000000E+00
0.0000000000000000E+00
0.0000000000000000E+00
0.0000000000000000E+00
0.0000000000000000E+00
0.0000000000000000E+00
0.0000000000000000E+00
0.0000000000000000E+00
0.0000000000000000E+00
0.0000000000000000E+00
0.0000000000000000E+00
0.0000000000000000E+00
0.0000000000000000E+00
0.0000000000000000E+00
0.0000000000000000E+00
0.0000000000000000E+00
-7.5000000000002717E-02
-7.5000000000002717E-02
-7.5000000000002787E-02
-7.5000000000002745E-02
-7.5000000000002551E-02
-7.5000000000002481E-02
-7.5000000000002828E-02
-7.5000000000002703E-02
-7.5000000000002412E-02
-7.5000000000002620E-02
-7.5000000000002315E-02
-7.5000000000001787E-02
-7.5000000000001801E-02
-7.5000000000001163E-02
-7.5000000000000927E-02
-7.5000000000000761E-02
-7.5000000000000830E-02
-7.5000000000001024E-02
-7.5000000000000330E-02
-7.4999999999999997E-02
-7.4999999999999623E-02
-7.4999999999998929E-02
-7.4999999999998429E-02
-7.4999999999998818E-02
-7.4999999999998623E-02
-7.4999999999999692E-02
-7.5000000000000247E-02
-7.5000000000000622E-02
-7.5000000000000927E-02
-7.4999999999999734E-02
-7.4999999999998679E-02
-7.4999999999998582E-02
-7.4999999999999761E-02
-1.5000000000000543E-01
-1.5000000000000549E-01
-1.5000000000000549E-01
-1.5000000000000532E-01
-1.5000000000000502E-01
-1.5000000000000513E-01
-1.5000000000000518E-01
-1.5000000000000538E-01
-1.5000000000000502E-01
-1.5000000000000480E-01
-1.5000000000000452E-01
-1.5000000000000427E-01
-1.5000000000000357E-01
-1.5000000000000252E-01
-1.5000000000000219E-01
-1.5000000000000130E-01
-1.5000000000000183E-01
-1.5000000000000227E-01
-1.5000000000000099E-01
-1.4999999999999974E-01
-1.4999999999999952E-01
-1.4999999999999869E-01
-1.4999999999999714E-01
-1.4999999999999669E-01
-1.4999999999999675E-01
-1.4999999999999913E-01
-1.5000000000000135E-01
-1.5000000000000158E-01
-1.5000000000000152E-01
-1.4999999999999988E-01
-1.4999999999999769E-01
-1.4999999999999758E-01
-1.4999999999999819E-01
-2.2500000000000828E-01
-2.2500000000000825E-01
-2.2500000000000819E-01
-2.2500000000000778E-01
-2.2500000000000744E-01
-2.2500000000000742E-01
-2.2500000000000747E-01
-2.2500000000000775E-01
-2.2500000000000742E-01
-2.2500000000000714E-01
-2.2500000000000708E-01
-2.2500000000000669E-01
-2.2500000000000572E-01
-2.2500000000000484E-01
-2.2500000000000400E-01
-2.2500000000000317E-01
-2.2500000000000286E-01
-2.2500000000000181E-01
-2.2500000000000087E-01
-2.2499999999999928E-01
-2.2499999999999962E-01
-2.2499999999999848E-01
-2.2499999999999754E-01
-2.2499999999999615E-01
-2.2499999999999543E-01
-2.2499999999999856E-01
-2.2500000000000125E-01
-2.2500000000000120E-01
-2.2500000000000075E-01
-2.2499999999999937E-01
-2.2499999999999845E-01
-2.2499999999999701E-01
-2.2499999999999712E-01
-3.0000000000001087E-01
-3.0000000000001081E-01
-3.0000000000001076E-01
-3.0000000000001059E-01
-3.0000000000000987E-01
-3.0000000000000954E-01
-3.0000000000000959E-01
-3.0000000000000976E-01
-3.0000000000001015E-01
-3.0000000000000981E-01
-3.0000000000000898E-01
-3.0000000000000876E-01
-3.0000000000000820E-01
-3.0000000000000709E-01
-3.0000000000000565E-01
-3.0000000000000449E-01
-3.0000000000000387E-01
-3.0000000000000221E-01
-3.0000000000000110E-01
-2.9999999999999938E-01
-2.9999999999999832E-01
-2.9999999999999827E-01
-2.9999999999999782E-01
-2.9999999999999688E-01
-2.9999999999999627E-01
-2.9999999999999805E-01
-2.9999999999999938E-01
-2.9999999999999910E-01
-2.9999999999999949E-01
-2.9999999999999777E-01
-2.9999999999999766E-01
-2.9999999999999721E-01
-2.9999999999999599E-01
-3.7500000000001338E-01
-3.7500000000001343E-01
-3.7500000000001343E-01
-3.7500000000001310E-01
-3.7500000000001243E-01
-3.7500000000001199E-01
-3.7500000000001171E-01
-3.7500000000001216E-01
-3.7500000000001243E-01
-3.7500000000001205E-01
-3.7500000000001121E-01
-3.7500000000001055E-01
-3.7500000000001016E-01
-3.7500000000000866E-01
-3.7500000000000733E-01
-3.7500000000000572E-01
-3.7500000000000483E-01
-3.7500000000000389E-01
-3.7500000000000172E-01
-3.7500000000000028E-01
-3.7499999999999906E-01
-3.7499999999999833E-01
-3.7499999999999811E-01
-3.7499999999999789E-01
-3.7499999999999883E-01
-3.7499999999999800E-01
-3.7499999999999623E-01
-3.7499999999999695E-01
-3.7499999999999650E-01
-3.7499999999999672E-01
-3.7499999999999656E-01
-3.7499999999999661E-01
-3.7499999999999734E-01
-4.5000000000001600E-01
-4.5000000000001605E-01
-4.5000000000001594E-01
-4.5000000000001567E-01
-4.5000000000001517E-01
-4.5000000000001444E-01
-4.5000000000001422E-01
-4.5000000000001467E-01
-4.5000000000001467E-01
-4.5000000000001411E-01
-4.5000000000001322E-01
-4.5000000000001195E-01
-4.5000000000001100E-01
-4.5000000000001006E-01
-4.5000000000000889E-01
-4.5000000000000762E-01
-4.5000000000000612E-01
-4.5000000000000479E-01
-4.5000000000000340E-01
-4.5000000000000129E-01
-4.5000000000000012E-01
-4.4999999999999934E-01
-4.4999999999999846E-01
-4.4999999999999907E-01
-4.4999999999999851E-01
-4.4999999999999712E-01
-4.4999999999999613E-01
-4.4999999999999535E-01
-4.4999999999999629E-01
-4.4999999999999568E-01
-4.4999999999999563E-01
-4.4999999999999568E-01
-4.4999999999999557E-01
-5.2500000000001867E-01
-5.2500000000001845E-01
-5.2500000000001867E-01
-5.2500000000001834E-01
-5.2500000000001790E-01
-5.2500000000001712E-01
-5.2500000000001701E-01
-5.2500000000001679E-01
-5.2500000000001679E-01
-5.2500000000001557E-01
-5.2500000000001490E-01
-5.2500000000001312E-01
-5.2500000000001190E-01
-5.2500000000001112E-01
-5.2500000000001046E-01
-5.2500000000000924E-01
-5.2500000000000757E-01
-5.2500000000000524E-01
-5.2500000000000402E-01
-5.2500000000000202E-01
-5.2500000000000102E-01
-5.2500000000000058E-01
-5.2500000000000024E-01
-5.2499999999999936E-01
-5.2499999999999891E-01
-5.2499999999999636E-01
-5.2499999999999558E-01
-5.2499999999999447E-01
-5.2499999999999458E-01
-5.2499999999999480E-01
-5.2499999999999403E-01
-5.2499999999999503E-01
-5.2499999999999503E-01
-6.0000000000002118E-01
-6.0000000000002141E-01
-6.0000000000002107E-01
-6.0000000000002085E-01
-6.0000000000002029E-01
-6.0000000000001963E-01
-6.0000000000001963E-01
-6.0000000000001907E-01
-6.0000000000001896E-01
-6.0000000000001708E-01
-6.0000000000001608E-01
-6.0000000000001452E-01
-6.0000000000001297E-01
-6.0000000000001252E-01
-6.0000000000001208E-01
-6.0000000000001064E-01
-6.0000000000000830E-01
-6.0000000000000608E-01
-6.0000000000000420E-01
-6.0000000000000431E-01
-6.0000000000000286E-01
-6.0000000000000175E-01
-6.0000000000000153E-01
-6.0000000000000031E-01
-5.9999999999999865E-01
-5.9999999999999598E-01
-5.9999999999999432E-01
-5.9999999999999432E-01
-5.9999999999999343E-01
-5.9999999999999298E-01
-5.9999999999999254E-01
-5.9999999999999520E-01
-5.9999999999999520E-01
-6.7500000000002425E-01
-6.7500000000002369E-01
-6.7500000000002358E-01
-6.7500000000002336E-01
-6.7500000000002269E-01
-6.7500000000002192E-01
-6.7500000000002169E-01
-6.7500000000002147E-01
-6.7500000000002092E-01
-6.7500000000001892E-01
-6.7500000000001770E-01
-6.7500000000001614E-01
-6.7500000000001492E-01
-6.7500000000001348E-01
-6.7500000000001303E-01
-6.7500000000001215E-01
-6.7500000000001015E-01
-6.7500000000000726E-01
-6.7500000000000693E-01
-6.7500000000000560E-01
-6.7500000000000493E-01
-6.7500000000000293E-01
-6.7500000000000193E-01
-6.7500000000000071E-01
-6.7499999999999860E-01
-6.7499999999999483E-01
-6.7499999999999361E-01
-6.7499999999999427E-01
-6.7499999999999405E-01
-6.7499999999999327E-01
-6.7499999999999261E-01
-6.7499999999999349E-01
-6.7499999999999427E-01
-7.5000000000002642E-01
-7.5000000000002609E-01
-7.5000000000002542E-01
-7.5000000000002576E-01
-7.5000000000002476E-01
-7.5000000000002398E-01
-7.5000000000002309E-01
-7.5000000000002276E-01
-7.5000000000002276E-01
-7.5000000000002098E-01
-7.5000000000001910E-01
-7.5000000000001787E-01
-7.5000000000001588E-01
-7.5000000000001488E-01
-7.5000000000001321E-01
-7.5000000000001332E-01
-7.5000000000001188E-01
-7.5000000000000933E-01
-7.5000000000000921E-01
-7.5000000000000722E-01
-7.5000000000000611E-01
-7.5000000000000455E-01
-7.5000000000000233E-01
-7.5000000000000067E-01
-7.4999999999999734E-01
-7.4999999999999445E-01
-7.4999999999999301E-01
-7.4999999999999367E-01
-7.4999999999999345E-01
-7.4999999999999423E-01
-7.4999999999999367E-01
-7.4999999999999167E-01
-7.4999999999999112E-01
-8.2500000000002882E-01
-8.2500000000002827E-01
-8.2500000000002838E-01
-8.2500000000002760E-01
-8.2500000000002727E-01
-8.2500000000002593E-01
-8.2500000000002560E-01
-8.2500000000002471E-01
-8.2500000000002438E-01
-8.2500000000002294E-01
-8.2500000000002149E-01
-8.2500000000001894E-01
-8.2500000000001739E-01
-8.2500000000001616E-01
-8.2500000000001494E-01
-8.2500000000001361E-01
-8.2500000000001439E-01
-8.2500000000001150E-01
-8.2500000000001028E-01
-8.2500000000000873E-01
-8.2500000000000751E-01
-8.2500000000000495E-01
-8.2500000000000351E-01
-8.2500000000000073E-01
-8.2499999999999707E-01
-8.2499999999999551E-01
-8.2499999999999296E-01
-8.2499999999999230E-01
-8.2499999999999207E-01
-8.2499999999999174E-01
-8.2499999999999241E-01
-8.2499999999999163E-01
-8.2499999999999185E-01
-9.0000000000003055E-01
-9.0000000000003044E-01
-9.0000000000003044E-01
-9.0000000000002922E-01
-9.0000000000002844E-01
-9.0000000000002722E-01
-9.0000000000002711E-01
-9.0000000000002678E-01
-9.0000000000002622E-01
-9.0000000000002511E-01
-9.0000000000002278E-01
-9.0000000000002089E-01
-9.0000000000001901E-01
-9.0000000000001834E-01
-9.0000000000001623E-01
-9.0000000000001568E-01
-9.0000000000001479E-01
-9.0000000000001290E-01
-9.0000000000001112E-01
-9.0000000000000946E-01
-9.0000000000000757E-01
-9.0000000000000568E-01
-9.0000000000000335E-01
-9.0000000000000180E-01
-8.9999999999999802E-01
-8.9999999999999591E-01
-8.9999999999999336E-01
-8.9999999999999214E-01
-8.9999999999998970E-01
-8.9999999999998892E-01
-8.9999999999998959E-01
-8.9999999999999203E-01
-8.9999999999999181E-01
-9.7500000000003240E-01
-9.7500000000003240E-01
-9.7500000000003195E-01
-9.7500000000003095E-01
-9.7500000000002973E-01
-9.7500000000002873E-01
-9.7500000000002829E-01
-9.7500000000002751E-01
-9.7500000000002773E-01
-9.7500000000002685E-01
-9.7500000000002451E-01
-9.7500000000002296E-01
-9.7500000000002118E-01
-9.7500000000002052E-01
-9.7500000000001896E-01
-9.7500000000001752E-01
-9.7500000000001663E-01
-9.7500000000001441E-01
-9.7500000000001219E-01
-9.7500000000001052E-01
-9.7500000000000830E-01
-9.7500000000000586E-01
-9.7500000000000309E-01
-9.7500000000000175E-01
-9.7499999999999820E-01
-9.7499999999999565E-01
-9.7499999999999398E-01
-9.7499999999999210E-01
-9.7499999999998876E-01
-9.7499999999998699E-01
-9.7499999999998743E-01
-9.7499999999999076E-01
-9.7499999999999198E-01
-1.0500000000000340E+00
-1.0500000000000342E+00
-1.0500000000000338E+00
-1.0500000000000325E+00
-1.0500000000000316E+00
-1.0500000000000307E+00
-1.0500000000000289E+00
-1.0500000000000285E+00
-1.0500000000000280E+00
-1.0500000000000282E+00
-1.0500000000000258E+00
-1.0500000000000247E+00
-1.0500000000000231E+00
-1.0500000000000229E+00
-1.0500000000000211E+00
-1.0500000000000198E+00
-1.0500000000000180E+00
-1.0500000000000156E+00
-1.0500000000000136E+00
-1.0500000000000118E+00
-1.0500000000000096E+00
-1.0500000000000065E+00
-1.0500000000000045E+00
-1.0500000000000000E+00
-1.0499999999999972E+00
-1.0499999999999956E+00
-1.0499999999999929E+00
-1.0499999999999914E+00
-1.0499999999999874E+00
-1.0499999999999876E+00
-1.0499999999999865E+00
-1.0499999999999889E+00
-1.0499999999999907E+00
-1.1250000000000362E+00
-1.1250000000000357E+00
-1.1250000000000360E+00
-1.1250000000000342E+00
-1.1250000000000344E+00
-1.1250000000000326E+00
-1.1250000000000309E+00
-1.1250000000000295E+00
-1.1250000000000298E+00
-1.1250000000000289E+00
-1.1250000000000278E+00
-1.1250000000000253E+00
-1.1250000000000249E+00
-1.1250000000000244E+00
-1.1250000000000238E+00
-1.1250000000000226E+00
-1.1250000000000187E+00
-1.1250000000000173E+00
-1.1250000000000149E+00
-1.1250000000000133E+00
-1.1250000000000107E+00
-1.1250000000000071E+00
-1.1250000000000038E+00
-1.1249999999999993E+00
-1.1249999999999984E+00
-1.1249999999999951E+00
-1.1249999999999911E+00
-1.1249999999999902E+00
-1.1249999999999887E+00
-1.1249999999999887E+00
-1.1249999999999876E+00
-1.1249999999999882E+00
-1.1249999999999907E+00
-1.2000000000000388E+00
-1.2000000000000377E+00
-1.2000000000000375E+00
-1.2000000000000368E+00
-1.2000000000000359E+00
-1.2000000000000346E+00
-1.2000000000000322E+00
-1.2000000000000310E+00
-1.2000000000000299E+00
-1.2000000000000293E+00
-1.2000000000000273E+00
-1.2000000000000270E+00
-1.2000000000000255E+00
-1.2000000000000257E+00
-1.2000000000000257E+00
-1.2000000000000242E+00
-1.2000000000000202E+00
-1.2000000000000193E+00
-1.2000000000000157E+00
-1.2000000000000153E+00
-1.2000000000000131E+00
-1.2000000000000071E+00
-1.2000000000000035E+00
-1.2000000000000002E+00
-1.1999999999999971E+00
-1.1999999999999942E+00
-1.1999999999999893E+00
-1.1999999999999895E+00
-1.1999999999999891E+00
-1.1999999999999895E+00
-1.1999999999999882E+00
-1.1999999999999875E+00
-1.1999999999999877E+00
-1.2750000000000403E+00
-1.2750000000000403E+00
-1.2750000000000392E+00
-1.2750000000000383E+00
-1.2750000000000372E+00
-1.2750000000000354E+00
-1.2750000000000337E+00
-1.2750000000000323E+00
-1.2750000000000310E+00
-1.2750000000000294E+00
-1.2750000000000288E+00
-1.2750000000000277E+00
-1.2750000000000270E+00
-1.2750000000000261E+00
-1.2750000000000274E+00
-1.2750000000000254E+00
-1.2750000000000228E+00
-1.2750000000000208E+00
-1.2750000000000181E+00
-1.2750000000000177E+00
-1.2750000000000152E+00
-1.2750000000000097E+00
-1.2750000000000041E+00
-1.2749999999999992E+00
-1.2749999999999950E+00
-1.2749999999999924E+00
-1.2749999999999906E+00
-1.2749999999999897E+00
-1.2749999999999888E+00
-1.2749999999999879E+00
-1.2749999999999886E+00
-1.2749999999999873E+00
-1.2749999999999873E+00
-1.3500000000000423E+00
-1.3500000000000423E+00
-1.3500000000000409E+00
-1.3500000000000401E+00
-1.3500000000000387E+00
-1.3500000000000363E+00
-1.3500000000000345E+00
-1.3500000000000341E+00
-1.3500000000000325E+00
-1.3500000000000310E+00
-1.3500000000000296E+00
-1.3500000000000287E+00
-1.3500000000000272E+00
-1.3500000000000265E+00
-1.3500000000000261E+00
-1.3500000000000256E+00
-1.3500000000000236E+00
-1.3500000000000236E+00
-1.3500000000000203E+00
-1.3500000000000205E+00
-1.3500000000000165E+00
-1.3500000000000121E+00
-1.3500000000000039E+00
-1.3499999999999990E+00
-1.3499999999999941E+00
-1.3499999999999910E+00
-1.3499999999999894E+00
-1.3499999999999899E+00
-1.3499999999999874E+00
-1.3499999999999872E+00
-1.3499999999999874E+00
-1.3499999999999877E+00
-1.3499999999999870E+00
-1.4250000000000433E+00
-1.4250000000000431E+00
-1.4250000000000418E+00
-1.4250000000000405E+00
-1.4250000000000400E+00
-1.4250000000000369E+00
-1.4250000000000353E+00
-1.4250000000000351E+00
-1.4250000000000349E+00
-1.4250000000000325E+00
-1.4250000000000309E+00
-1.4250000000000289E+00
-1.4250000000000291E+00
-1.4250000000000276E+00
-1.4250000000000262E+00
-1.4250000000000245E+00
-1.4250000000000234E+00
-1.4250000000000236E+00
-1.4250000000000222E+00
-1.4250000000000200E+00
-1.4250000000000171E+00
-1.4250000000000131E+00
-1.4250000000000060E+00
-1.4249999999999996E+00
-1.4249999999999947E+00
-1.4249999999999903E+00
-1.4249999999999894E+00
-1.4249999999999885E+00
-1.4249999999999878E+00
-1.4249999999999874E+00
-1.4249999999999865E+00
-1.4249999999999858E+00
-1.4249999999999865E+00
-1.5000000000000449E+00
-1.5000000000000442E+00
-1.5000000000000429E+00
-1.5000000000000411E+00
-1.5000000000000393E+00
-1.5000000000000375E+00
-1.5000000000000353E+00
-1.5000000000000357E+00
-1.5000000000000342E+00
-1.5000000000000346E+00
-1.5000000000000324E+00
-1.5000000000000306E+00
-1.5000000000000295E+00
-1.5000000000000284E+00
-1.5000000000000264E+00
-1.5000000000000242E+00
-1.5000000000000231E+00
-1.5000000000000244E+00
-1.5000000000000209E+00
-1.5000000000000200E+00
-1.5000000000000169E+00
-1.5000000000000151E+00
-1.5000000000000078E+00
-1.5000000000000000E+00
-1.4999999999999933E+00
-1.4999999999999900E+00
-1.4999999999999876E+00
-1.4999999999999862E+00
-1.4999999999999865E+00
-1.4999999999999860E+00
-1.4999999999999853E+00
-1.4999999999999847E+00
-1.4999999999999858E+00
-1.5750000000000455E+00
-1.5750000000000453E+00
-1.5750000000000437E+00
-1.5750000000000419E+00
-1.5750000000000393E+00
-1.5750000000000370E+00
-1.5750000000000353E+00
-1.5750000000000364E+00
-1.5750000000000364E+00
-1.5750000000000359E+00
-1.5750000000000346E+00
-1.5750000000000322E+00
-1.5750000000000313E+00
-1.5750000000000293E+00
-1.5750000000000257E+00
-1.5750000000000248E+00
-1.5750000000000242E+00
-1.5750000000000235E+00
-1.5750000000000219E+00
-1.5750000000000202E+00
-1.5750000000000182E+00
-1.5750000000000157E+00
-1.5750000000000088E+00
-1.5750000000000013E+00
-1.5749999999999951E+00
-1.5749999999999902E+00
-1.5749999999999862E+00
-1.5749999999999833E+00
-1.5749999999999831E+00
-1.5749999999999833E+00
-1.5749999999999835E+00
-1.5749999999999837E+00
-1.5749999999999849E+00
-1.6500000000000457E+00
-1.6500000000000457E+00
-1.6500000000000450E+00
-1.6500000000000423E+00
-1.6500000000000388E+00
-1.6500000000000365E+00
-1.6500000000000354E+00
-1.6500000000000370E+00
-1.6500000000000374E+00
-1.6500000000000368E+00
-1.6500000000000350E+00
-1.6500000000000343E+00
-1.6500000000000326E+00
-1.6500000000000297E+00
-1.6500000000000266E+00
-1.6500000000000246E+00
-1.6500000000000234E+00
-1.6500000000000228E+00
-1.6500000000000203E+00
-1.6500000000000206E+00
-1.6500000000000199E+00
-1.6500000000000161E+00
-1.6500000000000086E+00
-1.6500000000000035E+00
-1.6499999999999937E+00
-1.6499999999999886E+00
-1.6499999999999841E+00
-1.6499999999999808E+00
-1.6499999999999821E+00
-1.6499999999999826E+00
-1.6499999999999817E+00
-1.6499999999999837E+00
-1.6499999999999839E+00
-1.7250000000000465E+00
-1.7250000000000458E+00
-1.7250000000000458E+00
-1.7250000000000421E+00
-1.7250000000000392E+00
-1.7250000000000365E+00
-1.7250000000000369E+00
-1.7250000000000378E+00
-1.7250000000000389E+00
-1.7250000000000376E+00
-1.7250000000000374E+00
-1.7250000000000347E+00
-1.7250000000000336E+00
-1.7250000000000292E+00
-1.7250000000000265E+00
-1.7250000000000238E+00
-1.7250000000000223E+00
-1.7250000000000216E+00
-1.7250000000000218E+00
-1.7250000000000192E+00
-1.7250000000000199E+00
-1.7250000000000163E+00
-1.7250000000000103E+00
-1.7250000000000030E+00
-1.7249999999999959E+00
-1.7249999999999870E+00
-1.7249999999999828E+00
-1.7249999999999805E+00
-1.7249999999999810E+00
-1.7249999999999812E+00
-1.7249999999999825E+00
-1.7249999999999850E+00
-1.7249999999999850E+00
-1.8000000000000465E+00
-1.8000000000000456E+00
-1.8000000000000460E+00
-1.8000000000000422E+00
-1.8000000000000389E+00
-1.8000000000000378E+00
-1.8000000000000369E+00
-1.8000000000000385E+00
-1.8000000000000369E+00
-1.8000000000000389E+00
-1.8000000000000376E+00
-1.8000000000000353E+00
-1.8000000000000327E+00
-1.8000000000000302E+00
-1.8000000000000262E+00
-1.8000000000000238E+00
-1.8000000000000227E+00
-1.8000000000000216E+00
-1.8000000000000218E+00
-1.8000000000000187E+00
-1.8000000000000183E+00
-1.8000000000000163E+00
-1.8000000000000091E+00
-1.8000000000000029E+00
-1.7999999999999943E+00
-1.7999999999999865E+00
-1.7999999999999821E+00
-1.7999999999999809E+00
-1.7999999999999803E+00
-1.7999999999999812E+00
-1.7999999999999821E+00
-1.7999999999999856E+00
-1.7999999999999841E+00
