0.0000000000000000E+00
2.4541361715673538E-01
4.4960327246430992E-01
6.6015896811232344E-01
8.7399625729426500E-01
1.0972988290277763E+00
1.3288237811925940E+00
1.5691819142780710E+00
1.8175001399744324E+00
2.0733199755673120E+00
2.3357559159180390E+00
2.6040376722918972E+00
2.8772218197307660E+00
3.1543987622956302E+00
3.4345797954604951E+00
3.7167843008652168E+00
4.0000000000001581E+00
4.2832156991350931E+00
4.5654202045398131E+00
4.8456012377046740E+00
5.1227781802695347E+00
5.3959623277083857E+00
5.6642440840822319E+00
5.9266800244329536E+00
6.1824998600258221E+00
6.4308180857221586E+00
6.6711762188076085E+00
6.9027011709723984E+00
7.1260037427058798E+00
7.3398410318877891E+00
7.5503967275357740E+00
7.7545863828433026E+00
8.0000000000000000E+00
0.0000000000000000E+00
1.8013702945095686E-01
3.9424441498329194E-01
6.0562191581188174E-01
8.2587525351083102E-01
1.0534809783939776E+00
1.2897599467692655E+00
1.5342920188080644E+00
1.7867738037400065E+00
2.0465518239081142E+00
2.3129177173500710E+00
2.5850469620279308E+00
2.8620640300144560E+00
3.1430408771047200E+00
3.4270159598285850E+00
3.7130031288530128E+00
4.0000000000001563E+00
4.2869968711472977E+00
4.5729840401717254E+00
4.8569591228955877E+00
5.1379359699858496E+00
5.4149530379723547E+00
5.6870822826502012E+00
5.9534481760921487E+00
6.2132261962602486E+00
6.4657079811921641E+00
6.7102400532309359E+00
6.9465190216061918E+00
7.1741247464893112E+00
7.3943780841882285E+00
7.6057555850167855E+00
7.8198629705490763E+00
8.0000000000000000E+00
0.0000000000000000E+00
1.5662949556856234E-01
3.4890477724705299E-01
5.6221950837374857E-01
7.8402167553759583E-01
1.0151219572589010E+00
1.2548518911751561E+00
1.5029457160539463E+00
1.7589677533279167E+00
2.0222606118953124E+00
2.2921272335415570E+00
2.5677368730804422E+00
2.8482270460374006E+00
3.1326673103524207E+00
3.4201028487253970E+00
3.7095469433818065E+00
4.0000000000001545E+00
4.2904530566185057E+00
4.5798971512749107E+00
4.8673326896478875E+00
5.1517729539629027E+00
5.4322631269198451E+00
5.7078727664587143E+00
5.9777393881049470E+00
6.2410322466723320E+00
6.4970542839462802E+00
6.7451481088250409E+00
6.9848780427412667E+00
7.2159783244625411E+00
7.4377804916263592E+00
7.6510952227530167E+00
7.8433705044314710E+00
8.0000000000000000E+00
0.0000000000000000E+00
1.4612321096587003E-01
3.2743125086172115E-01
5.3244202723168221E-01
7.5275267146896785E-01
9.8416769179268004E-01
1.2256782313478578E+00
1.4760732742798259E+00
1.7347593006005209E+00
2.0008787743764986E+00
2.2736900276276493E+00
2.5523039104669301E+00
2.8358450691834114E+00
3.1233604738926819E+00
3.4138905108469286E+00
3.7064380863933479E+00
4.0000000000001572E+00
4.2935619136069665E+00
4.5861094891533831E+00
4.8766395261076267E+00
5.1641549308168928E+00
5.4476960895333582E+00
5.7263099723726238E+00
5.9991212256237567E+00
6.2652406993997225E+00
6.5239267257203934E+00
6.7743217686523352E+00
7.0158323082074840E+00
7.2472473285311683E+00
7.4675579727684216E+00
7.6725687491383496E+00
7.8538767890341639E+00
8.0000000000000000E+00
0.0000000000000000E+00
1.4233925425322805E-01
3.1606509634776703E-01
5.1449304449429945E-01
7.3066014559308901E-01
9.6087849222360466E-01
1.2025007866629311E+00
1.4540531853511083E+00
1.7144431801018114E+00
1.9826507332117609E+00
2.2577851881611140E+00
2.5388814633121046E+00
2.8250107563932803E+00
3.1151837587669133E+00
3.4084172738158314E+00
3.7036950200568768E+00
4.0000000000001563E+00
4.2963049799434367E+00
4.5915827261844813E+00
4.8848162412333931E+00
5.1749892436070191E+00
5.4611185366881800E+00
5.7422148118391556E+00
6.0173492667884920E+00
6.2855568198984253E+00
6.5459468146491071E+00
6.7974992133372591E+00
7.0391215077765574E+00
7.2693398544070487E+00
7.4855069555058051E+00
7.6839349036523004E+00
7.8576607457467995E+00
8.0000000000000000E+00
0.0000000000000000E+00
1.4142019841833531E-01
3.1091236517234644E-01
5.0421613430361134E-01
7.1657599809585137E-01
9.4445557398643376E-01
1.1851839638302102E+00
1.4368586402628210E+00
1.6980961953179337E+00
1.9676593688716633E+00
2.2444952175542370E+00
2.5275369039172726E+00
2.8157769548725748E+00
3.1081748538959753E+00
3.4037074524501647E+00
3.7013295307090774E+00
4.0000000000001572E+00
4.2986704692912348E+00
4.5962925475501466E+00
4.8918251461043294E+00
5.1842230451277231E+00
5.4724630960830121E+00
5.7555047824460326E+00
6.0323406311285899E+00
6.3019038046822997E+00
6.5631413597373918E+00
6.8148160361699812E+00
7.0555444260137312E+00
7.2834240019042849E+00
7.4957838656964944E+00
7.6890876348277244E+00
7.8585798015816950E+00
8.0000000000000000E+00
0.0000000000000000E+00
1.4201997995129764E-01
3.0921904880749596E-01
4.9901713540379455E-01
7.0806312200714661E-01
9.3351834127520439E-01
1.1727977622318704E+00
1.4239707692754371E+00
1.6854058302079948E+00
1.9557299211983001E+00
2.2337217063825805E+00
2.5182172476356373E+00
2.8081164882398983E+00
3.1023206065653706E+00
3.3997554007448834E+00
3.6993395818422199E+00
4.0000000000001563E+00
4.3006604181580901E+00
4.6002445992554222E+00
4.8976793934349345E+00
5.1918835117603983E+00
5.4817827523646443E+00
5.7662782936176891E+00
6.0442700788019526E+00
6.3145941697922376E+00
6.5760292307247763E+00
6.8272022377683186E+00
7.0664816587249613E+00
7.2919368779929883E+00
7.5009828645963106E+00
7.6907809511925755E+00
7.8579800200487346E+00
8.0000000000000000E+00
0.0000000000000000E+00
1.4320846025904543E-01
3.0934574950897181E-01
4.9682769277023947E-01
7.0334668613843476E-01
9.2661660778787891E-01
1.1643687612124960E+00
1.4147106987464908E+00
1.6759378771543425E+00
1.9465777868078882E+00
2.2252859638022815E+00
2.5108097754223939E+00
2.8019606123735548E+00
3.0975800589313751E+00
3.3965385415408726E+00
3.6977151717012600E+00
4.0000000000001545E+00
4.3022848282990465E+00
4.6034614584594307E+00
4.9024199410689242E+00
5.1980393876267366E+00
5.4891902245778859E+00
5.7747140361979872E+00
6.0534222131923618E+00
6.3240621228458886E+00
6.5852893012537201E+00
6.8356312387876912E+00
7.0733833922122855E+00
7.2966533138617020E+00
7.5031723072298639E+00
7.6906542504911029E+00
7.8567915397409909E+00
8.0000000000000000E+00
0.0000000000000000E+00
1.4460690691853048E-01
3.1037753519529926E-01
4.9640253142227825E-01
7.0106235085312685E-01
9.2254971369795169E-01
1.1588954371042746E+00
1.4083297332864111E+00
1.6691403159917779E+00
1.9398142201894146E+00
2.2189179476167333E+00
2.5051315207861529E+00
2.7971883698114191E+00
3.0938761695436958E+00
3.3940118114998690E+00
3.6964355063134628E+00
4.0000000000001519E+00
4.3035644936868387E+00
4.6059881885004330E+00
4.9061238304566048E+00
5.2028116301888723E+00
5.4948684792141265E+00
5.7810820523835327E+00
6.0601857798108334E+00
6.3308596840084510E+00
6.5916702667138019E+00
6.8411045628959117E+00
7.0774502863022120E+00
7.2989376491470077E+00
7.5035974685778308E+00
7.6896224648047760E+00
7.8553930930815090E+00
8.0000000000000000E+00
0.0000000000000000E+00
1.4588634784495028E-01
3.1165187645982345E-01
4.9679483168467947E-01
7.0016763692381345E-01
9.2030990825805103E-01
1.1555128514996704E+00
1.4041274339284000E+00
1.6644800127136288E+00
1.9350442164393336E+00
2.2143355835066885E+00
2.5009850252298476E+00
2.7936662692918861E+00
3.0911221001814622E+00
3.3921236258332934E+00
3.6954765521670505E+00
4.0000000000001474E+00
4.3045234478332475E+00
4.6078763741670095E+00
4.9088778998188358E+00
5.2063337307084083E+00
5.4990149747704331E+00
5.7856644164935780E+00
6.0649557835609178E+00
6.3355199872866041E+00
6.5958725660718107E+00
6.8444871485005185E+00
7.0796900917421119E+00
7.2998323630763231E+00
7.5032051683154304E+00
7.6883481235402567E+00
7.8541136521550907E+00
8.0000000000000000E+00
0.0000000000000000E+00
1.4691637533616941E-01
3.1281210133281789E-01
4.9745744804641745E-01
6.9999650972535210E-01
9.1920954777212394E-01
1.1535768249410652E+00
1.4015525296733293E+00
1.6615079161364874E+00
1.9319209978361009E+00
2.2112792840986883E+00
2.4981829975603085E+00
2.7912635424852890E+00
3.0892310100363067E+00
3.3908213712154138E+00
3.6948135704606924E+00
4.0000000000001421E+00
4.3051864295395976E+00
4.6091786287848899E+00
4.9107689899639908E+00
5.2087364575150064E+00
5.5018170024399735E+00
5.7887207159015794E+00
6.0680790021641542E+00
6.3384920838637440E+00
6.5984474703268772E+00
6.8464231750591198E+00
7.0807904522280385E+00
7.3000034902747801E+00
7.5025425519536935E+00
7.6871878986672639E+00
7.8530836246638698E+00
8.0000000000000000E+00
0.0000000000000000E+00
1.4756023304213695E-01
3.1358584985735899E-01
4.9797977261779508E-01
7.0005412022002567E-01
9.1872612165656398E-01
1.1525905614934604E+00
1.4001672679892250E+00
1.6598614365256965E+00
1.9301577967125376E+00
2.2095316156535101E+00
2.4965659256864838E+00
2.7898678963736976E+00
3.0881275046266823E+00
3.3900591924447774E+00
3.6944248707210612E+00
4.0000000000001439E+00
4.3055751292792319E+00
4.6099408075555246E+00
4.9118724953736148E+00
5.2101321036265960E+00
5.5034340743137973E+00
5.7904683843467613E+00
6.0698422032877151E+00
6.3401385634745413E+00
6.5998327320109844E+00
6.8474094385067268E+00
7.0812738783436000E+00
7.2999458797801084E+00
7.5020202273823120E+00
7.6864141501427188E+00
7.8524397669579011E+00
8.0000000000000000E+00
0.0000000000000000E+00
1.4778960226524812E-01
3.1386571099083044E-01
4.9818592262046851E-01
7.0011148264848044E-01
9.1860580407404846E-01
1.1523015981489981E+00
1.3997414739205098E+00
1.6593431993518177E+00
1.9295948440190471E+00
2.2089682139333520E+00
2.4960412250167332E+00
2.7894128734955643E+00
3.0877666110481110E+00
3.3898093690424287E+00
3.6942973265442194E+00
4.0000000000001474E+00
4.3057026734560795E+00
4.6101906309578728E+00
4.9122333889521865E+00
5.2105871265047252E+00
5.5039587749835492E+00
5.7910317860669158E+00
6.0704051559812067E+00
6.3406568006484179E+00
6.6002585260797035E+00
6.8476984018511899E+00
7.0813941959261166E+00
7.2998885173516541E+00
7.5018140773796391E+00
7.6861342890092441E+00
7.8522103977347903E+00
8.0000000000000000E+00
0.0000000000000000E+00
1.4756023304213695E-01
3.1358584985735893E-01
4.9797977261779497E-01
7.0005412022002533E-01
9.1872612165656375E-01
1.1525905614934591E+00
1.4001672679892243E+00
1.6598614365256950E+00
1.9301577967125374E+00
2.2095316156535079E+00
2.4965659256864834E+00
2.7898678963736985E+00
3.0881275046266841E+00
3.3900591924447792E+00
3.6944248707210616E+00
4.0000000000001492E+00
4.3055751292792390E+00
4.6099408075555255E+00
4.9118724953736157E+00
5.2101321036265960E+00
5.5034340743138008E+00
5.7904683843467595E+00
6.0698422032877160E+00
6.3401385634745413E+00
6.5998327320109871E+00
6.8474094385067250E+00
7.0812738783435973E+00
7.2999458797801093E+00
7.5020202273823138E+00
7.6864141501427161E+00
7.8524397669578985E+00
8.0000000000000000E+00
0.0000000000000000E+00
1.4691637533616944E-01
3.1281210133281795E-01
4.9745744804641723E-01
6.9999650972535199E-01
9.1920954777212327E-01
1.1535768249410634E+00
1.4015525296733276E+00
1.6615079161364861E+00
1.9319209978360998E+00
2.2112792840986866E+00
2.4981829975603080E+00
2.7912635424852867E+00
3.0892310100363098E+00
3.3908213712154156E+00
3.6948135704606955E+00
4.0000000000001492E+00
4.3051864295396092E+00
4.6091786287848917E+00
4.9107689899639926E+00
5.2087364575150064E+00
5.5018170024399788E+00
5.7887207159015821E+00
6.0680790021641533E+00
6.3384920838637511E+00
6.5984474703268798E+00
6.8464231750591162E+00
7.0807904522280367E+00
7.3000034902747775E+00
7.5025425519536908E+00
7.6871878986672488E+00
7.8530836246638653E+00
8.0000000000000000E+00
0.0000000000000000E+00
1.4588634784495028E-01
3.1165187645982328E-01
4.9679483168467919E-01
7.0016763692381290E-01
9.2030990825805004E-01
1.1555128514996684E+00
1.4041274339283973E+00
1.6644800127136268E+00
1.9350442164393331E+00
2.2143355835066880E+00
2.5009850252298467E+00
2.7936662692918848E+00
3.0911221001814639E+00
3.3921236258332965E+00
3.6954765521670554E+00
4.0000000000001554E+00
4.3045234478332555E+00
4.6078763741670148E+00
4.9088778998188403E+00
5.2063337307084137E+00
5.4990149747704402E+00
5.7856644164935815E+00
6.0649557835609196E+00
6.3355199872866050E+00
6.5958725660718072E+00
6.8444871485005105E+00
7.0796900917421048E+00
7.2998323630763160E+00
7.5032051683154251E+00
7.6883481235402433E+00
7.8541136521550818E+00
8.0000000000000000E+00
0.0000000000000000E+00
1.4460690691853040E-01
3.1037753519529915E-01
4.9640253142227797E-01
7.0106235085312596E-01
9.2254971369795069E-01
1.1588954371042730E+00
1.4083297332864091E+00
1.6691403159917784E+00
1.9398142201894146E+00
2.2189179476167324E+00
2.5051315207861538E+00
2.7971883698114208E+00
3.0938761695436958E+00
3.3940118114998721E+00
3.6964355063134682E+00
4.0000000000001563E+00
4.3035644936868485E+00
4.6059881885004392E+00
4.9061238304566128E+00
5.2028116301888847E+00
5.4948684792141380E+00
5.7810820523835433E+00
6.0601857798108387E+00
6.3308596840084554E+00
6.5916702667137921E+00
6.8411045628959002E+00
7.0774502863022004E+00
7.2989376491469988E+00
7.5035974685778246E+00
7.6896224648047644E+00
7.8553930930815046E+00
8.0000000000000000E+00
0.0000000000000000E+00
1.4320846025904521E-01
3.0934574950897159E-01
4.9682769277023875E-01
7.0334668613843387E-01
9.2661660778787758E-01
1.1643687612124947E+00
1.4147106987464892E+00
1.6759378771543421E+00
1.9465777868078873E+00
2.2252859638022815E+00
2.5108097754223944E+00
2.8019606123735583E+00
3.0975800589313764E+00
3.3965385415408766E+00
3.6977151717012644E+00
4.0000000000001581E+00
4.3022848282990562E+00
4.6034614584594422E+00
4.9024199410689402E+00
5.1980393876267525E+00
5.4891902245779036E+00
5.7747140361979978E+00
6.0534222131923716E+00
6.3240621228458886E+00
6.5852893012537104E+00
6.8356312387876788E+00
7.0733833922122704E+00
7.2966533138616905E+00
7.5031723072298586E+00
7.6906542504910975E+00
7.8567915397409891E+00
8.0000000000000000E+00
0.0000000000000000E+00
1.4201997995129731E-01
3.0921904880749534E-01
4.9901713540379361E-01
7.0806312200714550E-01
9.3351834127520328E-01
1.1727977622318690E+00
1.4239707692754369E+00
1.6854058302079944E+00
1.9557299211982997E+00
2.2337217063825787E+00
2.5182172476356377E+00
2.8081164882398979E+00
3.1023206065653706E+00
3.3997554007448891E+00
3.6993395818422248E+00
4.0000000000001634E+00
4.3006604181580981E+00
4.6002445992554364E+00
4.8976793934349487E+00
5.1918835117604178E+00
5.4817827523646674E+00
5.7662782936177068E+00
6.0442700788019623E+00
6.3145941697922376E+00
6.5760292307247630E+00
6.8272022377683017E+00
7.0664816587249426E+00
7.2919368779929759E+00
7.5009828645963026E+00
7.6907809511925729E+00
7.8579800200487373E+00
8.0000000000000000E+00
0.0000000000000000E+00
1.4142019841833497E-01
3.1091236517234527E-01
5.0421613430361012E-01
7.1657599809585004E-01
9.4445557398643321E-01
1.1851839638302093E+00
1.4368586402628201E+00
1.6980961953179348E+00
1.9676593688716635E+00
2.2444952175542356E+00
2.5275369039172695E+00
2.8157769548725722E+00
3.1081748538959788E+00
3.4037074524501691E+00
3.7013295307090845E+00
4.0000000000001634E+00
4.2986704692912454E+00
4.5962925475501608E+00
4.8918251461043472E+00
5.1842230451277453E+00
5.4724630960830360E+00
5.7555047824460539E+00
6.0323406311285988E+00
6.3019038046822979E+00
6.5631413597373802E+00
6.8148160361699652E+00
7.0555444260137135E+00
7.2834240019042715E+00
7.4957838656964828E+00
7.6890876348277208E+00
7.8585798015816977E+00
8.0000000000000000E+00
0.0000000000000000E+00
1.4233925425322769E-01
3.1606509634776592E-01
5.1449304449429845E-01
7.3066014559308767E-01
9.6087849222360433E-01
1.2025007866629298E+00
1.4540531853511083E+00
1.7144431801018121E+00
1.9826507332117618E+00
2.2577851881611122E+00
2.5388814633121011E+00
2.8250107563932794E+00
3.1151837587669173E+00
3.4084172738158376E+00
3.7036950200568830E+00
4.0000000000001670E+00
4.2963049799434510E+00
4.5915827261844946E+00
4.8848162412334135E+00
5.1749892436070413E+00
5.4611185366882111E+00
5.7422148118391796E+00
6.0173492667885018E+00
6.2855568198984173E+00
6.5459468146490920E+00
6.7974992133372441E+00
7.0391215077765494E+00
7.2693398544070327E+00
7.4855069555057918E+00
7.6839349036522924E+00
7.8576607457468022E+00
8.0000000000000000E+00
0.0000000000000000E+00
1.4612321096586953E-01
3.2743125086171992E-01
5.3244202723168099E-01
7.5275267146896652E-01
9.8416769179267838E-01
1.2256782313478560E+00
1.4760732742798248E+00
1.7347593006005202E+00
2.0008787743764991E+00
2.2736900276276484E+00
2.5523039104669261E+00
2.8358450691834114E+00
3.1233604738926850E+00
3.4138905108469322E+00
3.7064380863933555E+00
4.0000000000001679E+00
4.2935619136069798E+00
4.5861094891534000E+00
4.8766395261076463E+00
5.1641549308169159E+00
5.4476960895333875E+00
5.7263099723726452E+00
5.9991212256237674E+00
6.2652406993997136E+00
6.5239267257203748E+00
6.7743217686523192E+00
7.0158323082074734E+00
7.2472473285311541E+00
7.4675579727684083E+00
7.6725687491383363E+00
7.8538767890341568E+00
8.0000000000000000E+00
0.0000000000000000E+00
1.5662949556856171E-01
3.4890477724705177E-01
5.6221950837374735E-01
7.8402167553759305E-01
1.0151219572588974E+00
1.2548518911751541E+00
1.5029457160539446E+00
1.7589677533279153E+00
2.0222606118953110E+00
2.2921272335415548E+00
2.5677368730804435E+00
2.8482270460374002E+00
3.1326673103524234E+00
3.4201028487254028E+00
3.7095469433818153E+00
4.0000000000001679E+00
4.2904530566185199E+00
4.5798971512749276E+00
4.8673326896479070E+00
5.1517729539629276E+00
5.4322631269198753E+00
5.7078727664587383E+00
5.9777393881049550E+00
6.2410322466723178E+00
6.4970542839462535E+00
6.7451481088250222E+00
6.9848780427412551E+00
7.2159783244625295E+00
7.4377804916263450E+00
7.6510952227530051E+00
7.8433705044314630E+00
8.0000000000000000E+00
0.0000000000000000E+00
1.8013702945095605E-01
3.9424441498329121E-01
6.0562191581188018E-01
8.2587525351082824E-01
1.0534809783939738E+00
1.2897599467692624E+00
1.5342920188080627E+00
1.7867738037400038E+00
2.0465518239081133E+00
2.3129177173500706E+00
2.5850469620279317E+00
2.8620640300144577E+00
3.1430408771047227E+00
3.4270159598285899E+00
3.7130031288530199E+00
4.0000000000001670E+00
4.2869968711473128E+00
4.5729840401717432E+00
4.8569591228956037E+00
5.1379359699858691E+00
5.4149530379723867E+00
5.6870822826502243E+00
5.9534481760921505E+00
6.2132261962602273E+00
6.4657079811921383E+00
6.7102400532309145E+00
6.9465190216061785E+00
7.1741247464892970E+00
7.3943780841882116E+00
7.6057555850167660E+00
7.8198629705490692E+00
8.0000000000000000E+00
0.0000000000000000E+00
2.4541361715673454E-01
4.4960327246430903E-01
6.6015896811232166E-01
8.7399625729426211E-01
1.0972988290277721E+00
1.3288237811925907E+00
1.5691819142780690E+00
1.8175001399744308E+00
2.0733199755673102E+00
2.3357559159180381E+00
2.6040376722918990E+00
2.8772218197307664E+00
3.1543987622956351E+00
3.4345797954604977E+00
3.7167843008652244E+00
4.0000000000001643E+00
4.2832156991351074E+00
4.5654202045398309E+00
4.8456012377046900E+00
5.1227781802695533E+00
5.3959623277084177E+00
5.6642440840822506E+00
5.9266800244329509E+00
6.1824998600257963E+00
6.4308180857221329E+00
6.6711762188075872E+00
6.9027011709723807E+00
7.1260037427058691E+00
7.3398410318877723E+00
7.5503967275357518E+00
7.7545863828432982E+00
8.0000000000000000E+00
