0.0000000000000000E+00
2.4612155454626441E-01
4.4816307065621291E-01
6.5696728546227334E-01
8.7171095265153997E-01
1.0949871546836805E+00
1.3269914038307040E+00
1.5675399421859730E+00
1.8161391584742899E+00
2.0721382808022852E+00
2.3347783277910121E+00
2.6032238409391613E+00
2.8765821690262108E+00
3.1539175095275280E+00
3.4342619240594932E+00
3.7166245970304765E+00
4.0000000000001306E+00
4.2833754029697886E+00
4.5657380759407715E+00
4.8460824904727318E+00
5.1234178309740424E+00
5.3967761590610781E+00
5.6652216722092179E+00
5.9278617191979324E+00
6.1838608415259140E+00
6.4324600578142137E+00
6.6730085961694634E+00
6.9050128453164614E+00
7.1282890473485763E+00
7.3430327145378147E+00
7.5518369293438479E+00
7.7538784454537684E+00
8.0000000000000000E+00
0.0000000000000000E+00
1.7532191537764991E-01
3.8911147213138469E-01
6.0268634778328467E-01
8.2313136395226383E-01
1.0513164656160794E+00
1.2878712071595617E+00
1.5326962448144561E+00
1.7853964123633868E+00
2.0453795124211651E+00
2.3119268866131035E+00
2.5842298266212476E+00
2.8614136027695669E+00
3.1425543392568480E+00
3.4266920233346276E+00
3.7128411644305435E+00
4.0000000000001332E+00
4.2871588355697243E+00
4.5733079766656415E+00
4.8574456607434158E+00
5.1385863972306876E+00
5.4157701733789949E+00
5.6880731133871256E+00
5.9546204875790520E+00
6.2146035876368177E+00
6.4673037551857320E+00
6.7121287928406046E+00
6.9486835343840649E+00
7.1768686360478489E+00
7.3973136522168028E+00
7.6108885278686733E+00
7.8246780846223745E+00
8.0000000000000000E+00
0.0000000000000000E+00
1.5254667315561748E-01
3.4641203164608408E-01
5.5928349485149986E-01
7.8165734205621717E-01
1.0130169825423845E+00
1.2530147834037115E+00
1.5013615952247392E+00
1.7575864068017706E+00
2.0210802070544340E+00
2.2911223904719238E+00
2.5669072516222071E+00
2.8475637187516640E+00
3.1321710431501653E+00
3.4197715489677827E+00
3.7093813965862883E+00
4.0000000000001359E+00
4.2906186034139813E+00
4.5802284510324904E+00
4.8678289568500990E+00
5.1524362812485922E+00
5.4330927483780362E+00
5.7088776095283080E+00
5.9789197929457787E+00
6.2424135931984308E+00
6.4986384047754457E+00
6.7469852165964515E+00
6.9869830174577556E+00
7.2183426579438965E+00
7.4407165051485844E+00
7.6535879683539694E+00
7.8474533268444073E+00
8.0000000000000000E+00
0.0000000000000000E+00
1.4401425972988754E-01
3.2465819872579971E-01
5.2961641283709515E-01
7.5010322151636444E-01
9.8198917444067391E-01
1.2237423867944457E+00
1.4744369741014041E+00
1.7333261073058086E+00
1.9996615898681538E+00
2.2726509589349582E+00
2.5514484858660471E+00
2.8351595279157049E+00
3.1228485729800162E+00
3.4135481122585025E+00
3.7062672787055657E+00
4.0000000000001386E+00
4.2937327212947141E+00
4.5864518877417719E+00
4.8771514270202534E+00
5.1648404720845535E+00
5.4485515141341994E+00
5.7273490410652759E+00
6.0003384101320574E+00
6.2666738926943912E+00
6.5255630258987800E+00
6.7762576132057148E+00
7.0180108255594664E+00
7.2498967784837474E+00
7.4703835871629876E+00
7.6753418012742527E+00
7.8559857402701372E+00
8.0000000000000000E+00
0.0000000000000000E+00
1.4099483684057673E-01
3.1398418198081368E-01
5.1192492933575462E-01
7.2829960450347819E-01
9.5870984892345079E-01
1.2005861804739701E+00
1.4523863594961923E+00
1.7129803495411631E+00
1.9813980611542652E+00
2.2567131032376584E+00
2.5379966411182457E+00
2.8243004137754708E+00
3.1146530127086636E+00
3.4080618860735652E+00
3.7035177622891156E+00
4.0000000000001448E+00
4.2964822377111664E+00
4.5919381139267132E+00
4.8853469872916095E+00
5.1756995862247903E+00
5.4620033588820034E+00
5.7432868967625756E+00
6.0186019388459497E+00
6.2870196504590350E+00
6.5476136405039895E+00
6.7994138195261860E+00
7.0412901510766863E+00
7.2717003954966337E+00
7.4880750706643280E+00
7.6860158180192411E+00
7.8590051631594511E+00
8.0000000000000000E+00
0.0000000000000000E+00
1.4057332389420774E-01
3.0933843511841219E-01
5.0213511905401331E-01
7.1441292774123766E-01
9.4237474981970459E-01
1.1832690885688559E+00
1.4351568486994268E+00
1.6965869532703868E+00
1.9663559290011798E+00
2.2433769498336580E+00
2.5266109781391051E+00
2.8150333352941632E+00
3.1076186089318378E+00
3.4033350429669076E+00
3.7011437039919226E+00
4.0000000000001457E+00
4.2988562960083652E+00
4.5966649570333757E+00
4.8923813910684384E+00
5.1849666647061010E+00
5.4733890218611467E+00
5.7566230501665778E+00
6.0336440709990375E+00
6.3034130467298146E+00
6.5648431513007530E+00
6.8167309114312999E+00
7.0576252501804309E+00
7.2855870722588723E+00
7.4978648809460688E+00
7.6906615648816441E+00
7.8594266761058211E+00
8.0000000000000000E+00
0.0000000000000000E+00
1.4139447467938440E-01
3.0799435594313129E-01
4.9730277288343344E-01
7.0617759944054603E-01
9.3158448881555223E-01
1.1709661550223527E+00
1.4222817499040679E+00
1.6838872853407552E+00
1.9543957628285478E+00
2.2325702356391277E+00
2.5172564282984675E+00
2.8073431131842392E+00
3.1017400987885475E+00
3.3993665613209254E+00
3.6991452621870056E+00
4.0000000000001448E+00
4.3008547378132871E+00
4.6006334386793588E+00
4.8982599012117305E+00
5.1926568868160281E+00
5.4827435717017856E+00
5.7674297643611094E+00
6.0456042371716707E+00
6.3161127146594493E+00
6.5777182500961118E+00
6.8290338449778059E+00
7.0684155111845826E+00
7.2938224005595620E+00
7.5026972271166503E+00
7.6920056440569242E+00
7.8586055253206455E+00
8.0000000000000000E+00
0.0000000000000000E+00
1.4275174658761344E-01
3.0839344176587852E-01
4.9544132430764776E-01
7.0172193626049839E-01
9.2486725899971911E-01
1.1626390255931209E+00
1.4130612820741522E+00
1.6744226312174946E+00
1.9452216958760840E+00
2.2241047347815077E+00
2.5098150018527599E+00
2.8011572495162591E+00
3.0969743839544064E+00
3.3961325873583417E+00
3.6975118814076176E+00
4.0000000000001501E+00
4.3024881185926755E+00
4.6038674126419457E+00
4.9030256160458690E+00
5.1988427504840100E+00
5.4901849981474955E+00
5.7758952652187325E+00
6.0547783041241363E+00
6.3255773687827102E+00
6.5869387179260270E+00
6.8373609744070407E+00
7.0751327410004183E+00
7.2982780637396116E+00
7.5045586756924365E+00
7.6916065582341773E+00
7.8572482534124166E+00
8.0000000000000000E+00
0.0000000000000000E+00
1.4423312058640200E-01
3.0959231175551349E-01
4.9523240262602353E-01
6.9963774454971128E-01
9.2095841939076906E-01
1.1572713670819226E+00
1.4067341190032596E+00
1.6676460138157096E+00
1.9384518265077477E+00
2.2177195368214986E+00
2.5041120369312351E+00
2.7963616068089370E+00
3.0932496546645902E+00
3.3935914136313241E+00
3.6962244781923781E+00
4.0000000000001483E+00
4.3037755218079194E+00
4.6064085863689668E+00
4.9067503453356913E+00
5.2036383931913344E+00
5.4958879630690225E+00
5.7822804631787426E+00
6.0615481734924757E+00
6.3323539861844953E+00
6.5932658809969222E+00
6.8427286329182371E+00
7.0790415806093687E+00
7.3003622554503975E+00
7.5047675973740606E+00
7.6904076882445471E+00
7.8557668794136273E+00
8.0000000000000000E+00
0.0000000000000000E+00
1.4558470429469905E-01
3.1099694999310401E-01
4.9579845945183498E-01
6.9891264427162048E-01
9.1886525614773240E-01
1.1539936467521241E+00
1.4025958550387463E+00
1.6630170928591033E+00
1.9336874954932113E+00
2.2131293575266224E+00
2.4999488620908550E+00
2.7928219038107516E+00
3.0904790067126049E+00
3.3916914414677684E+00
3.6952591034167037E+00
4.0000000000001492E+00
4.3047408965835947E+00
4.6083085585325261E+00
4.9095209932876811E+00
5.2071780961895247E+00
5.5000511379094057E+00
5.7868706424736187E+00
6.0663125045070148E+00
6.3369829071411052E+00
6.5974041449614367E+00
6.8460063532480371E+00
7.0811347438524059E+00
7.3010873557284901E+00
7.5042015405482507E+00
7.6890030500069528E+00
7.8544152957053308E+00
8.0000000000000000E+00
0.0000000000000000E+00
1.4664621754020088E-01
3.1222861164492338E-01
4.9656046944112459E-01
6.9884462213729304E-01
9.1785854681290924E-01
1.1521280518142987E+00
1.4000660944310226E+00
1.6600683773402332E+00
1.9305693297795810E+00
2.2100680723566510E+00
2.4971348232020518E+00
2.7904062387188242E+00
3.0885754638119591E+00
3.3903803009380087E+00
3.6945912350586689E+00
4.0000000000001483E+00
4.3054087649416308E+00
4.6096196990622866E+00
4.9114245361883295E+00
5.2095937612814529E+00
5.5028651767982089E+00
5.7899319276435941E+00
6.0694306702206440E+00
6.3399316226599769E+00
6.5999339055691593E+00
6.8478719481858628E+00
7.0821414531872309E+00
7.3011553778628180E+00
7.5034395305589587E+00
7.6877713883551326E+00
7.8533537824598287E+00
8.0000000000000000E+00
0.0000000000000000E+00
1.4731890358929881E-01
3.1305276598316434E-01
4.9715230010432571E-01
6.9897557273311539E-01
9.1744421429802792E-01
1.1511968369265881E+00
1.3987198429259802E+00
1.6584455537231197E+00
1.9288167431824057E+00
2.2083226727344698E+00
2.4955141641348182E+00
2.7890050521170902E+00
3.0874658341665717E+00
3.3896134987253226E+00
3.6941999159056782E+00
4.0000000000001501E+00
4.3058000840946233E+00
4.6103865012749754E+00
4.9125341658337192E+00
5.2109949478831883E+00
5.5044858358654434E+00
5.7916773272657824E+00
6.0711832568178181E+00
6.3415544462770885E+00
6.6012801570742026E+00
6.8488031630735735E+00
7.0825557857021124E+00
7.3010244272669960E+00
7.5028476998957583E+00
7.6869472340168912E+00
7.8526810964107296E+00
8.0000000000000000E+00
0.0000000000000000E+00
1.4754885215309690E-01
3.1334110834113577E-01
4.9737122290748570E-01
6.9904705841390402E-01
9.1733714213245410E-01
1.1509175388874242E+00
1.3982997600201938E+00
1.6579293070574086E+00
1.9282526746488040E+00
2.2077565299500375E+00
2.4949856262167276E+00
2.7885463414307989E+00
3.0871016078319720E+00
3.3893613643191678E+00
3.6940711180503190E+00
4.0000000000001510E+00
4.3059288819499857E+00
4.6106386356811315E+00
4.9128983921683220E+00
5.2114536585694813E+00
5.5050143737835375E+00
5.7922434700502130E+00
6.0717473253514243E+00
6.3420706929427997E+00
6.6017002399799916E+00
6.8490824611127392E+00
7.0826628578676836E+00
7.3009529415862078E+00
7.5026287770925979E+00
7.6866588916589222E+00
7.8524511478469332E+00
8.0000000000000000E+00
0.0000000000000000E+00
1.4731890358929892E-01
3.1305276598316450E-01
4.9715230010432565E-01
6.9897557273311539E-01
9.1744421429802792E-01
1.1511968369265881E+00
1.3987198429259802E+00
1.6584455537231193E+00
1.9288167431824066E+00
2.2083226727344702E+00
2.4955141641348204E+00
2.7890050521170919E+00
3.0874658341665726E+00
3.3896134987253230E+00
3.6941999159056800E+00
4.0000000000001537E+00
4.3058000840946287E+00
4.6103865012749816E+00
4.9125341658337245E+00
5.2109949478831918E+00
5.5044858358654487E+00
5.7916773272657789E+00
6.0711832568178261E+00
6.3415544462770939E+00
6.6012801570742079E+00
6.8488031630735762E+00
7.0825557857021098E+00
7.3010244272669977E+00
7.5028476998957592E+00
7.6869472340168965E+00
7.8526810964107323E+00
8.0000000000000000E+00
0.0000000000000000E+00
1.4664621754020093E-01
3.1222861164492344E-01
4.9656046944112464E-01
6.9884462213729270E-01
9.1785854681290924E-01
1.1521280518142989E+00
1.4000660944310235E+00
1.6600683773402329E+00
1.9305693297795830E+00
2.2100680723566546E+00
2.4971348232020549E+00
2.7904062387188255E+00
3.0885754638119614E+00
3.3903803009380105E+00
3.6945912350586725E+00
4.0000000000001554E+00
4.3054087649416370E+00
4.6096196990622946E+00
4.9114245361883393E+00
5.2095937612814600E+00
5.5028651767982169E+00
5.7899319276436003E+00
6.0694306702206511E+00
6.3399316226599796E+00
6.5999339055691646E+00
6.8478719481858663E+00
7.0821414531872318E+00
7.3011553778628189E+00
7.5034395305589632E+00
7.6877713883551397E+00
7.8533537824598296E+00
8.0000000000000000E+00
0.0000000000000000E+00
1.4558470429469905E-01
3.1099694999310418E-01
4.9579845945183532E-01
6.9891264427162081E-01
9.1886525614773318E-01
1.1539936467521250E+00
1.4025958550387476E+00
1.6630170928591042E+00
1.9336874954932148E+00
2.2131293575266269E+00
2.4999488620908576E+00
2.7928219038107542E+00
3.0904790067126084E+00
3.3916914414677715E+00
3.6952591034167082E+00
4.0000000000001563E+00
4.3047408965836009E+00
4.6083085585325350E+00
4.9095209932876926E+00
5.2071780961895353E+00
5.5000511379094172E+00
5.7868706424736303E+00
6.0663125045070192E+00
6.3369829071411097E+00
6.5974041449614393E+00
6.8460063532480406E+00
7.0811347438524113E+00
7.3010873557284945E+00
7.5042015405482569E+00
7.6890030500069537E+00
7.8544152957053317E+00
8.0000000000000000E+00
0.0000000000000000E+00
1.4423312058640195E-01
3.0959231175551355E-01
4.9523240262602403E-01
6.9963774454971150E-01
9.2095841939076972E-01
1.1572713670819239E+00
1.4067341190032616E+00
1.6676460138157121E+00
1.9384518265077517E+00
2.2177195368215026E+00
2.5041120369312391E+00
2.7963616068089410E+00
3.0932496546645964E+00
3.3935914136313290E+00
3.6962244781923848E+00
4.0000000000001554E+00
4.3037755218079292E+00
4.6064085863689792E+00
4.9067503453357064E+00
5.2036383931913504E+00
5.4958879630690403E+00
5.7822804631787603E+00
6.0615481734924890E+00
6.3323539861845051E+00
6.5932658809969311E+00
6.8427286329182477E+00
7.0790415806093749E+00
7.3003622554504037E+00
7.5047675973740651E+00
7.6904076882445489E+00
7.8557668794136317E+00
8.0000000000000000E+00
0.0000000000000000E+00
1.4275174658761344E-01
3.0839344176587841E-01
4.9544132430764803E-01
7.0172193626049917E-01
9.2486725899972011E-01
1.1626390255931220E+00
1.4130612820741546E+00
1.6744226312174981E+00
1.9452216958760880E+00
2.2241047347815108E+00
2.5098150018527656E+00
2.8011572495162658E+00
3.0969743839544144E+00
3.3961325873583492E+00
3.6975118814076251E+00
4.0000000000001572E+00
4.3024881185926871E+00
4.6038674126419643E+00
4.9030256160458912E+00
5.1988427504840278E+00
5.4901849981475168E+00
5.7758952652187556E+00
6.0547783041241559E+00
6.3255773687827235E+00
6.5869387179260412E+00
6.8373609744070505E+00
7.0751327410004254E+00
7.2982780637396178E+00
7.5045586756924409E+00
7.6916065582341844E+00
7.8572482534124184E+00
8.0000000000000000E+00
0.0000000000000000E+00
1.4139447467938435E-01
3.0799435594313146E-01
4.9730277288343344E-01
7.0617759944054703E-01
9.3158448881555300E-01
1.1709661550223545E+00
1.4222817499040694E+00
1.6838872853407587E+00
1.9543957628285527E+00
2.2325702356391322E+00
2.5172564282984737E+00
2.8073431131842472E+00
3.1017400987885573E+00
3.3993665613209347E+00
3.6991452621870167E+00
4.0000000000001572E+00
4.3008547378132995E+00
4.6006334386793784E+00
4.8982599012117500E+00
5.1926568868160494E+00
5.4827435717018114E+00
5.7674297643611370E+00
6.0456042371716938E+00
6.3161127146594636E+00
6.5777182500961295E+00
6.8290338449778165E+00
7.0684155111845897E+00
7.2938224005595691E+00
7.5026972271166548E+00
7.6920056440569322E+00
7.8586055253206473E+00
8.0000000000000000E+00
0.0000000000000000E+00
1.4057332389420768E-01
3.0933843511841230E-01
5.0213511905401331E-01
7.1441292774123843E-01
9.4237474981970548E-01
1.1832690885688577E+00
1.4351568486994288E+00
1.6965869532703901E+00
1.9663559290011849E+00
2.2433769498336642E+00
2.5266109781391126E+00
2.8150333352941712E+00
3.1076186089318494E+00
3.4033350429669178E+00
3.7011437039919355E+00
4.0000000000001581E+00
4.2988562960083794E+00
4.5966649570333962E+00
4.8923813910684579E+00
5.1849666647061277E+00
5.4733890218611769E+00
5.7566230501666071E+00
6.0336440709990651E+00
6.3034130467298350E+00
6.5648431513007690E+00
6.8167309114313124E+00
7.0576252501804380E+00
7.2855870722588767E+00
7.4978648809460715E+00
7.6906615648816468E+00
7.8594266761058256E+00
8.0000000000000000E+00
0.0000000000000000E+00
1.4099483684057657E-01
3.1398418198081340E-01
5.1192492933575451E-01
7.2829960450347841E-01
9.5870984892345135E-01
1.2005861804739715E+00
1.4523863594961950E+00
1.7129803495411664E+00
1.9813980611542699E+00
2.2567131032376655E+00
2.5379966411182537E+00
2.8243004137754801E+00
3.1146530127086747E+00
3.4080618860735776E+00
3.7035177622891320E+00
4.0000000000001581E+00
4.2964822377111851E+00
4.5919381139267355E+00
4.8853469872916335E+00
5.1756995862248205E+00
5.4620033588820363E+00
5.7432868967626094E+00
6.0186019388459790E+00
6.2870196504590563E+00
6.5476136405040037E+00
6.7994138195261984E+00
7.0412901510766925E+00
7.2717003954966382E+00
7.4880750706643289E+00
7.6860158180192437E+00
7.8590051631594502E+00
8.0000000000000000E+00
0.0000000000000000E+00
1.4401425972988735E-01
3.2465819872579937E-01
5.2961641283709482E-01
7.5010322151636422E-01
9.8198917444067435E-01
1.2237423867944464E+00
1.4744369741014054E+00
1.7333261073058122E+00
1.9996615898681582E+00
2.2726509589349653E+00
2.5514484858660564E+00
2.8351595279157173E+00
3.1228485729800290E+00
3.4135481122585172E+00
3.7062672787055857E+00
4.0000000000001581E+00
4.2937327212947309E+00
4.5864518877417959E+00
4.8771514270202818E+00
5.1648404720845864E+00
5.4485515141342349E+00
5.7273490410653096E+00
6.0003384101320911E+00
6.2666738926944126E+00
6.5255630258987933E+00
6.7762576132057246E+00
7.0180108255594691E+00
7.2498967784837509E+00
7.4703835871629876E+00
7.6753418012742545E+00
7.8559857402701416E+00
8.0000000000000000E+00
0.0000000000000000E+00
1.5254667315561721E-01
3.4641203164608370E-01
5.5928349485149931E-01
7.8165734205621717E-01
1.0130169825423840E+00
1.2530147834037124E+00
1.5013615952247410E+00
1.7575864068017721E+00
2.0210802070544380E+00
2.2911223904719304E+00
2.5669072516222196E+00
2.8475637187516774E+00
3.1321710431501821E+00
3.4197715489678009E+00
3.7093813965863136E+00
4.0000000000001581E+00
4.2906186034140017E+00
4.5802284510325135E+00
4.8678289568501292E+00
5.1524362812486260E+00
5.4330927483780718E+00
5.7088776095283436E+00
5.9789197929458124E+00
6.2424135931984557E+00
6.4986384047754582E+00
6.7469852165964612E+00
6.9869830174577663E+00
7.2183426579439001E+00
7.4407165051485826E+00
7.6535879683539729E+00
7.8474533268444082E+00
8.0000000000000000E+00
0.0000000000000000E+00
1.7532191537764955E-01
3.8911147213138408E-01
6.0268634778328400E-01
8.2313136395226305E-01
1.0513164656160789E+00
1.2878712071595615E+00
1.5326962448144568E+00
1.7853964123633881E+00
2.0453795124211696E+00
2.3119268866131115E+00
2.5842298266212587E+00
2.8614136027695816E+00
3.1425543392568662E+00
3.4266920233346490E+00
3.7128411644305670E+00
4.0000000000001563E+00
4.2871588355697456E+00
4.5733079766656664E+00
4.8574456607434442E+00
5.1385863972307222E+00
5.4157701733790331E+00
5.6880731133871629E+00
5.9546204875790814E+00
6.2146035876368373E+00
6.4673037551857435E+00
6.7121287928406135E+00
6.9486835343840703E+00
7.1768686360478569E+00
7.3973136522168028E+00
7.6108885278686760E+00
7.8246780846223780E+00
8.0000000000000000E+00
0.0000000000000000E+00
2.4612155454626389E-01
4.4816307065621208E-01
6.5696728546227257E-01
8.7171095265153908E-01
1.0949871546836802E+00
1.3269914038307034E+00
1.5675399421859733E+00
1.8161391584742912E+00
2.0721382808022892E+00
2.3347783277910201E+00
2.6032238409391719E+00
2.8765821690262254E+00
3.1539175095275471E+00
3.4342619240595149E+00
3.7166245970305005E+00
4.0000000000001545E+00
4.2833754029698108E+00
4.5657380759407955E+00
4.8460824904727593E+00
5.1234178309740752E+00
5.3967761590611154E+00
5.6652216722092534E+00
5.9278617191979617E+00
6.1838608415259335E+00
6.4324600578142261E+00
6.6730085961694741E+00
6.9050128453164712E+00
7.1282890473485825E+00
7.3430327145378200E+00
7.5518369293438505E+00
7.7538784454537710E+00
8.0000000000000000E+00
