0.0000000000000000E+00
2.3723836057268138E-01
4.2969100175311420E-01
6.3785397697541790E-01
8.5723796044965417E-01
1.0880521324003625E+00
1.3279280918299854E+00
1.5740511409651785E+00
1.8232347459430014E+00
2.0721421099996524E+00
2.3174062163545748E+00
2.5557391348649081E+00
2.7840429555638999E+00
2.9994746373930221E+00
3.1995614816550035E+00
3.3800529859963100E+00
3.5296163224500168E+00
0.0000000000000000E+00
1.6661410410016778E-01
3.7671360874490195E-01
5.9331047882966270E-01
8.2208435524910839E-01
1.0615690819709984E+00
1.3099002337216465E+00
1.5643336315933951E+00
1.8217645727902094E+00
2.0789062433503727E+00
2.3324446919124187E+00
2.5791683767748554E+00
2.8160955321951726E+00
3.0406099041753460E+00
3.2502246590820278E+00
3.4416791955341202E+00
3.5973733580805760E+00
0.0000000000000000E+00
1.4675137069575658E-01
3.4128471061613558E-01
5.6067328288462548E-01
7.9449537790224556E-01
1.0402776707694112E+00
1.2952098872276112E+00
1.5563550088101501E+00
1.8205127358245374E+00
2.0843561260142138E+00
2.3445291443434932E+00
2.5977313972459148E+00
2.8407642015588226E+00
3.0703941090909819E+00
3.2827555626732332E+00
3.4702223648494304E+00
3.6213764260254209E+00
0.0000000000000000E+00
1.4181223588080569E-01
3.2633257733138704E-01
5.4092562233818209E-01
7.7576058295081918E-01
1.0248338227078910E+00
1.2841979918281659E+00
1.5502500867401570E+00
1.8194808112747267E+00
2.0883709881888803E+00
2.3533833135456490E+00
2.6109445121501431E+00
2.8573556876762716E+00
3.0885240974083854E+00
3.2991861525828075E+00
3.4824359418196464E+00
3.6312488635727811E+00
0.0000000000000000E+00
1.4151844149874312E-01
3.2093821361005304E-01
5.3126458239598784E-01
7.6475006880171892E-01
1.0149617886625268E+00
1.2768152439342597E+00
1.5460393698801576E+00
1.8187028591945398E+00
2.0910109887616399E+00
2.3591711154689832E+00
2.6192745985348198E+00
2.8671400357419978E+00
3.0980656402357893E+00
3.3066478829058865E+00
3.4870966141367354E+00
3.6345610460625966E+00
0.0000000000000000E+00
1.4231117017830572E-01
3.1947527396451558E-01
5.2722670555717288E-01
7.5936909163476751E-01
1.0096816531808694E+00
1.2726792617244160E+00
1.5436119146411389E+00
1.8182182319416562E+00
2.0924653880636610E+00
2.3623452606121202E+00
2.6236944337664339E+00
2.8720239162868011E+00
3.1024074966184658E+00
3.3095798706806052E+00
3.4884730335572161E+00
3.6352542919506168E+00
0.0000000000000000E+00
1.4271034620656536E-01
3.1925204794726125E-01
5.2616826044252374E-01
7.5779285468349122E-01
1.0080502115253840E+00
1.2713604007193435E+00
1.5428241866157022E+00
1.8180536545264014E+00
2.0929242529207501E+00
2.3633446125589255E+00
2.6250577871631342E+00
2.8734778791517335E+00
3.1036266661894176E+00
3.3103146133244503E+00
3.4887125045961014E+00
3.6352825840517249E+00
0.0000000000000000E+00
1.4231117017830580E-01
3.1947527396451553E-01
5.2722670555717221E-01
7.5936909163476751E-01
1.0096816531808681E+00
1.2726792617244151E+00
1.5436119146411367E+00
1.8182182319416598E+00
2.0924653880636614E+00
2.3623452606121198E+00
2.6236944337664321E+00
2.8720239162868029E+00
3.1024074966184623E+00
3.3095798706806021E+00
3.4884730335572138E+00
3.6352542919506141E+00
0.0000000000000000E+00
1.4151844149874307E-01
3.2093821361005304E-01
5.3126458239598773E-01
7.6475006880171803E-01
1.0149617886625268E+00
1.2768152439342593E+00
1.5460393698801553E+00
1.8187028591945407E+00
2.0910109887616404E+00
2.3591711154689823E+00
2.6192745985348211E+00
2.8671400357419938E+00
3.0980656402357840E+00
3.3066478829058821E+00
3.4870966141367323E+00
3.6345610460625930E+00
0.0000000000000000E+00
1.4181223588080563E-01
3.2633257733138687E-01
5.4092562233818209E-01
7.7576058295081796E-01
1.0248338227078908E+00
1.2841979918281652E+00
1.5502500867401547E+00
1.8194808112747292E+00
2.0883709881888763E+00
2.3533833135456468E+00
2.6109445121501440E+00
2.8573556876762689E+00
3.0885240974083761E+00
3.2991861525827963E+00
3.4824359418196398E+00
3.6312488635727793E+00
0.0000000000000000E+00
1.4675137069575639E-01
3.4128471061613486E-01
5.6067328288462526E-01
7.9449537790224489E-01
1.0402776707694104E+00
1.2952098872276097E+00
1.5563550088101474E+00
1.8205127358245294E+00
2.0843561260142129E+00
2.3445291443434906E+00
2.5977313972459122E+00
2.8407642015588195E+00
3.0703941090909761E+00
3.2827555626732230E+00
3.4702223648494219E+00
3.6213764260254178E+00
0.0000000000000000E+00
1.6661410410016717E-01
3.7671360874490128E-01
5.9331047882966204E-01
8.2208435524910739E-01
1.0615690819709966E+00
1.3099002337216432E+00
1.5643336315933918E+00
1.8217645727902017E+00
2.0789062433503682E+00
2.3324446919124142E+00
2.5791683767748497E+00
2.8160955321951668E+00
3.0406099041753416E+00
3.2502246590820238E+00
3.4416791955341082E+00
3.5973733580805689E+00
0.0000000000000000E+00
2.3723836057268061E-01
4.2969100175311320E-01
6.3785397697541690E-01
8.5723796044965295E-01
1.0880521324003596E+00
1.3279280918299821E+00
1.5740511409651745E+00
1.8232347459429890E+00
2.0721421099996471E+00
2.3174062163545699E+00
2.5557391348649028E+00
2.7840429555638888E+00
2.9994746373930159E+00
3.1995614816549955E+00
3.3800529859963029E+00
3.5296163224500074E+00
0.0000000000000000E+00
2.3718081455527312E-01
4.2967248647407569E-01
6.3788992805522449E-01
8.5733797011447677E-01
1.0882244227301383E+00
1.3281820820758368E+00
1.5743963332681385E+00
1.8236790123782369E+00
2.0726900713729601E+00
2.3180580989502508E+00
2.5564901893520133E+00
2.7848833990748387E+00
3.0003900286102732E+00
3.2005334312083171E+00
3.3810601140795278E+00
3.5306353873474978E+00
0.0000000000000000E+00
1.6663479572180712E-01
3.7677207467498403E-01
5.9342081889985554E-01
8.2225043258300956E-01
1.0617960611519446E+00
1.3101954295933782E+00
1.5647053819958672E+00
1.8222202655850122E+00
2.0794505396981546E+00
2.3330782991906496E+00
2.5798874602260051E+00
2.8168916988867507E+00
3.0414706293877081E+00
3.2511340123165087E+00
3.4426187408293507E+00
3.5983231372157278E+00
0.0000000000000000E+00
1.4682582917624748E-01
3.4141256552010424E-01
5.6084912496251638E-01
7.9471877416651349E-01
1.0405513458370963E+00
1.2955399355587434E+00
1.5567491432799803E+00
1.8209781623232348E+00
2.0848976653556943E+00
2.3451479717706758E+00
2.5984244694343674E+00
2.8415242870765165E+00
3.0712102631600042E+00
3.2836138696564245E+00
3.4711067944153831E+00
3.6222696999301816E+00
0.0000000000000000E+00
1.4192255697527620E-01
3.2651240047166319E-01
5.4115468731986605E-01
7.7603111869284414E-01
1.0251459133607885E+00
1.2845566272913365E+00
1.5506626158610093E+00
1.8199544427511716E+00
2.0889107889656247E+00
2.3539909149953093E+00
2.6116175545671516E+00
2.8580878911433629E+00
3.0893057759859466E+00
3.3000049705891166E+00
3.4832777378753748E+00
3.6320984313664075E+00
0.0000000000000000E+00
1.4165134466704118E-01
3.2115303627240549E-01
5.3153156921297362E-01
7.6505540697200125E-01
1.0153025991545961E+00
1.2771953726710994E+00
1.5464658244123415E+00
1.8191828885133625E+00
2.0915499014819154E+00
2.3597709340633752E+00
2.6199335073645651E+00
2.8678524778074590E+00
3.0988228574251955E+00
3.3074386809558849E+00
3.4879081647829424E+00
3.6353796104780627E+00
0.0000000000000000E+00
1.4245640198863016E-01
3.1971001021069989E-01
5.2751609774998476E-01
7.5969556161189833E-01
1.0100401946268478E+00
1.2730727731797209E+00
1.5440471110098830E+00
1.8187023758852179E+00
2.0930039542580254E+00
2.3629405350376569E+00
2.6243449551381035E+00
2.8727245843576323E+00
3.1031501257143135E+00
3.3103539585654174E+00
3.4892665507112244E+00
3.6360543728209258E+00
0.0000000000000000E+00
1.4285948377190785E-01
3.1949322119177082E-01
5.2646503225291119E-01
7.5812638911606378E-01
1.0084147388419027E+00
1.2717584582154409E+00
1.5432623679686437E+00
1.8185392222878587E+00
2.0934627394668079E+00
2.3639383966472454E+00
2.6257055308134816E+00
2.8741746388117262E+00
3.1043644500937710E+00
3.3110831513311907E+00
3.4895000331936958E+00
3.6360765273112210E+00
0.0000000000000000E+00
1.4245640198863013E-01
3.1971001021069967E-01
5.2751609774998476E-01
7.5969556161189822E-01
1.0100401946268482E+00
1.2730727731797205E+00
1.5440471110098803E+00
1.8187023758852154E+00
2.0930039542580268E+00
2.3629405350376556E+00
2.6243449551381008E+00
2.8727245843576301E+00
3.1031501257143113E+00
3.3103539585654129E+00
3.4892665507112217E+00
3.6360543728209249E+00
0.0000000000000000E+00
1.4165134466704121E-01
3.2115303627240538E-01
5.3153156921297318E-01
7.6505540697200103E-01
1.0153025991545952E+00
1.2771953726710974E+00
1.5464658244123404E+00
1.8191828885133610E+00
2.0915499014819146E+00
2.3597709340633748E+00
2.6199335073645620E+00
2.8678524778074532E+00
3.0988228574251946E+00
3.3074386809558827E+00
3.4879081647829397E+00
3.6353796104780596E+00
0.0000000000000000E+00
1.4192255697527600E-01
3.2651240047166280E-01
5.4115468731986605E-01
7.7603111869284391E-01
1.0251459133607876E+00
1.2845566272913351E+00
1.5506626158610086E+00
1.8199544427511696E+00
2.0889107889656229E+00
2.3539909149953089E+00
2.6116175545671463E+00
2.8580878911433598E+00
3.0893057759859457E+00
3.3000049705891059E+00
3.4832777378753677E+00
3.6320984313664035E+00
0.0000000000000000E+00
1.4682582917624709E-01
3.4141256552010385E-01
5.6084912496251593E-01
7.9471877416651260E-01
1.0405513458370945E+00
1.2955399355587414E+00
1.5567491432799785E+00
1.8209781623232308E+00
2.0848976653556908E+00
2.3451479717706731E+00
2.5984244694343643E+00
2.8415242870765138E+00
3.0712102631600002E+00
3.2836138696564179E+00
3.4711067944153711E+00
3.6222696999301776E+00
0.0000000000000000E+00
1.6663479572180656E-01
3.7677207467498330E-01
5.9342081889985487E-01
8.2225043258300801E-01
1.0617960611519419E+00
1.3101954295933762E+00
1.5647053819958636E+00
1.8222202655850062E+00
2.0794505396981502E+00
2.3330782991906434E+00
2.5798874602259994E+00
2.8168916988867418E+00
3.0414706293877036E+00
3.2511340123164980E+00
3.4426187408293458E+00
3.5983231372157189E+00
0.0000000000000000E+00
2.3718081455527265E-01
4.2967248647407469E-01
6.3788992805522338E-01
8.5733797011447521E-01
1.0882244227301359E+00
1.3281820820758354E+00
1.5743963332681350E+00
1.8236790123782278E+00
2.0726900713729552E+00
2.3180580989502420E+00
2.5564901893520067E+00
2.7848833990748307E+00
3.0003900286102660E+00
3.2005334312083091E+00
3.3810601140795207E+00
3.5306353873474898E+00
0.0000000000000000E+00
2.3699264679605472E-01
4.2959259081346918E-01
6.3796701121706123E-01
8.5760443288614507E-01
1.0887088088874726E+00
1.3289163175711467E+00
1.5754119322400011E+00
1.8250017200332029E+00
2.0743349596812526E+00
2.3200262029321475E+00
2.5587668679052062E+00
2.7874382653113705E+00
3.0031781693294817E+00
3.2034976305524334E+00
3.3841338310763893E+00
3.5337462683499439E+00
0.0000000000000000E+00
1.6668764726824548E-01
3.7692782649535528E-01
5.9372468684367341E-01
8.2271755698098947E-01
1.0624460110167624E+00
1.3110540343938768E+00
1.5658008632522757E+00
1.8235770517637873E+00
2.0810838791488737E+00
2.3349906512378205E+00
2.5820668606451789E+00
2.8193118567189117E+00
3.0440923476784731E+00
3.2539074990498600E+00
3.4454864317097278E+00
3.6012227547403741E+00
0.0000000000000000E+00
1.4704214102023946E-01
3.4177962049598265E-01
5.6135207587756542E-01
7.9535975096888922E-01
1.0413426157822450E+00
1.2965037824848535E+00
1.5579120306636769E+00
1.8223640568724162E+00
2.0865223294784467E+00
2.3470152566088958E+00
2.6005247424660936E+00
2.8438346957710832E+00
3.0736963339848735E+00
3.2862318976691447E+00
3.4738065464665007E+00
3.6249971119132112E+00
0.0000000000000000E+00
1.4224692958978213E-01
3.2703654479787503E-01
5.4181872170542389E-01
7.7681474205290435E-01
1.0260533555809170E+00
1.2856068344359115E+00
1.5518809783064695E+00
1.8213649594668162E+00
2.0905299730566482E+00
2.3558239817783835E+00
2.6136569066822939E+00
2.8603135163245192E+00
3.0916869817767045E+00
3.3025028313161737E+00
3.4858477085445649E+00
3.6346927795235096E+00
0.0000000000000000E+00
1.4204327788956056E-01
3.2178235877802364E-01
5.3230989131190143E-01
7.6594409325781088E-01
1.0162968093303579E+00
1.2783105235307231E+00
1.5477262343622187E+00
1.8206126589195502E+00
2.0931662656966603E+00
2.3615802810876927E+00
2.6219298749967215E+00
2.8700180304745042E+00
3.1011297043149848E+00
3.3098513543327774E+00
3.4903861703793897E+00
3.6378796840164322E+00
0.0000000000000000E+00
1.4288502058784935E-01
3.2039892118265928E-01
5.2836173688616084E-01
7.6064791927812503E-01
1.0110879289840558E+00
1.2742283623534578E+00
1.5453339366979399E+00
1.8201445507393743E+00
2.0946191996412278E+00
2.3647360321047550E+00
2.6263158136579889E+00
2.8748543531600719E+00
3.1054126500492303E+00
3.3127158699470503E+00
3.4916897783490937E+00
3.6384983025411515E+00
0.0000000000000000E+00
1.4329969009860175E-01
3.2020135032986352E-01
5.2733280740699762E-01
7.5910001073888889E-01
1.0094805339892943E+00
1.2729277837874633E+00
1.5445582166409784E+00
1.8199856930090164E+00
2.0950777218583609E+00
2.3657293509693207E+00
2.6276679410503392E+00
2.8762925303858520E+00
3.1066122577411832E+00
3.3134282111545388E+00
3.4919050808084697E+00
3.6385018257084760E+00
0.0000000000000000E+00
1.4288502058784938E-01
3.2039892118265917E-01
5.2836173688616073E-01
7.6064791927812458E-01
1.0110879289840549E+00
1.2742283623534572E+00
1.5453339366979384E+00
1.8201445507393759E+00
2.0946191996412296E+00
2.3647360321047555E+00
2.6263158136579898E+00
2.8748543531600652E+00
3.1054126500492267E+00
3.3127158699470471E+00
3.4916897783490946E+00
3.6384983025411510E+00
0.0000000000000000E+00
1.4204327788956062E-01
3.2178235877802325E-01
5.3230989131190087E-01
7.6594409325781099E-01
1.0162968093303568E+00
1.2783105235307228E+00
1.5477262343622191E+00
1.8206126589195550E+00
2.0931662656966621E+00
2.3615802810876905E+00
2.6219298749967224E+00
2.8700180304745011E+00
3.1011297043149835E+00
3.3098513543327734E+00
3.4903861703793861E+00
3.6378796840164327E+00
0.0000000000000000E+00
1.4224692958978200E-01
3.2703654479787497E-01
5.4181872170542267E-01
7.7681474205290424E-01
1.0260533555809157E+00
1.2856068344359124E+00
1.5518809783064684E+00
1.8213649594668213E+00
2.0905299730566482E+00
2.3558239817783821E+00
2.6136569066822939E+00
2.8603135163245166E+00
3.0916869817767036E+00
3.3025028313161715E+00
3.4858477085445649E+00
3.6346927795235056E+00
0.0000000000000000E+00
1.4704214102023927E-01
3.4177962049598209E-01
5.6135207587756497E-01
7.9535975096888722E-01
1.0413426157822450E+00
1.2965037824848533E+00
1.5579120306636776E+00
1.8223640568724155E+00
2.0865223294784454E+00
2.3470152566088927E+00
2.6005247424660882E+00
2.8438346957710769E+00
3.0736963339848717E+00
3.2862318976691394E+00
3.4738065464664971E+00
3.6249971119132023E+00
0.0000000000000000E+00
1.6668764726824506E-01
3.7692782649535445E-01
5.9372468684367186E-01
8.2271755698098803E-01
1.0624460110167602E+00
1.3110540343938786E+00
1.5658008632522755E+00
1.8235770517637850E+00
2.0810838791488733E+00
2.3349906512378182E+00
2.5820668606451718E+00
2.8193118567189082E+00
3.0440923476784678E+00
3.2539074990498569E+00
3.4454864317097194E+00
3.6012227547403679E+00
0.0000000000000000E+00
2.3699264679605395E-01
4.2959259081346812E-01
6.3796701121705923E-01
8.5760443288614396E-01
1.0887088088874708E+00
1.3289163175711480E+00
1.5754119322400009E+00
1.8250017200332023E+00
2.0743349596812517E+00
2.3200262029321421E+00
2.5587668679052005E+00
2.7874382653113692E+00
3.0031781693294750E+00
3.2034976305524308E+00
3.3841338310763831E+00
3.5337462683499341E+00
0.0000000000000000E+00
2.3662507740180874E-01
4.2937452593792930E-01
6.3798823001882798E-01
8.5793182556515979E-01
1.0894035576500605E+00
1.3300442844592613E+00
1.5770358261354112E+00
1.8271715239166435E+00
2.0770797262712346E+00
2.3233487416207943E+00
2.5626413863219897E+00
2.7918105890384899E+00
3.0079680604095085E+00
3.2086027748084787E+00
3.3894351366350399E+00
3.5391141514322699E+00
0.0000000000000000E+00
1.6674329375505606E-01
3.7711835990149217E-01
5.9413589560803226E-01
8.2338738357230412E-01
1.0634214343086048E+00
1.3123915594115914E+00
1.5675584293567835E+00
1.8258029194942569E+00
2.0838075712562607E+00
2.3382172588912229E+00
2.5857747851931481E+00
2.8234534509667379E+00
3.0485967419859845E+00
3.2586848881501456E+00
3.4504331872361389E+00
3.6062268949431906E+00
0.0000000000000000E+00
1.4737735657030426E-01
3.4233274899047994E-01
5.6210357678361478E-01
7.9632550430942650E-01
1.0425575279599690E+00
1.2980188672622543E+00
1.5597827064359882E+00
1.8246381001415408E+00
2.0892302306960739E+00
2.3501643714544160E+00
2.6040971920295304E+00
2.8477883801039590E+00
3.0779681737727587E+00
3.2907423613593689E+00
3.4784646155933019E+00
3.6297051054755936E+00
0.0000000000000000E+00
1.4276360593185422E-01
3.2785523500630875E-01
5.4284326721434284E-01
7.7802223486755906E-01
1.0274649108513034E+00
1.2872678129653112E+00
1.5538450651534523E+00
1.8236800587669921E+00
2.0932278631428862E+00
2.3589142734178292E+00
2.6171250548110963E+00
2.8641221003222306E+00
3.0957792328877280E+00
3.3068073115729888E+00
3.4902831537644428E+00
3.6391724569685495E+00
0.0000000000000000E+00
1.4267173383788012E-01
3.2277673493206521E-01
5.3352652140512824E-01
7.6732881775913009E-01
1.0178549971500295E+00
1.2800813000699633E+00
1.5497613175642559E+00
1.8229600518393512E+00
2.0958589284436759E+00
2.3646297834855279E+00
2.6253244119773482E+00
2.8737238428001537E+00
3.1050947602806040E+00
3.3140100953049920E+00
3.4946642530207761E+00
3.6421980351108063E+00
0.0000000000000000E+00
1.4357348871623729E-01
3.2149196499921223E-01
5.2969081066946822E-01
7.6213965386979143E-01
1.0127364375251877E+00
1.2760675252988938E+00
1.5474136970859849E+00
1.8225128229557588E+00
2.0973097216159102E+00
2.3677617022263040E+00
2.6296666498820351E+00
2.8784989605596141E+00
3.1093019628260286E+00
3.3167879110048988E+00
3.4958743317265699E+00
3.6427208023574433E+00
0.0000000000000000E+00
1.4400699728337465E-01
3.2132606808900777E-01
5.2869873584315807E-01
7.6062741237226839E-01
1.0111594932756041E+00
1.2747901779102873E+00
1.5466532489924982E+00
1.8223612074190005E+00
2.0977677200035942E+00
2.3687472002191088E+00
2.6310043002646264E+00
2.8799168248759308E+00
3.1104764344689495E+00
3.3174714974693202E+00
3.4960586316213100E+00
3.6426925601430020E+00
0.0000000000000000E+00
1.4357348871623710E-01
3.2149196499921262E-01
5.2969081066946799E-01
7.6213965386979199E-01
1.0127364375251873E+00
1.2760675252988944E+00
1.5474136970859884E+00
1.8225128229557590E+00
2.0973097216159107E+00
2.3677617022263036E+00
2.6296666498820360E+00
2.8784989605596207E+00
3.1093019628260210E+00
3.3167879110048966E+00
3.4958743317265730E+00
3.6427208023574402E+00
0.0000000000000000E+00
1.4267173383788001E-01
3.2277673493206532E-01
5.3352652140512846E-01
7.6732881775912942E-01
1.0178549971500284E+00
1.2800813000699631E+00
1.5497613175642582E+00
1.8229600518393536E+00
2.0958589284436786E+00
2.3646297834855310E+00
2.6253244119773465E+00
2.8737238428001564E+00
3.1050947602806009E+00
3.3140100953049885E+00
3.4946642530207814E+00
3.6421980351108059E+00
0.0000000000000000E+00
1.4276360593185411E-01
3.2785523500630870E-01
5.4284326721434317E-01
7.7802223486755828E-01
1.0274649108513019E+00
1.2872678129653108E+00
1.5538450651534559E+00
1.8236800587669977E+00
2.0932278631428907E+00
2.3589142734178270E+00
2.6171250548110958E+00
2.8641221003222301E+00
3.0957792328877316E+00
3.3068073115729830E+00
3.4902831537644414E+00
3.6391724569685504E+00
0.0000000000000000E+00
1.4737735657030426E-01
3.4233274899047922E-01
5.6210357678361411E-01
7.9632550430942639E-01
1.0425575279599664E+00
1.2980188672622559E+00
1.5597827064359935E+00
1.8246381001415470E+00
2.0892302306960771E+00
2.3501643714544151E+00
2.6040971920295264E+00
2.8477883801039581E+00
3.0779681737727582E+00
3.2907423613593614E+00
3.4784646155932966E+00
3.6297051054755847E+00
0.0000000000000000E+00
1.6674329375505600E-01
3.7711835990149106E-01
5.9413589560803104E-01
8.2338738357230223E-01
1.0634214343086037E+00
1.3123915594115918E+00
1.5675584293567855E+00
1.8258029194942640E+00
2.0838075712562629E+00
2.3382172588912198E+00
2.5857747851931441E+00
2.8234534509667313E+00
3.0485967419859765E+00
3.2586848881501442E+00
3.4504331872361265E+00
3.6062268949431768E+00
0.0000000000000000E+00
2.3662507740180810E-01
4.2937452593792835E-01
6.3798823001882632E-01
8.5793182556515568E-01
1.0894035576500589E+00
1.3300442844592617E+00
1.5770358261354125E+00
1.8271715239166453E+00
2.0770797262712342E+00
2.3233487416207921E+00
2.5626413863219875E+00
2.7918105890384819E+00
3.0079680604095036E+00
3.2086027748084769E+00
3.3894351366350284E+00
3.5391141514322588E+00
0.0000000000000000E+00
2.3598899568401691E-01
4.2887704369228075E-01
6.3777547373917720E-01
8.5812759768846714E-01
1.0901245876823487E+00
1.3314107856854236E+00
1.5791573993999781E+00
1.8301327925909145E+00
2.0809292036205957E+00
2.3280922754161950E+00
2.5682397095614697E+00
2.7981802637577733E+00
3.0149851994929011E+00
3.2161091021453081E+00
3.3972460573764440E+00
3.5470284928923865E+00
0.0000000000000000E+00
1.6674670857173393E-01
3.7722677991588055E-01
5.9449411484560222E-01
8.2407855356965531E-01
1.0645443650393371E+00
1.3140553507875128E+00
1.5698676937169229E+00
1.8288409166209376E+00
2.0876238080823089E+00
2.3428204785519187E+00
2.5911308655715475E+00
2.8294872615495819E+00
3.0551969899745086E+00
3.2657110011766672E+00
3.4577233396544651E+00
3.6136064782620316E+00
0.0000000000000000E+00
1.4778686663826401E-01
3.4297052757681878E-01
5.6295560689427593E-01
7.9744337526956410E-01
1.0440234830525792E+00
1.2999353146604713E+00
1.5622516491459617E+00
1.8277427348167832E+00
2.0930216287654799E+00
2.3546542752771740E+00
2.6092562506638322E+00
2.8535487342073953E+00
3.0842291595419771E+00
3.2973780043155227E+00
3.4853316023528906E+00
3.6366502621197219E+00
0.0000000000000000E+00
1.4342918859185738E-01
3.2887189664506367E-01
5.4408663250460054E-01
7.7948658183673303E-01
1.0292123017679513E+00
1.2893925055278066E+00
1.5564467202346821E+00
1.8268421884450363E+00
2.0970034060261091E+00
2.3633180745277480E+00
2.6221322889947549E+00
2.8696713232731841E+00
3.1017786146938531E+00
3.3131424685161392E+00
3.4968250128187135E+00
3.6457840321198289E+00
0.0000000000000000E+00
1.4349133281886770E-01
3.2403941020602639E-01
5.3504169654557843E-01
7.6904556344257680E-01
1.0198118942369541E+00
1.2823630251293463E+00
1.5524643284111439E+00
1.8261678187013550E+00
2.0996259979791270E+00
2.3689737536446116E+00
2.6302243400821923E+00
2.8791235095164116E+00
3.1109091428354598E+00
3.3201333061627616E+00
3.5009772596232427E+00
3.6485749893391843E+00
0.0000000000000000E+00
1.4447427252144446E-01
3.2289092452845691E-01
5.3136362839743567E-01
7.6400799493874549E-01
1.0148221589987170E+00
1.2784471384134066E+00
1.5501806678152921E+00
1.8257502478589913E+00
2.1010731575925852E+00
2.3720706320801166E+00
2.6345027803157057E+00
2.8838095377227169E+00
3.1150063105870700E+00
3.3227853570621266E+00
3.5020518000204852E+00
3.6489589016067172E+00
0.0000000000000000E+00
1.4493301145396820E-01
3.2276845893316675E-01
5.3042296946491996E-01
7.6254613897067369E-01
1.0132885985901225E+00
1.2772030517824595E+00
1.5494421086378716E+00
1.8256089416190435E+00
2.1015302184616464E+00
2.3730446134199119E+00
2.6358192768089488E+00
2.8851978287673941E+00
3.1161442888805331E+00
3.3234272916291880E+00
3.5021912619523907E+00
3.6488847436668093E+00
0.0000000000000000E+00
1.4447427252144440E-01
3.2289092452845686E-01
5.3136362839743545E-01
7.6400799493874449E-01
1.0148221589987165E+00
1.2784471384134057E+00
1.5501806678152912E+00
1.8257502478589938E+00
2.1010731575925852E+00
2.3720706320801201E+00
2.6345027803157075E+00
2.8838095377227164E+00
3.1150063105870736E+00
3.3227853570621306E+00
3.5020518000204812E+00
3.6489589016067181E+00
0.0000000000000000E+00
1.4349133281886770E-01
3.2403941020602617E-01
5.3504169654557754E-01
7.6904556344257591E-01
1.0198118942369536E+00
1.2823630251293450E+00
1.5524643284111437E+00
1.8261678187013561E+00
2.0996259979791283E+00
2.3689737536446089E+00
2.6302243400821905E+00
2.8791235095164116E+00
3.1109091428354598E+00
3.3201333061627651E+00
3.5009772596232387E+00
3.6485749893391848E+00
0.0000000000000000E+00
1.4342918859185722E-01
3.2887189664506356E-01
5.4408663250460032E-01
7.7948658183673158E-01
1.0292123017679504E+00
1.2893925055278057E+00
1.5564467202346830E+00
1.8268421884450383E+00
2.0970034060261082E+00
2.3633180745277458E+00
2.6221322889947563E+00
2.8696713232731805E+00
3.1017786146938495E+00
3.3131424685161366E+00
3.4968250128187144E+00
3.6457840321198227E+00
0.0000000000000000E+00
1.4778686663826363E-01
3.4297052757681812E-01
5.6295560689427560E-01
7.9744337526956210E-01
1.0440234830525787E+00
1.2999353146604713E+00
1.5622516491459604E+00
1.8277427348167834E+00
2.0930216287654817E+00
2.3546542752771686E+00
2.6092562506638308E+00
2.8535487342073873E+00
3.0842291595419731E+00
3.2973780043155214E+00
3.4853316023528795E+00
3.6366502621197183E+00
0.0000000000000000E+00
1.6674670857173346E-01
3.7722677991588033E-01
5.9449411484560100E-01
8.2407855356965332E-01
1.0645443650393374E+00
1.3140553507875115E+00
1.5698676937169234E+00
1.8288409166209392E+00
2.0876238080823093E+00
2.3428204785519151E+00
2.5911308655715422E+00
2.8294872615495756E+00
3.0551969899745073E+00
3.2657110011766592E+00
3.4577233396544576E+00
3.6136064782620219E+00
0.0000000000000000E+00
2.3598899568401641E-01
4.2887704369228008E-01
6.3777547373917665E-01
8.5812759768846536E-01
1.0901245876823475E+00
1.3314107856854207E+00
1.5791573993999792E+00
1.8301327925909168E+00
2.0809292036205940E+00
2.3280922754161901E+00
2.5682397095614635E+00
2.7981802637577693E+00
3.0149851994928989E+00
3.2161091021453045E+00
3.3972460573764334E+00
3.5470284928923781E+00
0.0000000000000000E+00
2.3494123260632002E-01
4.2787139365222754E-01
6.3704172889474109E-01
8.5788505871547882E-01
1.0905829509607463E+00
1.3327757474034072E+00
1.5816076608701082E+00
1.8338012267640220E+00
2.0858903673658982E+00
2.3343561272423243E+00
2.5757499842796978E+00
2.8068164842256920E+00
3.0245678786794969E+00
3.2264080111442195E+00
3.4079915481727658E+00
3.5579257385611900E+00
0.0000000000000000E+00
1.6660632437659492E-01
3.7705944347883485E-01
5.9453634376637665E-01
8.2449798762922166E-01
1.0655320800194368E+00
1.3158069556653893E+00
1.5725587743518756E+00
1.8326044927189098E+00
2.0925361799484135E+00
2.3488945557456682E+00
2.5983153394936256E+00
2.8376703688320299E+00
3.0642139927738299E+00
3.2753544430727231E+00
3.4677549252572195E+00
3.6237694808560073E+00
0.0000000000000000E+00
1.4819286653533101E-01
3.4352040377340881E-01
5.6366132406024727E-01
7.9843115981110391E-01
1.0454640339256400E+00
1.3020176015327602E+00
1.5651496100505693E+00
1.8315903815789027E+00
2.0978975769087311E+00
2.3605748637034742E+00
2.6161753458747428E+00
2.8613627938068014E+00
3.0927863481851645E+00
3.3064898323855410E+00
3.4947851239992724E+00
3.6462190840914848E+00
0.0000000000000000E+00
1.4416562193652768E-01
3.2991899892750015E-01
5.4530967809718367E-01
7.8093277486891721E-01
1.0310247192411621E+00
1.2917490818273343E+00
1.5595184486371978E+00
1.8307636943086802E+00
2.1018557918893186E+00
2.3691215307892466E+00
2.6288462045094283E+00
2.8772001261736282E+00
3.1099817964254206E+00
3.3218468765587246E+00
3.5058370341311229E+00
3.6548996176345363E+00
0.0000000000000000E+00
1.4441960462164780E-01
3.2540096282872033E-01
5.3661800930690651E-01
7.7082316750092095E-01
1.0219008691453577E+00
1.2849272381868619E+00
1.5556697415153387E+00
1.8301486538959983E+00
2.1044653354899916E+00
2.3746953340150059E+00
2.6367926426578059E+00
2.8864499218416091E+00
3.1188623218328066E+00
3.3285515669879420E+00
3.5096804977518437E+00
3.6573740779173294E+00
0.0000000000000000E+00
1.4550092790688549E-01
3.2442332413911007E-01
5.3314229549840342E-01
7.6598335557032726E-01
1.0170808935465856E+00
1.2811409832154435E+00
1.5534707594999599E+00
1.8297698685715373E+00
2.1059065456310209E+00
2.3777439952503654E+00
2.6409841980679230E+00
2.8910152000779563E+00
3.1228109185457571E+00
3.3310343767931241E+00
3.5105730876449610E+00
3.6575717537963950E+00
0.0000000000000000E+00
1.4598978719595967E-01
3.2435474475387260E-01
5.3226720211716128E-01
7.6458699360599425E-01
1.0156044278552363E+00
1.2799409591169011E+00
1.5527612201873500E+00
1.8296420741412411E+00
2.1063619733964716E+00
2.3787020766560683E+00
2.6422718261275477E+00
2.8923633703446723E+00
3.1238996410272750E+00
3.3316203556268711E+00
3.5106525223315237E+00
3.6574362062210888E+00
0.0000000000000000E+00
1.4550092790688562E-01
3.2442332413910996E-01
5.3314229549840331E-01
7.6598335557032626E-01
1.0170808935465854E+00
1.2811409832154435E+00
1.5534707594999584E+00
1.8297698685715378E+00
2.1059065456310195E+00
2.3777439952503632E+00
2.6409841980679207E+00
2.8910152000779528E+00
3.1228109185457518E+00
3.3310343767931201E+00
3.5105730876449615E+00
3.6575717537963937E+00
0.0000000000000000E+00
1.4441960462164771E-01
3.2540096282871983E-01
5.3661800930690584E-01
7.7082316750091961E-01
1.0219008691453564E+00
1.2849272381868606E+00
1.5556697415153364E+00
1.8301486538959966E+00
2.1044653354899876E+00
2.3746953340150032E+00
2.6367926426578054E+00
2.8864499218416029E+00
3.1188623218328035E+00
3.3285515669879389E+00
3.5096804977518423E+00
3.6573740779173263E+00
0.0000000000000000E+00
1.4416562193652749E-01
3.2991899892749982E-01
5.4530967809718245E-01
7.8093277486891610E-01
1.0310247192411608E+00
1.2917490818273323E+00
1.5595184486371958E+00
1.8307636943086765E+00
2.1018557918893142E+00
2.3691215307892439E+00
2.6288462045094279E+00
2.8772001261736215E+00
3.1099817964254202E+00
3.3218468765587175E+00
3.5058370341311180E+00
3.6548996176345407E+00
0.0000000000000000E+00
1.4819286653533076E-01
3.4352040377340831E-01
5.6366132406024672E-01
7.9843115981110269E-01
1.0454640339256385E+00
1.3020176015327576E+00
1.5651496100505651E+00
1.8315903815789003E+00
2.0978975769087302E+00
2.3605748637034725E+00
2.6161753458747374E+00
2.8613627938067951E+00
3.0927863481851605E+00
3.3064898323855343E+00
3.4947851239992658E+00
3.6462190840914803E+00
0.0000000000000000E+00
1.6660632437659473E-01
3.7705944347883397E-01
5.9453634376637565E-01
8.2449798762922011E-01
1.0655320800194348E+00
1.3158069556653862E+00
1.5725587743518712E+00
1.8326044927189087E+00
2.0925361799484108E+00
2.3488945557456637E+00
2.5983153394936189E+00
2.8376703688320268E+00
3.0642139927738250E+00
3.2753544430727213E+00
3.4677549252572137E+00
3.6237694808560019E+00
0.0000000000000000E+00
2.3494123260631961E-01
4.2787139365222671E-01
6.3704172889473953E-01
8.5788505871547760E-01
1.0905829509607445E+00
1.3327757474034054E+00
1.5816076608701048E+00
1.8338012267640185E+00
2.0858903673658964E+00
2.3343561272423168E+00
2.5757499842796938E+00
2.8068164842256889E+00
3.0245678786794961E+00
3.2264080111442146E+00
3.4079915481727596E+00
3.5579257385611869E+00
0.0000000000000000E+00
2.3326020567155736E-01
4.2600140631367489E-01
6.3534506160389015E-01
8.5674140496551787E-01
1.0903527420191499E+00
1.3337932797287313E+00
1.5841477335178906E+00
1.8380594206995757E+00
2.0919733534351668E+00
2.3422783941308665E+00
2.5854339310392453E+00
2.8180951882599015E+00
3.0371910045988568E+00
3.2400517375511813E+00
3.4222733887959342E+00
3.5724247729319472E+00
0.0000000000000000E+00
1.6617431807724886E-01
3.7630649704037111E-01
5.9384888003764702E-01
8.2419558185809838E-01
1.0659618177604748E+00
1.3172988089825790E+00
1.5753894897021912E+00
1.8369727673616620E+00
2.0985512753295095E+00
2.3565728858205777E+00
2.6075820087577748E+00
2.8483648867534992E+00
3.0761004493171087E+00
3.2881359160705239E+00
3.4810906496480358E+00
3.6372927863478570E+00
0.0000000000000000E+00
1.4846297454131280E-01
3.4369799324221445E-01
5.6382529601998099E-01
7.9885009520513139E-01
1.0464621281644975E+00
1.3039201785796715E+00
1.5682341795304007E+00
1.8360585427021281E+00
2.1038617681688621E+00
2.3680547680571555E+00
2.6251005019058109E+00
2.8715804630393578E+00
3.1040745753992320E+00
3.3185747159933561E+00
3.5073593698951644E+00
3.6589581509025431E+00
0.0000000000000000E+00
1.4483611479889916E-01
3.3071496101903392E-01
5.4612470686414250E-01
7.8193007281214133E-01
1.0324916106098145E+00
1.2939961541034837E+00
1.5628196365949232E+00
1.8353217084897591E+00
2.1077862062832540E+00
2.3764483795745299E+00
2.6375051584169733E+00
2.8870476752370196E+00
3.1208097966017112E+00
3.3334008942659237E+00
3.5178350137100129E+00
3.6670467190411715E+00
0.0000000000000000E+00
1.4531089421779836E-01
3.2657433251830748E-01
5.3786827977627272E-01
7.7223519912001803E-01
1.0237164788409472E+00
1.2874366079889772E+00
1.5591391305696856E+00
1.8347797774934789E+00
2.1103760344626474E+00
2.3819139035266406E+00
2.6452610508682910E+00
2.8960336315046638E+00
3.1293653185556973E+00
3.3397345865320283E+00
3.5212789781175537E+00
3.6691120324231687E+00
0.0000000000000000E+00
1.4650100146238770E-01
3.2579640994827791E-01
5.3463797006156966E-01
7.6764090444144017E-01
1.0191101010552923E+00
1.2838143586850770E+00
1.5570470798788025E+00
1.8344490157998037E+00
2.1118075506507163E+00
2.3848981717171669E+00
2.6493381634224646E+00
2.9004408981099119E+00
3.1331206808702983E+00
3.3419986583519288E+00
3.5219375969049520E+00
3.6690707045415447E+00
0.0000000000000000E+00
1.4702242913090224E-01
3.2578993541738366E-01
5.3384171461602004E-01
7.6632547389129102E-01
1.0177053307813206E+00
1.2826700733669134E+00
1.5563742177814939E+00
1.8343379702253610E+00
2.1122601391845737E+00
2.3858349055214716E+00
2.6505876368236128E+00
2.9017364608147576E+00
3.1341453110974120E+00
3.3425124155179939E+00
3.5219400617423235E+00
3.6688566369436928E+00
0.0000000000000000E+00
1.4650100146238737E-01
3.2579640994827752E-01
5.3463797006156877E-01
7.6764090444144095E-01
1.0191101010552912E+00
1.2838143586850754E+00
1.5570470798787985E+00
1.8344490157998004E+00
2.1118075506507172E+00
2.3848981717171664E+00
2.6493381634224620E+00
2.9004408981099101E+00
3.1331206808702969E+00
3.3419986583519306E+00
3.5219375969049436E+00
3.6690707045415403E+00
0.0000000000000000E+00
1.4531089421779836E-01
3.2657433251830703E-01
5.3786827977627183E-01
7.7223519912001648E-01
1.0237164788409472E+00
1.2874366079889759E+00
1.5591391305696820E+00
1.8347797774934747E+00
2.1103760344626461E+00
2.3819139035266397E+00
2.6452610508682879E+00
2.8960336315046606E+00
3.1293653185556840E+00
3.3397345865320256E+00
3.5212789781175489E+00
3.6691120324231612E+00
0.0000000000000000E+00
1.4483611479889905E-01
3.3071496101903325E-01
5.4612470686414150E-01
7.8193007281214066E-01
1.0324916106098119E+00
1.2939961541034806E+00
1.5628196365949172E+00
1.8353217084897531E+00
2.1077862062832482E+00
2.3764483795745224E+00
2.6375051584169711E+00
2.8870476752370129E+00
3.1208097966016966E+00
3.3334008942659157E+00
3.5178350137100125E+00
3.6670467190411595E+00
0.0000000000000000E+00
1.4846297454131266E-01
3.4369799324221417E-01
5.6382529601997999E-01
7.9885009520513139E-01
1.0464621281644955E+00
1.3039201785796684E+00
1.5682341795303949E+00
1.8360585427021165E+00
2.1038617681688576E+00
2.3680547680571418E+00
2.6251005019058051E+00
2.8715804630393582E+00
3.1040745753992200E+00
3.3185747159933539E+00
3.5073593698951591E+00
3.6589581509025417E+00
0.0000000000000000E+00
1.6617431807724864E-01
3.7630649704037067E-01
5.9384888003764624E-01
8.2419558185809805E-01
1.0659618177604742E+00
1.3172988089825746E+00
1.5753894897021845E+00
1.8369727673616478E+00
2.0985512753295001E+00
2.3565728858205692E+00
2.6075820087577686E+00
2.8483648867535019E+00
3.0761004493171056E+00
3.2881359160705186E+00
3.4810906496480296E+00
3.6372927863478606E+00
0.0000000000000000E+00
2.3326020567155706E-01
4.2600140631367411E-01
6.3534506160388970E-01
8.5674140496551776E-01
1.0903527420191494E+00
1.3337932797287282E+00
1.5841477335178824E+00
1.8380594206995660E+00
2.0919733534351534E+00
2.3422783941308651E+00
2.5854339310392427E+00
2.8180951882598970E+00
3.0371910045988635E+00
3.2400517375511715E+00
3.4222733887959298E+00
3.5724247729319449E+00
0.0000000000000000E+00
2.3060247316466270E-01
4.2271453212761512E-01
6.3201531748772866E-01
8.5401797599495766E-01
1.0888322343267578E+00
1.3339909347455017E+00
1.5864599934758223E+00
1.8427545947786435E+00
2.0991933779929588E+00
2.3520421791453816E+00
2.5976393206564055E+00
2.8325203206858842E+00
3.0534980208850557E+00
3.2577959768823184E+00
3.4409208851197177E+00
3.5913806446187260E+00
0.0000000000000000E+00
1.6521004748417545E-01
3.7447221695250449E-01
5.9178857613070845E-01
8.2249804580095953E-01
1.0652264668002092E+00
1.3180501169349634E+00
1.5780348296572275E+00
1.8417881076290614E+00
2.1056817179176828E+00
2.3660364875960642E+00
2.6192737321918065E+00
2.8620621765164547E+00
3.0914741382223241E+00
3.3047689824042439E+00
3.4985033587976040E+00
3.6549692516604066E+00
0.0000000000000000E+00
1.4836988556567801E-01
3.4303417799121078E-01
5.6282165480037993E-01
7.9803589800698072E-01
1.0464136943188087E+00
1.3051616787563338E+00
1.5711782588037559E+00
1.8409871399476696E+00
2.1109240176333670E+00
2.3772707163612772E+00
2.6363668813387284E+00
2.8846796026099728E+00
3.1186899951809033E+00
3.3343153351012460E+00
3.5237884824657537E+00
3.6756184769372706E+00
0.0000000000000000E+00
1.4519961307157345E-01
3.3078734859263775E-01
5.4591162122474535E-01
7.8182201296007847E-01
1.0330151094906281E+00
1.2956556178993344E+00
1.5660239042832811E+00
1.8403548727986494E+00
2.1148011631658261E+00
2.3854693304717012E+00
2.6484345788912598E+00
2.8996777818640012E+00
3.1348405973162503E+00
3.3484658138156735E+00
3.5335297609033609E+00
3.6829523699820657E+00
0.0000000000000000E+00
1.4590791026002167E-01
3.2707526148027405E-01
5.3817024703153526E-01
7.7262884778161400E-01
1.0246654182007016E+00
1.2894161212589370E+00
1.5625471312242041E+00
1.8398987835728242E+00
2.1173613568052292E+00
2.3907942452579198E+00
2.6559458925889388E+00
2.9083262402352141E+00
3.1429819116755455E+00
3.3543291332334793E+00
3.5364697315783831E+00
3.6845026067328046E+00
0.0000000000000000E+00
1.4720620634309078E-01
3.2651611617364329E-01
5.3522434526095997E-01
7.6832814541897143E-01
1.0203183436090830E+00
1.2859937624850868E+00
1.5605846824714877E+00
1.8396243914113524E+00
2.1187770544028952E+00
2.3936937845584190E+00
2.6598748178554819E+00
2.9125301823541916E+00
3.1464902912549935E+00
3.3563161354233122E+00
3.5368345105554679E+00
3.6841621759301990E+00
0.0000000000000000E+00
1.4775891999972771E-01
3.2657637009283047E-01
5.3451834232661255E-01
7.6710876898623803E-01
1.0190002267696818E+00
1.2849172581988775E+00
1.5599562117684731E+00
1.8395329654374011E+00
2.1192247279038954E+00
2.3946022484025518E+00
2.6610746965354064E+00
2.9137578783532461E+00
3.1474328859051144E+00
3.3567383753581690E+00
3.5367404224063717E+00
3.6838500648783832E+00
0.0000000000000000E+00
1.4720620634309076E-01
3.2651611617364329E-01
5.3522434526095986E-01
7.6832814541897088E-01
1.0203183436090826E+00
1.2859937624850855E+00
1.5605846824714869E+00
1.8396243914113530E+00
2.1187770544028921E+00
2.3936937845584154E+00
2.6598748178554770E+00
2.9125301823541876E+00
3.1464902912549904E+00
3.3563161354233086E+00
3.5368345105554662E+00
3.6841621759301986E+00
0.0000000000000000E+00
1.4590791026002167E-01
3.2707526148027405E-01
5.3817024703153471E-01
7.7262884778161334E-01
1.0246654182007007E+00
1.2894161212589359E+00
1.5625471312242007E+00
1.8398987835728255E+00
2.1173613568052256E+00
2.3907942452579136E+00
2.6559458925889348E+00
2.9083262402352097E+00
3.1429819116755442E+00
3.3543291332334753E+00
3.5364697315783773E+00
3.6845026067328019E+00
0.0000000000000000E+00
1.4519961307157336E-01
3.3078734859263775E-01
5.4591162122474479E-01
7.8182201296007725E-01
1.0330151094906272E+00
1.2956556178993324E+00
1.5660239042832755E+00
1.8403548727986450E+00
2.1148011631658203E+00
2.3854693304716923E+00
2.6484345788912549E+00
2.8996777818640012E+00
3.1348405973162441E+00
3.3484658138156771E+00
3.5335297609033542E+00
3.6829523699820657E+00
0.0000000000000000E+00
1.4836988556567801E-01
3.4303417799121039E-01
5.6282165480037949E-01
7.9803589800698060E-01
1.0464136943188067E+00
1.3051616787563300E+00
1.5711782588037504E+00
1.8409871399476647E+00
2.1109240176333595E+00
2.3772707163612683E+00
2.6363668813387213E+00
2.8846796026099759E+00
3.1186899951808997E+00
3.3343153351012402E+00
3.5237884824657488E+00
3.6756184769372711E+00
0.0000000000000000E+00
1.6521004748417537E-01
3.7447221695250377E-01
5.9178857613070801E-01
8.2249804580095920E-01
1.0652264668002076E+00
1.3180501169349592E+00
1.5780348296572209E+00
1.8417881076290483E+00
2.1056817179176739E+00
2.3660364875960567E+00
2.6192737321917998E+00
2.8620621765164533E+00
3.0914741382223250E+00
3.3047689824042394E+00
3.4985033587975991E+00
3.6549692516604049E+00
0.0000000000000000E+00
2.3060247316466231E-01
4.2271453212761423E-01
6.3201531748772843E-01
8.5401797599495577E-01
1.0888322343267565E+00
1.3339909347454961E+00
1.5864599934758152E+00
1.8427545947786312E+00
2.0991933779929508E+00
2.3520421791453709E+00
2.5976393206563979E+00
2.8325203206858838E+00
3.0534980208850522E+00
3.2577959768823144E+00
3.4409208851197119E+00
3.5913806446187229E+00
0.0000000000000000E+00
2.2641879832204437E-01
4.1713913668483066E-01
6.2603819597119692E-01
8.4874533445112599E-01
1.0852102727153190E+00
1.3327620036145544E+00
1.5881498349150238E+00
1.8477017432968565E+00
2.1075726330858844E+00
2.3638778196825005E+00
2.6128076647818355E+00
2.8507443074900851E+00
3.0743403037270012E+00
3.2806603362360529E+00
3.4650687780137659E+00
3.6159694316845550E+00
0.0000000000000000E+00
1.6330789797257358E-01
3.7074533168284668E-01
5.8735500396302776E-01
8.1842130689513504E-01
1.0624936432582135E+00
1.3174348578080657E+00
1.5800870780897069E+00
1.8468594512957439E+00
2.1139499518308638E+00
2.3775197737321956E+00
2.6338353910222678E+00
2.8794095211110213E+00
3.1111617355750334E+00
3.3262191120296420E+00
3.5210441363418958E+00
3.6778784179733672E+00
0.0000000000000000E+00
1.4750814241864077E-01
3.4073915538657928E-01
5.5966005492054871E-01
7.9500788441470105E-01
1.0444828414968241E+00
1.3051096248417422E+00
1.5735682217882945E+00
1.8461813760934485E+00
2.1191048506458268E+00
2.3884550102226014E+00
2.6504134926524667E+00
2.9012939206940129E+00
3.1374343739096626E+00
3.3546382544824391E+00
3.5450722827084729E+00
3.6972233765863045E+00
0.0000000000000000E+00
1.4481952424726829E-01
3.2933034102229997E-01
5.4368197851295008E-01
7.7963286230943818E-01
1.0317605694370837E+00
1.2960927121413488E+00
1.5687139551432434E+00
1.8456646770859828E+00
2.1229171402745712E+00
2.3964104831178572E+00
2.6620623035274313E+00
2.9157056303032043E+00
3.1528507082196024E+00
3.3679393313324604E+00
3.5538913207106448E+00
3.7036101737554104E+00
0.0000000000000000E+00
1.4574587224222582E-01
3.2607629177412750E-01
5.3652750120190584E-01
7.7102640458684280E-01
1.0239109068446213E+00
1.2902274548893071E+00
1.5654722326163069E+00
1.8453029281726721E+00
2.1254331371144697E+00
2.4015559171971863E+00
2.6692644098491463E+00
2.9239266739805929E+00
3.1604673204959286E+00
3.3732103423956619E+00
3.5562022842593723E+00
3.7045202196927658E+00
0.0000000000000000E+00
1.4713521289130746E-01
3.2573889496293590E-01
5.3389489561693393E-01
7.6706155268117193E-01
1.0198644178783343E+00
1.2870366666738675E+00
1.5636581037713964E+00
1.8450896885577943E+00
2.1268233526951974E+00
2.4043458960590010E+00
2.6730046262061946E+00
2.9278718833686166E+00
3.1636617088496686E+00
3.3748470730762556E+00
3.5561990243254566E+00
3.7038070746503129E+00
0.0000000000000000E+00
1.4771257072996366E-01
3.2586434358086652E-01
5.3328610950334476E-01
7.6595039325056846E-01
1.0186457042668602E+00
1.2860380926266142E+00
1.5630800953161332E+00
1.8450193513502002E+00
2.1272627259799308E+00
2.4052176108757664E+00
2.6741412175529744E+00
2.9290131611582502E+00
3.1644999600067343E+00
3.3751534255029263E+00
3.5559832805718528E+00
3.7033716446390921E+00
0.0000000000000000E+00
1.4713521289130760E-01
3.2573889496293557E-01
5.3389489561693426E-01
7.6706155268117160E-01
1.0198644178783340E+00
1.2870366666738646E+00
1.5636581037713964E+00
1.8450896885577939E+00
2.1268233526951970E+00
2.4043458960590001E+00
2.6730046262061955E+00
2.9278718833686188E+00
3.1636617088496668E+00
3.3748470730762525E+00
3.5561990243254575E+00
3.7038070746503107E+00
0.0000000000000000E+00
1.4574587224222577E-01
3.2607629177412734E-01
5.3652750120190573E-01
7.7102640458684346E-01
1.0239109068446199E+00
1.2902274548893047E+00
1.5654722326163093E+00
1.8453029281726694E+00
2.1254331371144679E+00
2.4015559171971841E+00
2.6692644098491418E+00
2.9239266739805889E+00
3.1604673204959246E+00
3.3732103423956596E+00
3.5562022842593679E+00
3.7045202196927649E+00
0.0000000000000000E+00
1.4481952424726824E-01
3.2933034102229947E-01
5.4368197851294986E-01
7.7963286230943762E-01
1.0317605694370826E+00
1.2960927121413468E+00
1.5687139551432410E+00
1.8456646770859817E+00
2.1229171402745659E+00
2.3964104831178545E+00
2.6620623035274256E+00
2.9157056303031994E+00
3.1528507082195967E+00
3.3679393313324510E+00
3.5538913207106493E+00
3.7036101737554055E+00
0.0000000000000000E+00
1.4750814241864063E-01
3.4073915538657906E-01
5.5966005492054816E-01
7.9500788441470072E-01
1.0444828414968235E+00
1.3051096248417391E+00
1.5735682217882909E+00
1.8461813760934436E+00
2.1191048506458228E+00
2.3884550102225917E+00
2.6504134926524587E+00
2.9012939206940094E+00
3.1374343739096600E+00
3.3546382544824365E+00
3.5450722827084715E+00
3.6972233765863001E+00
0.0000000000000000E+00
1.6330789797257331E-01
3.7074533168284646E-01
5.8735500396302742E-01
8.1842130689513448E-01
1.0624936432582119E+00
1.3174348578080608E+00
1.5800870780897025E+00
1.8468594512957408E+00
2.1139499518308571E+00
2.3775197737321867E+00
2.6338353910222594E+00
2.8794095211110169E+00
3.1111617355750312E+00
3.3262191120296358E+00
3.5210441363418949E+00
3.6778784179733663E+00
0.0000000000000000E+00
2.2641879832204392E-01
4.1713913668483038E-01
6.2603819597119670E-01
8.4874533445112499E-01
1.0852102727153161E+00
1.3327620036145504E+00
1.5881498349150196E+00
1.8477017432968459E+00
2.1075726330858773E+00
2.3638778196824917E+00
2.6128076647818297E+00
2.8507443074900825E+00
3.0743403037269990E+00
3.2806603362360467E+00
3.4650687780137650E+00
3.6159694316845541E+00
0.0000000000000000E+00
2.1978069270443426E-01
4.0784573117244088E-01
6.1588454941350934E-01
8.3959952674530991E-01
1.0784787659531387E+00
1.3293948011572336E+00
1.5887704214960567E+00
1.8526960996776016E+00
2.1171392892142422E+00
2.3780512335704307E+00
2.6314611516040380E+00
2.8735714897144837E+00
3.1008178008365803E+00
3.3100162588166828E+00
3.4962852196567327E+00
3.6478323860765007E+00
0.0000000000000000E+00
1.5973046487022588E-01
3.6374169429660780E-01
5.7898378356073466E-01
8.1059099166865245E-01
1.0567077754938989E+00
1.3147071462184234E+00
1.5810791455016391E+00
1.8519754099841585E+00
2.1233898695901412E+00
2.3913043382524966E+00
2.6518089772505196E+00
2.9012253566373927E+00
3.1362521471714158E+00
3.3537933937218010E+00
3.5501546899480698E+00
3.7075068379075362E+00
0.0000000000000000E+00
1.4510785476199078E-01
3.3542479276284742E-01
5.5277826806029262E-01
7.8838117517239925E-01
1.0395932707519253E+00
1.3029977917869635E+00
1.5749230074219440E+00
1.8514236427153175E+00
2.1284387374964733E+00
2.4018931956726206E+00
2.6677833327179536E+00
2.9222298736631931E+00
3.1613663490000685E+00
3.3808024937279133E+00
3.5725855880044297E+00
3.7251827733231595E+00
0.0000000000000000E+00
1.4285728527387637E-01
3.2492282321884980E-01
5.3786696926623945E-01
7.7396418017096535E-01
1.0276305593498634E+00
1.2945193583183505E+00
1.5703920583373274E+00
1.8510238701917756E+00
2.1321648393871824E+00
2.4095556143672301E+00
2.6789247052911569E+00
2.9359174066439961E+00
3.1758595273521291E+00
3.3930320011218122E+00
3.5802505797627719E+00
3.7303900185369199E+00
0.0000000000000000E+00
1.4394496967792114E-01
3.2212190134916358E-01
5.3134480618261792E-01
7.6600362575195713E-01
1.0203281110951772E+00
1.2890576421577389E+00
1.5673978787103204E+00
1.8507534989180707E+00
2.1346168137504469E+00
2.4144801881649092E+00
2.6857476360129318E+00
2.9436059767214942E+00
3.1828112956699623E+00
3.3975464952208978E+00
3.5817634644614786E+00
3.7304937783429843E+00
0.0000000000000000E+00
1.4538517333069256E-01
3.2197991409808474E-01
5.2902737382533227E-01
7.6239122690859107E-01
1.0165994969106500E+00
1.2861095875500879E+00
1.5657355917463900E+00
1.8505969050000288E+00
2.1359676362626661E+00
2.4171342752007239E+00
2.6892562674659954E+00
2.9472296123134276E+00
3.1856087331587624E+00
3.3987346462173709E+00
3.5812848668284105E+00
3.7292974473285896E+00
0.0000000000000000E+00
1.4597185130100324E-01
3.2215827318334267E-01
5.2851177049218268E-01
7.6139006894370242E-01
1.0154834087088749E+00
1.2851911469478789E+00
1.5652082804913781E+00
1.8505455728215843E+00
2.1363937309688494E+00
2.4179603181741522E+00
2.6903153506651787E+00
2.9482638264551841E+00
3.1863154728699246E+00
3.3988925654081932E+00
3.5809119225368335E+00
3.7287024338698549E+00
0.0000000000000000E+00
1.4538517333069240E-01
3.2197991409808469E-01
5.2902737382533238E-01
7.6239122690858996E-01
1.0165994969106495E+00
1.2861095875500865E+00
1.5657355917463895E+00
1.8505969050000310E+00
2.1359676362626634E+00
2.4171342752007230E+00
2.6892562674659937E+00
2.9472296123134267E+00
3.1856087331587553E+00
3.3987346462173695E+00
3.5812848668284061E+00
3.7292974473285905E+00
0.0000000000000000E+00
1.4394496967792114E-01
3.2212190134916346E-01
5.3134480618261715E-01
7.6600362575195557E-01
1.0203281110951754E+00
1.2890576421577387E+00
1.5673978787103198E+00
1.8507534989180678E+00
2.1346168137504433E+00
2.4144801881649087E+00
2.6857476360129300E+00
2.9436059767214906E+00
3.1828112956699521E+00
3.3975464952208925E+00
3.5817634644614773E+00
3.7304937783429826E+00
0.0000000000000000E+00
1.4285728527387626E-01
3.2492282321884947E-01
5.3786696926623911E-01
7.7396418017096424E-01
1.0276305593498622E+00
1.2945193583183479E+00
1.5703920583373254E+00
1.8510238701917738E+00
2.1321648393871788E+00
2.4095556143672252E+00
2.6789247052911516E+00
2.9359174066439913E+00
3.1758595273521233E+00
3.3930320011218122E+00
3.5802505797627657E+00
3.7303900185369181E+00
0.0000000000000000E+00
1.4510785476199067E-01
3.3542479276284698E-01
5.5277826806029240E-01
7.8838117517239814E-01
1.0395932707519229E+00
1.3029977917869606E+00
1.5749230074219425E+00
1.8514236427153157E+00
2.1284387374964675E+00
2.4018931956726171E+00
2.6677833327179470E+00
2.9222298736631922E+00
3.1613663490000583E+00
3.3808024937279102E+00
3.5725855880044253E+00
3.7251827733231577E+00
0.0000000000000000E+00
1.5973046487022569E-01
3.6374169429660702E-01
5.7898378356073421E-01
8.1059099166864967E-01
1.0567077754938958E+00
1.3147071462184214E+00
1.5810791455016373E+00
1.8519754099841561E+00
2.1233898695901332E+00
2.3913043382524912E+00
2.6518089772505107E+00
2.9012253566373940E+00
3.1362521471714113E+00
3.3537933937217992E+00
3.5501546899480667E+00
3.7075068379075296E+00
0.0000000000000000E+00
2.1978069270443387E-01
4.0784573117244005E-01
6.1588454941350868E-01
8.3959952674530758E-01
1.0784787659531379E+00
1.3293948011572321E+00
1.5887704214960563E+00
1.8526960996775992E+00
2.1171392892142333E+00
2.3780512335704214E+00
2.6314611516040340E+00
2.8735714897144851E+00
3.1008178008365741E+00
3.3100162588166757E+00
3.4962852196567296E+00
3.6478323860764936E+00
0.0000000000000000E+00
2.0891132762801190E-01
3.9237187294161169E-01
5.9929892806924800E-01
8.2500784849607989E-01
1.0675594335948666E+00
1.3231724055997280E+00
1.5878843484576766E+00
1.8575386306090873E+00
2.1279185421489260E+00
2.3948219377876971E+00
2.6541332396850525E+00
2.9018907328613159E+00
3.1342837955643419E+00
3.3477204609051321E+00
3.5368307465281013E+00
3.6893905904745452E+00
0.0000000000000000E+00
1.5298196688506230E-01
3.5090327623518314E-01
5.6430633987965306E-01
7.9732095916531176E-01
1.0467123830293927E+00
1.3090988351631354E+00
1.5805466259309213E+00
1.8569310589515420E+00
2.1340408379334237E+00
2.4076832032816204E+00
2.6737780457684628E+00
2.9284488308108982E+00
3.1681256877955328E+00
3.3892999853042696E+00
3.5878889206755615E+00
3.7459702217353104E+00
0.0000000000000000E+00
1.3948372570116849E-01
3.2452597560697943E-01
5.3977953832830849E-01
7.7639711828960456E-01
1.0305134005230088E+00
1.2980020636812657E+00
1.5747441444118024E+00
1.8564962107755099E+00
2.1389713026649257E+00
2.4178996139758593E+00
2.6890858567026306E+00
2.9484367570754419E+00
3.1918210607293935E+00
3.4145256686083370E+00
3.6083005294861592E+00
3.7615435519404428E+00
0.0000000000000000E+00
1.3753327592278783E-01
3.1495529723607263E-01
5.2600386459574511E-01
7.6296504700234924E-01
1.0192995881510662E+00
1.2900371464308467E+00
1.5705112794667557E+00
1.8561921009369735E+00
2.1425901419852456E+00
2.4252359652026017E+00
2.6996528067005521E+00
2.9612663906738894E+00
3.2051581489987035E+00
3.4253520913261100E+00
3.6144576484942643E+00
3.7652373918137507E+00
0.0000000000000000E+00
1.3868038902138025E-01
3.1252519644841215E-01
5.2006983625762115E-01
7.5560857152858640E-01
1.0124962751886586E+00
1.2849318542148351E+00
1.5677258698685037E+00
1.8559844640163186E+00
2.1449553592562571E+00
2.4299122261074944E+00
2.7060466789217701E+00
2.9683270707620144E+00
3.2112825035532446E+00
3.4288762460849957E+00
3.6148790195056328E+00
3.7642148756069953E+00
0.0000000000000000E+00
1.4009761874553731E-01
3.1250488581681296E-01
5.1800566161059802E-01
7.5229283636264122E-01
1.0090342116900990E+00
1.2821821793643933E+00
1.5661810144109998E+00
1.8558604435528321E+00
2.1462497876188138E+00
2.4324131921612300E+00
2.7092948713439777E+00
2.9715743534727119E+00
3.2135898441105906E+00
3.4294799117954589E+00
3.6137580564389178E+00
3.7623583726045400E+00
0.0000000000000000E+00
1.4066931064362456E-01
3.1270831111855552E-01
5.1755829504710416E-01
7.5137815818093401E-01
1.0079996802405136E+00
1.2813261786410104E+00
1.5656909138496664E+00
1.8558188371274551E+00
2.1466563167890360E+00
2.4331876807206037E+00
2.7102669965274138E+00
2.9724837103628658E+00
3.2141346605817280E+00
3.4294455430714197E+00
3.6131737852550958E+00
3.7615455988978792E+00
0.0000000000000000E+00
1.4009761874553719E-01
3.1250488581681285E-01
5.1800566161059736E-01
7.5229283636264144E-01
1.0090342116900981E+00
1.2821821793643946E+00
1.5661810144109989E+00
1.8558604435528316E+00
2.1462497876188098E+00
2.4324131921612304E+00
2.7092948713439777E+00
2.9715743534727137E+00
3.2135898441105892E+00
3.4294799117954535E+00
3.6137580564389253E+00
3.7623583726045458E+00
0.0000000000000000E+00
1.3868038902138002E-01
3.1252519644841159E-01
5.2006983625762082E-01
7.5560857152858463E-01
1.0124962751886573E+00
1.2849318542148327E+00
1.5677258698685028E+00
1.8559844640163157E+00
2.1449553592562518E+00
2.4299122261074944E+00
2.7060466789217670E+00
2.9683270707620100E+00
3.2112825035532406E+00
3.4288762460849944E+00
3.6148790195056306E+00
3.7642148756069918E+00
0.0000000000000000E+00
1.3753327592278775E-01
3.1495529723607235E-01
5.2600386459574400E-01
7.6296504700234802E-01
1.0192995881510640E+00
1.2900371464308455E+00
1.5705112794667544E+00
1.8561921009369744E+00
2.1425901419852433E+00
2.4252359652026025E+00
2.6996528067005494E+00
2.9612663906738903E+00
3.2051581489987004E+00
3.4253520913261055E+00
3.6144576484942559E+00
3.7652373918137445E+00
0.0000000000000000E+00
1.3948372570116838E-01
3.2452597560697916E-01
5.3977953832830661E-01
7.7639711828960267E-01
1.0305134005230070E+00
1.2980020636812653E+00
1.5747441444118018E+00
1.8564962107755070E+00
2.1389713026649231E+00
2.4178996139758588E+00
2.6890858567026288E+00
2.9484367570754397E+00
3.1918210607293935E+00
3.4145256686083281E+00
3.6083005294861508E+00
3.7615435519404357E+00
0.0000000000000000E+00
1.5298196688506205E-01
3.5090327623518258E-01
5.6430633987965118E-01
7.9732095916531098E-01
1.0467123830293896E+00
1.3090988351631339E+00
1.5805466259309178E+00
1.8569310589515400E+00
2.1340408379334184E+00
2.4076832032816187E+00
2.6737780457684632E+00
2.9284488308109000E+00
3.1681256877955306E+00
3.3892999853042585E+00
3.5878889206755478E+00
3.7459702217353001E+00
0.0000000000000000E+00
2.0891132762801151E-01
3.9237187294161080E-01
5.9929892806924634E-01
8.2500784849607733E-01
1.0675594335948650E+00
1.3231724055997274E+00
1.5878843484576735E+00
1.8575386306090849E+00
2.1279185421489188E+00
2.3948219377876954E+00
2.6541332396850454E+00
2.9018907328613190E+00
3.1342837955643383E+00
3.3477204609051285E+00
3.5368307465280910E+00
3.6893905904745363E+00
0.0000000000000000E+00
1.8986414256070361E-01
3.6596636521106135E-01
5.7394243208260176E-01
8.0363768333423002E-01
1.0516416585956614E+00
1.3135798760199480E+00
1.5851795484968496E+00
1.8620795376830495E+00
2.1399096701388642E+00
2.4143470351243357E+00
2.6811844921954093E+00
2.9363914519512053E+00
3.1760759246634920E+00
3.3962747109662073E+00
3.5903003361391050E+00
3.7446068595461939E+00
0.0000000000000000E+00
1.3905291299014941E-01
3.2712931066052142E-01
5.4064100618897115E-01
7.7707079775621934E-01
1.0315604312085445E+00
1.3000150896946314E+00
1.5781370582201506E+00
1.8615694156273754E+00
2.1459274994358593E+00
2.4268761845661952E+00
2.7002092197275758E+00
2.9619207265207756E+00
3.2082353107650352E+00
3.4352056979310568E+00
3.6376010598438100E+00
3.7968766002913075E+00
0.0000000000000000E+00
1.2636960376525644E-01
3.0291418715647167E-01
5.1767848327853594E-01
7.5721594098686995E-01
1.0160809782481610E+00
1.2893848439149307E+00
1.5725976186326884E+00
1.8612129328910707E+00
2.1507465324695088E+00
2.4367604426121470E+00
2.7148973514958561E+00
2.9808771617602123E+00
3.2303055978341932E+00
3.4580271859558289E+00
3.6551978566016641E+00
3.8096560063146425E+00
0.0000000000000000E+00
1.2452520300594244E-01
2.9400100374711458E-01
5.0476033540382492E-01
7.4444296727250081E-01
1.0053281212721386E+00
1.2817139382933307E+00
1.5685193308661698E+00
1.8609331600957386E+00
2.1542491367375347E+00
2.4438064449727963E+00
2.7249355282668244E+00
2.9928401793259556E+00
3.2423112931721385E+00
3.4669883478340564E+00
3.6590160864656385E+00
3.8108045126217949E+00
0.0000000000000000E+00
1.2556030704324347E-01
2.9174156937270884E-01
4.9911713345883318E-01
7.3737918845984463E-01
9.9873901442593482E-01
1.2767421023299301E+00
1.5657925861038644E+00
1.8607097271433366E+00
2.1565110637216112E+00
2.4482611381290025E+00
2.7309372227925057E+00
2.9992641230626771E+00
3.2474791796588587E+00
3.4692008135539685E+00
3.6578539526615779E+00
3.8081054656090840E+00
0.0000000000000000E+00
1.2689578133067175E-01
2.9174665916700171E-01
4.9713603239979176E-01
7.3415695766991051E-01
9.9535189282294412E-01
1.2740354748266627E+00
1.5642579987407761E+00
1.8605600254130459E+00
2.1577332925073041E+00
2.4506218561785782E+00
2.7339427599595001E+00
3.0021225996144816E+00
3.2492113010979500E+00
3.4690364393937845E+00
3.6558187682944974E+00
3.8052796516067988E+00
0.0000000000000000E+00
1.2744091676720590E-01
2.9195206211164298E-01
4.9670350119976453E-01
7.3326174766425412E-01
9.9433271254305666E-01
1.2731874266757521E+00
1.5637668478444888E+00
1.8605069078817080E+00
2.1581137929889458E+00
2.4513480467331172E+00
2.7348324935173864E+00
3.0029008347435870E+00
3.2495645868044605E+00
3.4687489896419152E+00
3.6549348350562343E+00
3.8041500185159491E+00
0.0000000000000000E+00
1.2689578133067167E-01
2.9174665916700138E-01
4.9713603239979154E-01
7.3415695766991029E-01
9.9535189282294223E-01
1.2740354748266618E+00
1.5642579987407774E+00
1.8605600254130406E+00
2.1577332925073041E+00
2.4506218561785791E+00
2.7339427599594988E+00
3.0021225996144776E+00
3.2492113010979478E+00
3.4690364393937845E+00
3.6558187682944947E+00
3.8052796516067966E+00
0.0000000000000000E+00
1.2556030704324345E-01
2.9174156937270856E-01
4.9911713345883246E-01
7.3737918845984407E-01
9.9873901442593382E-01
1.2767421023299306E+00
1.5657925861038624E+00
1.8607097271433350E+00
2.1565110637216112E+00
2.4482611381290034E+00
2.7309372227925075E+00
2.9992641230626789E+00
3.2474791796588534E+00
3.4692008135539667E+00
3.6578539526615761E+00
3.8081054656090831E+00
0.0000000000000000E+00
1.2452520300594233E-01
2.9400100374711430E-01
5.0476033540382437E-01
7.4444296727249903E-01
1.0053281212721370E+00
1.2817139382933291E+00
1.5685193308661676E+00
1.8609331600957395E+00
2.1542491367375347E+00
2.4438064449727976E+00
2.7249355282668235E+00
2.9928401793259516E+00
3.2423112931721390E+00
3.4669883478340497E+00
3.6590160864656336E+00
3.8108045126217944E+00
0.0000000000000000E+00
1.2636960376525627E-01
3.0291418715647128E-01
5.1767848327853516E-01
7.5721594098686851E-01
1.0160809782481597E+00
1.2893848439149287E+00
1.5725976186326873E+00
1.8612129328910680E+00
2.1507465324695096E+00
2.4367604426121474E+00
2.7148973514958588E+00
2.9808771617602110E+00
3.2303055978341906E+00
3.4580271859558218E+00
3.6551978566016570E+00
3.8096560063146363E+00
0.0000000000000000E+00
1.3905291299014916E-01
3.2712931066052076E-01
5.4064100618896938E-01
7.7707079775621657E-01
1.0315604312085438E+00
1.3000150896946294E+00
1.5781370582201513E+00
1.8615694156273686E+00
2.1459274994358579E+00
2.4268761845661966E+00
2.7002092197275762E+00
2.9619207265207748E+00
3.2082353107650334E+00
3.4352056979310528E+00
3.6376010598438016E+00
3.7968766002912986E+00
0.0000000000000000E+00
1.8986414256070344E-01
3.6596636521106041E-01
5.7394243208260065E-01
8.0363768333422825E-01
1.0516416585956587E+00
1.3135798760199480E+00
1.5851795484968474E+00
1.8620795376830415E+00
2.1399096701388638E+00
2.4143470351243361E+00
2.6811844921954107E+00
2.9363914519512044E+00
3.1760759246634898E+00
3.3962747109661993E+00
3.5903003361390948E+00
3.7446068595461877E+00
0.0000000000000000E+00
1.4594624825627400E-01
3.2628944461860321E-01
5.3919136298154768E-01
7.7535673540802386E-01
1.0306642160096022E+00
1.3005660987860173E+00
1.5806047011872306E+00
1.8662680895681756E+00
2.1530554471524379E+00
2.4365463757361976E+00
2.7124936740530257E+00
2.9769448632150204E+00
3.2263109552824347E+00
3.4575078953876792E+00
3.6644654750886674E+00
3.8257118078896970E+00
0.0000000000000000E+00
9.9662231472774185E-02
2.8851348499449886E-01
5.0678337112007910E-01
7.4941461220143057E-01
1.0110722212125218E+00
1.2873543718637535E+00
1.5737833798605592E+00
1.8658453249871272E+00
2.1590226343090473E+00
2.4488756887285641E+00
2.7311399022493084E+00
3.0018271770818608E+00
3.2572979805383184E+00
3.4937722834495415E+00
3.7051342978045363E+00
3.8685216453575806E+00
0.0000000000000000E+00
8.6556886821466394E-02
2.6465147384844884E-01
4.8362686903491109E-01
7.2942350079438967E-01
9.9549060903731945E-01
1.2766604804926505E+00
1.5681994066990252E+00
1.8654463590440031E+00
2.1637820946602275E+00
2.4586542455847615E+00
2.7456153252293283E+00
3.0203176717425220E+00
3.2782687443519873E+00
3.5139241861922916E+00
3.7172065197745652E+00
3.8740365379938608E+00
0.0000000000000000E+00
8.4550759269715017E-02
2.5526959937367361E-01
4.7017727656814290E-01
7.1606770917080709E-01
9.8425095488356806E-01
1.2686228911983366E+00
1.5638725796178317E+00
1.8650167427640780E+00
2.1672028673775179E+00
2.4656342709211887E+00
2.7555034823933711E+00
3.0318452117156478E+00
3.2891726340780223E+00
3.5205891373640914E+00
3.7173649954419892E+00
3.8709000497129247E+00
0.0000000000000000E+00
8.5945350889499991E-02
2.5284707440573179E-01
4.6410436843606001E-01
7.0848485546507034E-01
9.7716758011476446E-01
1.2632533246298097E+00
1.5608639007571077E+00
1.8646188145297133E+00
2.1693674164066596E+00
2.4700105224767230E+00
2.7613404358960696E+00
3.0378401135010655E+00
3.2933957011770825E+00
3.5211200480545024E+00
3.7137926003318369E+00
3.8654703651364226E+00
0.0000000000000000E+00
8.7665980410582045E-02
2.5290189102106159E-01
4.6192594849756308E-01
7.0495108057614209E-01
9.7345661596531152E-01
1.2602697597240535E+00
1.5591249831445253E+00
1.8643368639733864E+00
2.1705086595686067E+00
2.4722977465563107E+00
2.7642049627798699E+00
3.0403783589283138E+00
3.2944977800337596E+00
3.5199214983045573E+00
3.7103534176832125E+00
3.8610872229898687E+00
0.0000000000000000E+00
8.8366502836529609E-02
2.5315084724114617E-01
4.6144428275566463E-01
7.0395691042453712E-01
9.7232781861999307E-01
1.2593249706581120E+00
1.5585606520392736E+00
1.8642350680002935E+00
2.1708576752153941E+00
2.4729936810236870E+00
2.7650390704133820E+00
3.0410386125131876E+00
3.2946299769816392E+00
3.5192842167134923E+00
3.7090069315456269E+00
3.8594495056390836E+00
0.0000000000000000E+00
8.7665980410582114E-02
2.5290189102106153E-01
4.6192594849756291E-01
7.0495108057614242E-01
9.7345661596531163E-01
1.2602697597240535E+00
1.5591249831445260E+00
1.8643368639733793E+00
2.1705086595686058E+00
2.4722977465563112E+00
2.7642049627798726E+00
3.0403783589283098E+00
3.2944977800337583E+00
3.5199214983045577E+00
3.7103534176832156E+00
3.8610872229898678E+00
0.0000000000000000E+00
8.5945350889500088E-02
2.5284707440573156E-01
4.6410436843606057E-01
7.0848485546506967E-01
9.7716758011476357E-01
1.2632533246298092E+00
1.5608639007571077E+00
1.8646188145297082E+00
2.1693674164066579E+00
2.4700105224767226E+00
2.7613404358960709E+00
3.0378401135010593E+00
3.2933957011770829E+00
3.5211200480544975E+00
3.7137926003318360E+00
3.8654703651364222E+00
0.0000000000000000E+00
8.4550759269715017E-02
2.5526959937367338E-01
4.7017727656814240E-01
7.1606770917080720E-01
9.8425095488356729E-01
1.2686228911983359E+00
1.5638725796178308E+00
1.8650167427640805E+00
2.1672028673775166E+00
2.4656342709211891E+00
2.7555034823933759E+00
3.0318452117156460E+00
3.2891726340780192E+00
3.5205891373640883E+00
3.7173649954419861E+00
3.8709000497129207E+00
0.0000000000000000E+00
8.6556886821466297E-02
2.6465147384844828E-01
4.8362686903490981E-01
7.2942350079438900E-01
9.9549060903731812E-01
1.2766604804926507E+00
1.5681994066990266E+00
1.8654463590440049E+00
2.1637820946602275E+00
2.4586542455847615E+00
2.7456153252293345E+00
3.0203176717425215E+00
3.2782687443519833E+00
3.5139241861922863E+00
3.7172065197745607E+00
3.8740365379938551E+00
0.0000000000000000E+00
9.9662231472774060E-02
2.8851348499449819E-01
5.0678337112007821E-01
7.4941461220142913E-01
1.0110722212125207E+00
1.2873543718637566E+00
1.5737833798605581E+00
1.8658453249871292E+00
2.1590226343090495E+00
2.4488756887285636E+00
2.7311399022493101E+00
3.0018271770818630E+00
3.2572979805383153E+00
3.4937722834495375E+00
3.7051342978045358E+00
3.8685216453575739E+00
0.0000000000000000E+00
1.4594624825627381E-01
3.2628944461860260E-01
5.3919136298154635E-01
7.7535673540802275E-01
1.0306642160096033E+00
1.3005660987860186E+00
1.5806047011872306E+00
1.8662680895681805E+00
2.1530554471524379E+00
2.4365463757361976E+00
2.7124936740530270E+00
2.9769448632150244E+00
3.2263109552824329E+00
3.4575078953876783E+00
3.6644654750886607E+00
3.8257118078896886E+00
