0.0000000000000000E+00
0.0000000000000000E+00
0.0000000000000000E+00
0.0000000000000000E+00
0.0000000000000000E+00
0.0000000000000000E+00
0.0000000000000000E+00
0.0000000000000000E+00
0.0000000000000000E+00
0.0000000000000000E+00
0.0000000000000000E+00
0.0000000000000000E+00
0.0000000000000000E+00
0.0000000000000000E+00
0.0000000000000000E+00
0.0000000000000000E+00
0.0000000000000000E+00
0.0000000000000000E+00
0.0000000000000000E+00
0.0000000000000000E+00
0.0000000000000000E+00
0.0000000000000000E+00
0.0000000000000000E+00
0.0000000000000000E+00
0.0000000000000000E+00
0.0000000000000000E+00
0.0000000000000000E+00
0.0000000000000000E+00
0.0000000000000000E+00
0.0000000000000000E+00
0.0000000000000000E+00
0.0000000000000000E+00
0.0000000000000000E+00
0.0000000000000000E+00
0.0000000000000000E+00
0.0000000000000000E+00
0.0000000000000000E+00
0.0000000000000000E+00
0.0000000000000000E+00
0.0000000000000000E+00
0.0000000000000000E+00
0.0000000000000000E+00
0.0000000000000000E+00
0.0000000000000000E+00
0.0000000000000000E+00
0.0000000000000000E+00
0.0000000000000000E+00
0.0000000000000000E+00
0.0000000000000000E+00
0.0000000000000000E+00
0.0000000000000000E+00
0.0000000000000000E+00
0.0000000000000000E+00
0.0000000000000000E+00
0.0000000000000000E+00
0.0000000000000000E+00
0.0000000000000000E+00
0.0000000000000000E+00
0.0000000000000000E+00
0.0000000000000000E+00
0.0000000000000000E+00
0.0000000000000000E+00
0.0000000000000000E+00
0.0000000000000000E+00
0.0000000000000000E+00
-3.7500000000002302E-02
-3.7500000000002309E-02
-3.7500000000002386E-02
-3.7500000000002372E-02
-3.7500000000002282E-02
-3.7500000000002302E-02
-3.7500000000002448E-02
-3.7500000000002393E-02
-3.7500000000002219E-02
-3.7500000000002115E-02
-3.7500000000001997E-02
-3.7500000000001955E-02
-3.7500000000001976E-02
-3.7500000000001719E-02
-3.7500000000001803E-02
-3.7500000000002011E-02
-3.7500000000002164E-02
-3.7500000000002157E-02
-3.7500000000002039E-02
-3.7500000000001955E-02
-3.7500000000001858E-02
-3.7500000000001539E-02
-3.7500000000001477E-02
-3.7500000000001858E-02
-3.7500000000001858E-02
-3.7500000000002254E-02
-3.7500000000002906E-02
-3.7500000000003308E-02
-3.7500000000003732E-02
-3.7500000000003232E-02
-3.7500000000002184E-02
-3.7500000000001893E-02
-3.7500000000002205E-02
-3.7500000000002705E-02
-3.7500000000002864E-02
-3.7500000000002552E-02
-3.7500000000002739E-02
-3.7500000000002566E-02
-3.7500000000002982E-02
-3.7500000000002774E-02
-3.7500000000003010E-02
-3.7500000000002656E-02
-3.7500000000001796E-02
-3.7500000000000762E-02
-3.7500000000000068E-02
-3.7499999999998750E-02
-3.7499999999998604E-02
-3.7499999999999312E-02
-3.7499999999998604E-02
-3.7499999999998257E-02
-3.7499999999998673E-02
-3.7499999999999346E-02
-3.7499999999999492E-02
-3.7500000000000325E-02
-3.7499999999999534E-02
-3.7500000000000186E-02
-3.7500000000000262E-02
-3.7500000000000054E-02
-3.7499999999999888E-02
-3.7499999999999624E-02
-3.7499999999999846E-02
-3.7499999999999992E-02
-3.7499999999999194E-02
-3.7500000000000498E-02
-3.7500000000001268E-02
-7.5000000000004549E-02
-7.5000000000004646E-02
-7.5000000000004674E-02
-7.5000000000004660E-02
-7.5000000000004535E-02
-7.5000000000004535E-02
-7.5000000000004674E-02
-7.5000000000004688E-02
-7.5000000000004410E-02
-7.5000000000004313E-02
-7.5000000000004133E-02
-7.5000000000004008E-02
-7.5000000000003939E-02
-7.5000000000003647E-02
-7.5000000000003772E-02
-7.5000000000003897E-02
-7.5000000000004188E-02
-7.5000000000004619E-02
-7.5000000000004285E-02
-7.5000000000003730E-02
-7.5000000000003730E-02
-7.5000000000003494E-02
-7.5000000000003120E-02
-7.5000000000003286E-02
-7.5000000000003814E-02
-7.5000000000004591E-02
-7.5000000000006270E-02
-7.5000000000006617E-02
-7.5000000000007269E-02
-7.5000000000006242E-02
-7.5000000000004827E-02
-7.5000000000004105E-02
-7.5000000000004161E-02
-7.5000000000005299E-02
-7.5000000000005188E-02
-7.5000000000005035E-02
-7.5000000000004952E-02
-7.5000000000005340E-02
-7.5000000000005618E-02
-7.5000000000005979E-02
-7.5000000000005604E-02
-7.5000000000004868E-02
-7.5000000000003952E-02
-7.5000000000001954E-02
-7.4999999999999928E-02
-7.4999999999997943E-02
-7.4999999999997430E-02
-7.4999999999996542E-02
-7.4999999999996306E-02
-7.4999999999998276E-02
-7.4999999999997999E-02
-7.4999999999998998E-02
-7.4999999999998401E-02
-7.4999999999999220E-02
-7.5000000000000400E-02
-7.5000000000000289E-02
-7.4999999999999969E-02
-7.5000000000001385E-02
-7.5000000000000566E-02
-7.5000000000000136E-02
-7.5000000000000164E-02
-7.4999999999999831E-02
-7.4999999999998929E-02
-7.5000000000000691E-02
-7.5000000000000483E-02
-1.1250000000000683E-01
-1.1250000000000687E-01
-1.1250000000000696E-01
-1.1250000000000684E-01
-1.1250000000000673E-01
-1.1250000000000675E-01
-1.1250000000000690E-01
-1.1250000000000678E-01
-1.1250000000000661E-01
-1.1250000000000641E-01
-1.1250000000000637E-01
-1.1250000000000611E-01
-1.1250000000000598E-01
-1.1250000000000586E-01
-1.1250000000000601E-01
-1.1250000000000585E-01
-1.1250000000000610E-01
-1.1250000000000622E-01
-1.1250000000000618E-01
-1.1250000000000573E-01
-1.1250000000000548E-01
-1.1250000000000537E-01
-1.1250000000000505E-01
-1.1250000000000486E-01
-1.1250000000000535E-01
-1.1250000000000704E-01
-1.1250000000000832E-01
-1.1250000000000922E-01
-1.1250000000000997E-01
-1.1250000000000909E-01
-1.1250000000000794E-01
-1.1250000000000726E-01
-1.1250000000000740E-01
-1.1250000000000782E-01
-1.1250000000000743E-01
-1.1250000000000696E-01
-1.1250000000000711E-01
-1.1250000000000815E-01
-1.1250000000000913E-01
-1.1250000000000861E-01
-1.1250000000000857E-01
-1.1250000000000733E-01
-1.1250000000000594E-01
-1.1250000000000267E-01
-1.1250000000000049E-01
-1.1249999999999805E-01
-1.1249999999999637E-01
-1.1249999999999451E-01
-1.1249999999999546E-01
-1.1249999999999644E-01
-1.1249999999999716E-01
-1.1249999999999692E-01
-1.1249999999999750E-01
-1.1249999999999891E-01
-1.1250000000000104E-01
-1.1250000000000174E-01
-1.1250000000000071E-01
-1.1250000000000225E-01
-1.1250000000000236E-01
-1.1250000000000129E-01
-1.1250000000000070E-01
-1.1250000000000122E-01
-1.1250000000000071E-01
-1.1249999999999917E-01
-1.1249999999999905E-01
-1.5000000000000899E-01
-1.5000000000000902E-01
-1.5000000000000913E-01
-1.5000000000000904E-01
-1.5000000000000888E-01
-1.5000000000000877E-01
-1.5000000000000882E-01
-1.5000000000000888E-01
-1.5000000000000882E-01
-1.5000000000000854E-01
-1.5000000000000804E-01
-1.5000000000000827E-01
-1.5000000000000849E-01
-1.5000000000000810E-01
-1.5000000000000771E-01
-1.5000000000000771E-01
-1.5000000000000788E-01
-1.5000000000000788E-01
-1.5000000000000802E-01
-1.5000000000000774E-01
-1.5000000000000718E-01
-1.5000000000000721E-01
-1.5000000000000724E-01
-1.5000000000000682E-01
-1.5000000000000699E-01
-1.5000000000000910E-01
-1.5000000000001024E-01
-1.5000000000001090E-01
-1.5000000000001221E-01
-1.5000000000001193E-01
-1.5000000000001190E-01
-1.5000000000001101E-01
-1.5000000000001018E-01
-1.5000000000000979E-01
-1.5000000000000988E-01
-1.5000000000000874E-01
-1.5000000000000918E-01
-1.5000000000001093E-01
-1.5000000000001185E-01
-1.5000000000001065E-01
-1.5000000000001026E-01
-1.5000000000000879E-01
-1.5000000000000760E-01
-1.5000000000000407E-01
-1.5000000000000169E-01
-1.4999999999999916E-01
-1.4999999999999719E-01
-1.4999999999999353E-01
-1.4999999999999425E-01
-1.4999999999999455E-01
-1.4999999999999494E-01
-1.4999999999999533E-01
-1.4999999999999669E-01
-1.4999999999999872E-01
-1.5000000000000199E-01
-1.5000000000000169E-01
-1.5000000000000188E-01
-1.5000000000000213E-01
-1.5000000000000324E-01
-1.5000000000000230E-01
-1.5000000000000194E-01
-1.5000000000000266E-01
-1.5000000000000116E-01
-1.4999999999999847E-01
-1.4999999999999661E-01
-1.8750000000001099E-01
-1.8750000000001110E-01
-1.8750000000001110E-01
-1.8750000000001119E-01
-1.8750000000001091E-01
-1.8750000000001077E-01
-1.8750000000001082E-01
-1.8750000000001091E-01
-1.8750000000001091E-01
-1.8750000000001066E-01
-1.8750000000001016E-01
-1.8750000000001033E-01
-1.8750000000001060E-01
-1.8750000000001013E-01
-1.8750000000000946E-01
-1.8750000000000960E-01
-1.8750000000000971E-01
-1.8750000000000996E-01
-1.8750000000000999E-01
-1.8750000000000994E-01
-1.8750000000000916E-01
-1.8750000000000908E-01
-1.8750000000000874E-01
-1.8750000000000935E-01
-1.8750000000001013E-01
-1.8750000000001060E-01
-1.8750000000001174E-01
-1.8750000000001235E-01
-1.8750000000001324E-01
-1.8750000000001429E-01
-1.8750000000001490E-01
-1.8750000000001490E-01
-1.8750000000001280E-01
-1.8750000000001202E-01
-1.8750000000001182E-01
-1.8750000000001132E-01
-1.8750000000001149E-01
-1.8750000000001291E-01
-1.8750000000001354E-01
-1.8750000000001307E-01
-1.8750000000001180E-01
-1.8750000000001010E-01
-1.8750000000000885E-01
-1.8750000000000652E-01
-1.8750000000000330E-01
-1.8750000000000122E-01
-1.8749999999999856E-01
-1.8749999999999509E-01
-1.8749999999999295E-01
-1.8749999999999359E-01
-1.8749999999999381E-01
-1.8749999999999542E-01
-1.8749999999999695E-01
-1.8749999999999847E-01
-1.8750000000000036E-01
-1.8750000000000036E-01
-1.8750000000000075E-01
-1.8750000000000064E-01
-1.8750000000000114E-01
-1.8750000000000286E-01
-1.8750000000000455E-01
-1.8750000000000208E-01
-1.8750000000000019E-01
-1.8749999999999784E-01
-1.8749999999999581E-01
-2.2500000000001297E-01
-2.2500000000001305E-01
-2.2500000000001311E-01
-2.2500000000001319E-01
-2.2500000000001288E-01
-2.2500000000001266E-01
-2.2500000000001283E-01
-2.2500000000001308E-01
-2.2500000000001283E-01
-2.2500000000001286E-01
-2.2500000000001227E-01
-2.2500000000001197E-01
-2.2500000000001233E-01
-2.2500000000001183E-01
-2.2500000000001166E-01
-2.2500000000001180E-01
-2.2500000000001172E-01
-2.2500000000001205E-01
-2.2500000000001230E-01
-2.2500000000001211E-01
-2.2500000000001177E-01
-2.2500000000001122E-01
-2.2500000000001097E-01
-2.2500000000001144E-01
-2.2500000000001183E-01
-2.2500000000001216E-01
-2.2500000000001302E-01
-2.2500000000001394E-01
-2.2500000000001538E-01
-2.2500000000001616E-01
-2.2500000000001696E-01
-2.2500000000001727E-01
-2.2500000000001641E-01
-2.2500000000001519E-01
-2.2500000000001422E-01
-2.2500000000001466E-01
-2.2500000000001530E-01
-2.2500000000001505E-01
-2.2500000000001513E-01
-2.2500000000001497E-01
-2.2500000000001366E-01
-2.2500000000001180E-01
-2.2500000000001008E-01
-2.2500000000000817E-01
-2.2500000000000703E-01
-2.2500000000000300E-01
-2.2500000000000045E-01
-2.2499999999999862E-01
-2.2499999999999548E-01
-2.2499999999999459E-01
-2.2499999999999382E-01
-2.2499999999999656E-01
-2.2499999999999895E-01
-2.2499999999999679E-01
-2.2499999999999723E-01
-2.2499999999999781E-01
-2.2499999999999726E-01
-2.2499999999999767E-01
-2.2499999999999909E-01
-2.2500000000000078E-01
-2.2500000000000359E-01
-2.2500000000000181E-01
-2.2499999999999837E-01
-2.2499999999999720E-01
-2.2499999999999776E-01
-2.6250000000001500E-01
-2.6250000000001489E-01
-2.6250000000001511E-01
-2.6250000000001505E-01
-2.6250000000001489E-01
-2.6250000000001483E-01
-2.6250000000001511E-01
-2.6250000000001500E-01
-2.6250000000001500E-01
-2.6250000000001478E-01
-2.6250000000001450E-01
-2.6250000000001406E-01
-2.6250000000001389E-01
-2.6250000000001356E-01
-2.6250000000001367E-01
-2.6250000000001389E-01
-2.6250000000001411E-01
-2.6250000000001372E-01
-2.6250000000001400E-01
-2.6250000000001383E-01
-2.6250000000001356E-01
-2.6250000000001333E-01
-2.6250000000001333E-01
-2.6250000000001350E-01
-2.6250000000001367E-01
-2.6250000000001400E-01
-2.6250000000001433E-01
-2.6250000000001489E-01
-2.6250000000001578E-01
-2.6250000000001744E-01
-2.6250000000001827E-01
-2.6250000000001833E-01
-2.6250000000001850E-01
-2.6250000000001816E-01
-2.6250000000001761E-01
-2.6250000000001855E-01
-2.6250000000001977E-01
-2.6250000000001850E-01
-2.6250000000001783E-01
-2.6250000000001766E-01
-2.6250000000001567E-01
-2.6250000000001333E-01
-2.6250000000001172E-01
-2.6250000000000950E-01
-2.6250000000000817E-01
-2.6250000000000556E-01
-2.6250000000000473E-01
-2.6250000000000279E-01
-2.6249999999999979E-01
-2.6249999999999796E-01
-2.6249999999999674E-01
-2.6249999999999613E-01
-2.6249999999999746E-01
-2.6249999999999662E-01
-2.6249999999999468E-01
-2.6249999999999452E-01
-2.6249999999999457E-01
-2.6249999999999551E-01
-2.6249999999999674E-01
-2.6249999999999873E-01
-2.6250000000000051E-01
-2.6249999999999923E-01
-2.6249999999999613E-01
-2.6249999999999668E-01
-2.6249999999999707E-01
-3.0000000000001703E-01
-3.0000000000001703E-01
-3.0000000000001709E-01
-3.0000000000001703E-01
-3.0000000000001698E-01
-3.0000000000001692E-01
-3.0000000000001714E-01
-3.0000000000001686E-01
-3.0000000000001681E-01
-3.0000000000001670E-01
-3.0000000000001653E-01
-3.0000000000001598E-01
-3.0000000000001548E-01
-3.0000000000001564E-01
-3.0000000000001537E-01
-3.0000000000001548E-01
-3.0000000000001570E-01
-3.0000000000001559E-01
-3.0000000000001487E-01
-3.0000000000001575E-01
-3.0000000000001575E-01
-3.0000000000001542E-01
-3.0000000000001542E-01
-3.0000000000001564E-01
-3.0000000000001570E-01
-3.0000000000001570E-01
-3.0000000000001570E-01
-3.0000000000001598E-01
-3.0000000000001720E-01
-3.0000000000001809E-01
-3.0000000000001870E-01
-3.0000000000001936E-01
-3.0000000000001997E-01
-3.0000000000002119E-01
-3.0000000000002119E-01
-3.0000000000002219E-01
-3.0000000000002308E-01
-3.0000000000002186E-01
-3.0000000000002125E-01
-3.0000000000001992E-01
-3.0000000000001753E-01
-3.0000000000001520E-01
-3.0000000000001448E-01
-3.0000000000001115E-01
-3.0000000000001015E-01
-3.0000000000000904E-01
-3.0000000000000754E-01
-3.0000000000000715E-01
-3.0000000000000387E-01
-3.0000000000000149E-01
-2.9999999999999932E-01
-2.9999999999999677E-01
-2.9999999999999694E-01
-2.9999999999999666E-01
-2.9999999999999349E-01
-2.9999999999999183E-01
-2.9999999999999305E-01
-2.9999999999999294E-01
-2.9999999999999488E-01
-2.9999999999999694E-01
-2.9999999999999899E-01
-2.9999999999999755E-01
-2.9999999999999544E-01
-2.9999999999999549E-01
-2.9999999999999488E-01
-3.3750000000001906E-01
-3.3750000000001901E-01
-3.3750000000001901E-01
-3.3750000000001901E-01
-3.3750000000001901E-01
-3.3750000000001878E-01
-3.3750000000001890E-01
-3.3750000000001884E-01
-3.3750000000001906E-01
-3.3750000000001867E-01
-3.3750000000001862E-01
-3.3750000000001823E-01
-3.3750000000001790E-01
-3.3750000000001723E-01
-3.3750000000001712E-01
-3.3750000000001734E-01
-3.3750000000001762E-01
-3.3750000000001756E-01
-3.3750000000001718E-01
-3.3750000000001745E-01
-3.3750000000001773E-01
-3.3750000000001756E-01
-3.3750000000001773E-01
-3.3750000000001745E-01
-3.3750000000001734E-01
-3.3750000000001695E-01
-3.3750000000001712E-01
-3.3750000000001795E-01
-3.3750000000001873E-01
-3.3750000000001945E-01
-3.3750000000002056E-01
-3.3750000000002112E-01
-3.3750000000002262E-01
-3.3750000000002345E-01
-3.3750000000002406E-01
-3.3750000000002534E-01
-3.3750000000002484E-01
-3.3750000000002439E-01
-3.3750000000002317E-01
-3.3750000000002117E-01
-3.3750000000001951E-01
-3.3750000000001817E-01
-3.3750000000001701E-01
-3.3750000000001484E-01
-3.3750000000001223E-01
-3.3750000000001124E-01
-3.3750000000001046E-01
-3.3750000000000868E-01
-3.3750000000000668E-01
-3.3750000000000430E-01
-3.3750000000000163E-01
-3.3749999999999891E-01
-3.3749999999999686E-01
-3.3749999999999503E-01
-3.3749999999999242E-01
-3.3749999999999081E-01
-3.3749999999999081E-01
-3.3749999999999158E-01
-3.3749999999999225E-01
-3.3749999999999375E-01
-3.3749999999999603E-01
-3.3749999999999714E-01
-3.3749999999999547E-01
-3.3749999999999525E-01
-3.3749999999999536E-01
-3.7500000000002121E-01
-3.7500000000002098E-01
-3.7500000000002087E-01
-3.7500000000002115E-01
-3.7500000000002093E-01
-3.7500000000002065E-01
-3.7500000000002026E-01
-3.7500000000002048E-01
-3.7500000000002087E-01
-3.7500000000002059E-01
-3.7500000000002076E-01
-3.7500000000002048E-01
-3.7500000000001998E-01
-3.7500000000001921E-01
-3.7500000000001898E-01
-3.7500000000001915E-01
-3.7500000000001915E-01
-3.7500000000001915E-01
-3.7500000000001937E-01
-3.7500000000001954E-01
-3.7500000000001915E-01
-3.7500000000001971E-01
-3.7500000000001965E-01
-3.7500000000001937E-01
-3.7500000000001860E-01
-3.7500000000001799E-01
-3.7500000000001849E-01
-3.7500000000001965E-01
-3.7500000000002015E-01
-3.7500000000002143E-01
-3.7500000000002237E-01
-3.7500000000002348E-01
-3.7500000000002587E-01
-3.7500000000002537E-01
-3.7500000000002659E-01
-3.7500000000002759E-01
-3.7500000000002809E-01
-3.7500000000002714E-01
-3.7500000000002487E-01
-3.7500000000002331E-01
-3.7500000000002198E-01
-3.7500000000002026E-01
-3.7500000000001904E-01
-3.7500000000001799E-01
-3.7500000000001560E-01
-3.7500000000001438E-01
-3.7500000000001305E-01
-3.7500000000001121E-01
-3.7500000000000872E-01
-3.7500000000000561E-01
-3.7500000000000228E-01
-3.7500000000000017E-01
-3.7499999999999695E-01
-3.7499999999999412E-01
-3.7499999999999134E-01
-3.7499999999998984E-01
-3.7499999999998979E-01
-3.7499999999998940E-01
-3.7499999999998995E-01
-3.7499999999999184E-01
-3.7499999999999539E-01
-3.7499999999999467E-01
-3.7499999999999484E-01
-3.7499999999999417E-01
-3.7499999999999356E-01
-4.1250000000002324E-01
-4.1250000000002301E-01
-4.1250000000002301E-01
-4.1250000000002307E-01
-4.1250000000002301E-01
-4.1250000000002240E-01
-4.1250000000002235E-01
-4.1250000000002235E-01
-4.1250000000002263E-01
-4.1250000000002252E-01
-4.1250000000002279E-01
-4.1250000000002263E-01
-4.1250000000002213E-01
-4.1250000000002146E-01
-4.1250000000002118E-01
-4.1250000000002074E-01
-4.1250000000002052E-01
-4.1250000000002052E-01
-4.1250000000002118E-01
-4.1250000000002102E-01
-4.1250000000002118E-01
-4.1250000000002152E-01
-4.1250000000002202E-01
-4.1250000000002107E-01
-4.1250000000001991E-01
-4.1250000000001930E-01
-4.1250000000001930E-01
-4.1250000000002063E-01
-4.1250000000002146E-01
-4.1250000000002252E-01
-4.1250000000002374E-01
-4.1250000000002535E-01
-4.1250000000002751E-01
-4.1250000000002862E-01
-4.1250000000002962E-01
-4.1250000000002979E-01
-4.1250000000003101E-01
-4.1250000000002979E-01
-4.1250000000002779E-01
-4.1250000000002568E-01
-4.1250000000002396E-01
-4.1250000000002263E-01
-4.1250000000002068E-01
-4.1250000000001991E-01
-4.1250000000001896E-01
-4.1250000000001652E-01
-4.1250000000001480E-01
-4.1250000000001374E-01
-4.1250000000001003E-01
-4.1250000000000675E-01
-4.1250000000000359E-01
-4.1250000000000120E-01
-4.1249999999999731E-01
-4.1249999999999387E-01
-4.1249999999999049E-01
-4.1249999999998832E-01
-4.1249999999998777E-01
-4.1249999999998782E-01
-4.1249999999998921E-01
-4.1249999999999121E-01
-4.1249999999999365E-01
-4.1249999999999326E-01
-4.1249999999999387E-01
-4.1249999999999221E-01
-4.1249999999999248E-01
-4.5000000000002499E-01
-4.5000000000002505E-01
-4.5000000000002510E-01
-4.5000000000002482E-01
-4.5000000000002455E-01
-4.5000000000002421E-01
-4.5000000000002416E-01
-4.5000000000002416E-01
-4.5000000000002444E-01
-4.5000000000002460E-01
-4.5000000000002427E-01
-4.5000000000002449E-01
-4.5000000000002377E-01
-4.5000000000002383E-01
-4.5000000000002277E-01
-4.5000000000002299E-01
-4.5000000000002233E-01
-4.5000000000002216E-01
-4.5000000000002227E-01
-4.5000000000002244E-01
-4.5000000000002277E-01
-4.5000000000002371E-01
-4.5000000000002360E-01
-4.5000000000002283E-01
-4.5000000000002172E-01
-4.5000000000002077E-01
-4.5000000000002005E-01
-4.5000000000002188E-01
-4.5000000000002244E-01
-4.5000000000002405E-01
-4.5000000000002527E-01
-4.5000000000002760E-01
-4.5000000000002971E-01
-4.5000000000003137E-01
-4.5000000000003182E-01
-4.5000000000003293E-01
-4.5000000000003304E-01
-4.5000000000003215E-01
-4.5000000000002999E-01
-4.5000000000002804E-01
-4.5000000000002566E-01
-4.5000000000002460E-01
-4.5000000000002260E-01
-4.5000000000002160E-01
-4.5000000000002094E-01
-4.5000000000001794E-01
-4.5000000000001766E-01
-4.5000000000001633E-01
-4.5000000000001150E-01
-4.5000000000000900E-01
-4.5000000000000551E-01
-4.5000000000000234E-01
-4.4999999999999757E-01
-4.4999999999999363E-01
-4.4999999999999019E-01
-4.4999999999998741E-01
-4.4999999999998674E-01
-4.4999999999998691E-01
-4.4999999999998808E-01
-4.4999999999998985E-01
-4.4999999999999196E-01
-4.4999999999999163E-01
-4.4999999999999085E-01
-4.4999999999999124E-01
-4.4999999999999019E-01
-4.8750000000002647E-01
-4.8750000000002658E-01
-4.8750000000002663E-01
-4.8750000000002636E-01
-4.8750000000002591E-01
-4.8750000000002569E-01
-4.8750000000002536E-01
-4.8750000000002580E-01
-4.8750000000002591E-01
-4.8750000000002630E-01
-4.8750000000002608E-01
-4.8750000000002608E-01
-4.8750000000002580E-01
-4.8750000000002575E-01
-4.8750000000002547E-01
-4.8750000000002514E-01
-4.8750000000002502E-01
-4.8750000000002436E-01
-4.8750000000002408E-01
-4.8750000000002430E-01
-4.8750000000002441E-01
-4.8750000000002502E-01
-4.8750000000002514E-01
-4.8750000000002425E-01
-4.8750000000002303E-01
-4.8750000000002253E-01
-4.8750000000002242E-01
-4.8750000000002303E-01
-4.8750000000002397E-01
-4.8750000000002569E-01
-4.8750000000002730E-01
-4.8750000000002924E-01
-4.8750000000003085E-01
-4.8750000000003346E-01
-4.8750000000003507E-01
-4.8750000000003457E-01
-4.8750000000003402E-01
-4.8750000000003363E-01
-4.8750000000003157E-01
-4.8750000000003041E-01
-4.8750000000002874E-01
-4.8750000000002636E-01
-4.8750000000002502E-01
-4.8750000000002353E-01
-4.8750000000002208E-01
-4.8750000000002025E-01
-4.8750000000001881E-01
-4.8750000000001686E-01
-4.8750000000001431E-01
-4.8750000000001159E-01
-4.8750000000000832E-01
-4.8750000000000404E-01
-4.8749999999999843E-01
-4.8749999999999466E-01
-4.8749999999999094E-01
-4.8749999999998683E-01
-4.8749999999998517E-01
-4.8749999999998606E-01
-4.8749999999998678E-01
-4.8749999999998889E-01
-4.8749999999999039E-01
-4.8749999999999005E-01
-4.8749999999998983E-01
-4.8749999999999044E-01
-4.8749999999999144E-01
-5.2500000000002789E-01
-5.2500000000002811E-01
-5.2500000000002789E-01
-5.2500000000002767E-01
-5.2500000000002733E-01
-5.2500000000002689E-01
-5.2500000000002667E-01
-5.2500000000002722E-01
-5.2500000000002733E-01
-5.2500000000002822E-01
-5.2500000000002789E-01
-5.2500000000002767E-01
-5.2500000000002756E-01
-5.2500000000002789E-01
-5.2500000000002767E-01
-5.2500000000002744E-01
-5.2500000000002700E-01
-5.2500000000002656E-01
-5.2500000000002567E-01
-5.2500000000002633E-01
-5.2500000000002556E-01
-5.2500000000002578E-01
-5.2500000000002611E-01
-5.2500000000002456E-01
-5.2500000000002456E-01
-5.2500000000002478E-01
-5.2500000000002445E-01
-5.2500000000002545E-01
-5.2500000000002545E-01
-5.2500000000002844E-01
-5.2500000000002967E-01
-5.2500000000003066E-01
-5.2500000000003288E-01
-5.2500000000003388E-01
-5.2500000000003477E-01
-5.2500000000003555E-01
-5.2500000000003522E-01
-5.2500000000003499E-01
-5.2500000000003377E-01
-5.2500000000003200E-01
-5.2500000000002989E-01
-5.2500000000002844E-01
-5.2500000000002689E-01
-5.2500000000002500E-01
-5.2500000000002300E-01
-5.2500000000002267E-01
-5.2500000000001956E-01
-5.2500000000001690E-01
-5.2500000000001656E-01
-5.2500000000001523E-01
-5.2500000000001013E-01
-5.2500000000000613E-01
-5.2499999999999902E-01
-5.2499999999999525E-01
-5.2499999999999092E-01
-5.2499999999998703E-01
-5.2499999999998626E-01
-5.2499999999998570E-01
-5.2499999999998648E-01
-5.2499999999998603E-01
-5.2499999999998803E-01
-5.2499999999998892E-01
-5.2499999999999047E-01
-5.2499999999998970E-01
-5.2499999999998959E-01
-5.6250000000002942E-01
-5.6250000000002942E-01
-5.6250000000002942E-01
-5.6250000000002920E-01
-5.6250000000002909E-01
-5.6250000000002875E-01
-5.6250000000002853E-01
-5.6250000000002864E-01
-5.6250000000002909E-01
-5.6250000000002964E-01
-5.6250000000002986E-01
-5.6250000000002953E-01
-5.6250000000002953E-01
-5.6250000000002986E-01
-5.6250000000003009E-01
-5.6250000000002986E-01
-5.6250000000002909E-01
-5.6250000000002842E-01
-5.6250000000002742E-01
-5.6250000000002742E-01
-5.6250000000002731E-01
-5.6250000000002620E-01
-5.6250000000002554E-01
-5.6250000000002576E-01
-5.6250000000002676E-01
-5.6250000000002698E-01
-5.6250000000002709E-01
-5.6250000000002764E-01
-5.6250000000002831E-01
-5.6250000000003031E-01
-5.6250000000003197E-01
-5.6250000000003297E-01
-5.6250000000003275E-01
-5.6250000000003408E-01
-5.6250000000003542E-01
-5.6250000000003653E-01
-5.6250000000003797E-01
-5.6250000000003653E-01
-5.6250000000003531E-01
-5.6250000000003397E-01
-5.6250000000003186E-01
-5.6250000000003020E-01
-5.6250000000002864E-01
-5.6250000000002665E-01
-5.6250000000002542E-01
-5.6250000000002309E-01
-5.6250000000002087E-01
-5.6250000000001876E-01
-5.6250000000001665E-01
-5.6250000000001599E-01
-5.6250000000001332E-01
-5.6250000000000766E-01
-5.6250000000000355E-01
-5.6249999999999734E-01
-5.6249999999999101E-01
-5.6249999999998834E-01
-5.6249999999998712E-01
-5.6249999999998601E-01
-5.6249999999998557E-01
-5.6249999999998357E-01
-5.6249999999998446E-01
-5.6249999999998757E-01
-5.6249999999998979E-01
-5.6249999999998856E-01
-5.6249999999998690E-01
-6.0000000000003106E-01
-6.0000000000003073E-01
-6.0000000000003073E-01
-6.0000000000003062E-01
-6.0000000000003051E-01
-6.0000000000003040E-01
-6.0000000000003018E-01
-6.0000000000003062E-01
-6.0000000000003051E-01
-6.0000000000003106E-01
-6.0000000000003106E-01
-6.0000000000003151E-01
-6.0000000000003095E-01
-6.0000000000003173E-01
-6.0000000000003195E-01
-6.0000000000003173E-01
-6.0000000000003051E-01
-6.0000000000002995E-01
-6.0000000000002851E-01
-6.0000000000002851E-01
-6.0000000000002840E-01
-6.0000000000002707E-01
-6.0000000000002662E-01
-6.0000000000002707E-01
-6.0000000000002829E-01
-6.0000000000002907E-01
-6.0000000000002851E-01
-6.0000000000002940E-01
-6.0000000000003073E-01
-6.0000000000003173E-01
-6.0000000000003284E-01
-6.0000000000003462E-01
-6.0000000000003506E-01
-6.0000000000003573E-01
-6.0000000000003761E-01
-6.0000000000003806E-01
-6.0000000000003828E-01
-6.0000000000003706E-01
-6.0000000000003728E-01
-6.0000000000003684E-01
-6.0000000000003417E-01
-6.0000000000003173E-01
-6.0000000000002962E-01
-6.0000000000002773E-01
-6.0000000000002640E-01
-6.0000000000002296E-01
-6.0000000000002096E-01
-6.0000000000002052E-01
-6.0000000000001885E-01
-6.0000000000001708E-01
-6.0000000000001419E-01
-6.0000000000000953E-01
-6.0000000000000597E-01
-5.9999999999999998E-01
-5.9999999999999276E-01
-5.9999999999998976E-01
-5.9999999999998699E-01
-5.9999999999998588E-01
-5.9999999999998388E-01
-5.9999999999998277E-01
-5.9999999999998510E-01
-5.9999999999998499E-01
-5.9999999999998654E-01
-5.9999999999998699E-01
-5.9999999999998876E-01
-6.3750000000003215E-01
-6.3750000000003204E-01
-6.3750000000003193E-01
-6.3750000000003171E-01
-6.3750000000003204E-01
-6.3750000000003171E-01
-6.3750000000003204E-01
-6.3750000000003215E-01
-6.3750000000003249E-01
-6.3750000000003237E-01
-6.3750000000003282E-01
-6.3750000000003282E-01
-6.3750000000003348E-01
-6.3750000000003348E-01
-6.3750000000003393E-01
-6.3750000000003282E-01
-6.3750000000003215E-01
-6.3750000000003126E-01
-6.3750000000003038E-01
-6.3750000000002971E-01
-6.3750000000002949E-01
-6.3750000000002849E-01
-6.3750000000002827E-01
-6.3750000000002849E-01
-6.3750000000002960E-01
-6.3750000000002993E-01
-6.3750000000003038E-01
-6.3750000000003104E-01
-6.3750000000003137E-01
-6.3750000000003215E-01
-6.3750000000003393E-01
-6.3750000000003471E-01
-6.3750000000003704E-01
-6.3750000000003881E-01
-6.3750000000003959E-01
-6.3750000000003970E-01
-6.3750000000003937E-01
-6.3750000000003848E-01
-6.3750000000003926E-01
-6.3750000000003837E-01
-6.3750000000003615E-01
-6.3750000000003393E-01
-6.3750000000003049E-01
-6.3750000000002782E-01
-6.3750000000002593E-01
-6.3750000000002494E-01
-6.3750000000002294E-01
-6.3750000000002149E-01
-6.3750000000002094E-01
-6.3750000000001816E-01
-6.3750000000001461E-01
-6.3750000000001128E-01
-6.3750000000000706E-01
-6.3750000000000107E-01
-6.3749999999999540E-01
-6.3749999999999096E-01
-6.3749999999998830E-01
-6.3749999999998541E-01
-6.3749999999998308E-01
-6.3749999999998297E-01
-6.3749999999998330E-01
-6.3749999999998475E-01
-6.3749999999998597E-01
-6.3749999999998663E-01
-6.3749999999998763E-01
-6.7500000000003268E-01
-6.7500000000003324E-01
-6.7500000000003280E-01
-6.7500000000003291E-01
-6.7500000000003280E-01
-6.7500000000003268E-01
-6.7500000000003324E-01
-6.7500000000003391E-01
-6.7500000000003402E-01
-6.7500000000003435E-01
-6.7500000000003435E-01
-6.7500000000003446E-01
-6.7500000000003468E-01
-6.7500000000003491E-01
-6.7500000000003502E-01
-6.7500000000003435E-01
-6.7500000000003324E-01
-6.7500000000003202E-01
-6.7500000000003180E-01
-6.7500000000003157E-01
-6.7500000000003180E-01
-6.7500000000003013E-01
-6.7500000000002924E-01
-6.7500000000002991E-01
-6.7500000000003046E-01
-6.7500000000003046E-01
-6.7500000000003135E-01
-6.7500000000003246E-01
-6.7500000000003257E-01
-6.7500000000003268E-01
-6.7500000000003413E-01
-6.7500000000003613E-01
-6.7500000000003879E-01
-6.7500000000004112E-01
-6.7500000000004123E-01
-6.7500000000004268E-01
-6.7500000000004068E-01
-6.7500000000003946E-01
-6.7500000000003957E-01
-6.7500000000003890E-01
-6.7500000000003713E-01
-6.7500000000003446E-01
-6.7500000000003213E-01
-6.7500000000002836E-01
-6.7500000000002736E-01
-6.7500000000002702E-01
-6.7500000000002447E-01
-6.7500000000002336E-01
-6.7500000000002247E-01
-6.7500000000001947E-01
-6.7500000000001592E-01
-6.7500000000001192E-01
-6.7500000000000804E-01
-6.7500000000000326E-01
-6.7499999999999682E-01
-6.7499999999999249E-01
-6.7499999999998794E-01
-6.7499999999998594E-01
-6.7499999999998295E-01
-6.7499999999998150E-01
-6.7499999999998350E-01
-6.7499999999998461E-01
-6.7499999999998661E-01
-6.7499999999998628E-01
-6.7499999999998661E-01
-7.1250000000003400E-01
-7.1250000000003411E-01
-7.1250000000003366E-01
-7.1250000000003366E-01
-7.1250000000003333E-01
-7.1250000000003411E-01
-7.1250000000003466E-01
-7.1250000000003511E-01
-7.1250000000003555E-01
-7.1250000000003622E-01
-7.1250000000003655E-01
-7.1250000000003588E-01
-7.1250000000003666E-01
-7.1250000000003655E-01
-7.1250000000003633E-01
-7.1250000000003522E-01
-7.1250000000003433E-01
-7.1250000000003322E-01
-7.1250000000003300E-01
-7.1250000000003333E-01
-7.1250000000003277E-01
-7.1250000000003155E-01
-7.1250000000003044E-01
-7.1250000000003011E-01
-7.1250000000003078E-01
-7.1250000000003100E-01
-7.1250000000003166E-01
-7.1250000000003288E-01
-7.1250000000003411E-01
-7.1250000000003433E-01
-7.1250000000003488E-01
-7.1250000000003699E-01
-7.1250000000003977E-01
-7.1250000000004188E-01
-7.1250000000004343E-01
-7.1250000000004388E-01
-7.1250000000004277E-01
-7.1250000000004088E-01
-7.1250000000003999E-01
-7.1250000000003899E-01
-7.1250000000003677E-01
-7.1250000000003477E-01
-7.1250000000003300E-01
-7.1250000000003055E-01
-7.1250000000002967E-01
-7.1250000000002867E-01
-7.1250000000002678E-01
-7.1250000000002567E-01
-7.1250000000002278E-01
-7.1250000000002045E-01
-7.1250000000001790E-01
-7.1250000000001279E-01
-7.1250000000000902E-01
-7.1250000000000524E-01
-7.1249999999999858E-01
-7.1249999999999292E-01
-7.1249999999998848E-01
-7.1249999999998637E-01
-7.1249999999998415E-01
-7.1249999999998148E-01
-7.1249999999998237E-01
-7.1249999999998415E-01
-7.1249999999998537E-01
-7.1249999999998603E-01
-7.1249999999998637E-01
-7.5000000000003453E-01
-7.5000000000003453E-01
-7.5000000000003508E-01
-7.5000000000003419E-01
-7.5000000000003431E-01
-7.5000000000003508E-01
-7.5000000000003519E-01
-7.5000000000003642E-01
-7.5000000000003686E-01
-7.5000000000003775E-01
-7.5000000000003797E-01
-7.5000000000003753E-01
-7.5000000000003808E-01
-7.5000000000003864E-01
-7.5000000000003753E-01
-7.5000000000003608E-01
-7.5000000000003419E-01
-7.5000000000003519E-01
-7.5000000000003442E-01
-7.5000000000003519E-01
-7.5000000000003353E-01
-7.5000000000003375E-01
-7.5000000000003242E-01
-7.5000000000003120E-01
-7.5000000000003164E-01
-7.5000000000003186E-01
-7.5000000000003297E-01
-7.5000000000003342E-01
-7.5000000000003497E-01
-7.5000000000003608E-01
-7.5000000000003675E-01
-7.5000000000003730E-01
-7.5000000000003952E-01
-7.5000000000004174E-01
-7.5000000000004330E-01
-7.5000000000004452E-01
-7.5000000000004485E-01
-7.5000000000004274E-01
-7.5000000000004030E-01
-7.5000000000003952E-01
-7.5000000000003686E-01
-7.5000000000003497E-01
-7.5000000000003519E-01
-7.5000000000003308E-01
-7.5000000000003209E-01
-7.5000000000003009E-01
-7.5000000000002964E-01
-7.5000000000002787E-01
-7.5000000000002554E-01
-7.5000000000002187E-01
-7.5000000000001898E-01
-7.5000000000001388E-01
-7.5000000000000944E-01
-7.5000000000000644E-01
-7.5000000000000089E-01
-7.4999999999999389E-01
-7.4999999999999023E-01
-7.4999999999998745E-01
-7.4999999999998512E-01
-7.4999999999998190E-01
-7.4999999999998146E-01
-7.4999999999998279E-01
-7.4999999999998490E-01
-7.4999999999998612E-01
-7.4999999999998701E-01
-7.8750000000003573E-01
-7.8750000000003539E-01
-7.8750000000003584E-01
-7.8750000000003517E-01
-7.8750000000003517E-01
-7.8750000000003539E-01
-7.8750000000003639E-01
-7.8750000000003717E-01
-7.8750000000003861E-01
-7.8750000000003872E-01
-7.8750000000003906E-01
-7.8750000000003928E-01
-7.8750000000003995E-01
-7.8750000000003972E-01
-7.8750000000003917E-01
-7.8750000000003739E-01
-7.8750000000003606E-01
-7.8750000000003617E-01
-7.8750000000003650E-01
-7.8750000000003662E-01
-7.8750000000003584E-01
-7.8750000000003550E-01
-7.8750000000003406E-01
-7.8750000000003328E-01
-7.8750000000003340E-01
-7.8750000000003317E-01
-7.8750000000003417E-01
-7.8750000000003473E-01
-7.8750000000003573E-01
-7.8750000000003706E-01
-7.8750000000003784E-01
-7.8750000000003773E-01
-7.8750000000003884E-01
-7.8750000000004139E-01
-7.8750000000004317E-01
-7.8750000000004394E-01
-7.8750000000004505E-01
-7.8750000000004328E-01
-7.8750000000004017E-01
-7.8750000000003950E-01
-7.8750000000003828E-01
-7.8750000000003728E-01
-7.8750000000003639E-01
-7.8750000000003439E-01
-7.8750000000003284E-01
-7.8750000000003129E-01
-7.8750000000003006E-01
-7.8750000000002918E-01
-7.8750000000002673E-01
-7.8750000000002329E-01
-7.8750000000001930E-01
-7.8750000000001474E-01
-7.8750000000001019E-01
-7.8750000000000675E-01
-7.8750000000000131E-01
-7.8749999999999609E-01
-7.8749999999999165E-01
-7.8749999999998876E-01
-7.8749999999998488E-01
-7.8749999999998366E-01
-7.8749999999998166E-01
-7.8749999999998344E-01
-7.8749999999998355E-01
-7.8749999999998499E-01
-7.8749999999998632E-01
-8.2500000000003637E-01
-8.2500000000003604E-01
-8.2500000000003648E-01
-8.2500000000003593E-01
-8.2500000000003582E-01
-8.2500000000003537E-01
-8.2500000000003693E-01
-8.2500000000003826E-01
-8.2500000000003926E-01
-8.2500000000003970E-01
-8.2500000000004026E-01
-8.2500000000004092E-01
-8.2500000000004159E-01
-8.2500000000004137E-01
-8.2500000000004037E-01
-8.2500000000003904E-01
-8.2500000000003848E-01
-8.2500000000003837E-01
-8.2500000000003837E-01
-8.2500000000003859E-01
-8.2500000000003759E-01
-8.2500000000003726E-01
-8.2500000000003570E-01
-8.2500000000003515E-01
-8.2500000000003493E-01
-8.2500000000003448E-01
-8.2500000000003493E-01
-8.2500000000003637E-01
-8.2500000000003726E-01
-8.2500000000003804E-01
-8.2500000000003815E-01
-8.2500000000003904E-01
-8.2500000000003859E-01
-8.2500000000004070E-01
-8.2500000000004259E-01
-8.2500000000004348E-01
-8.2500000000004348E-01
-8.2500000000004259E-01
-8.2500000000004059E-01
-8.2500000000004048E-01
-8.2500000000003937E-01
-8.2500000000003892E-01
-8.2500000000003659E-01
-8.2500000000003437E-01
-8.2500000000003426E-01
-8.2500000000003249E-01
-8.2500000000003249E-01
-8.2500000000003049E-01
-8.2500000000002882E-01
-8.2500000000002438E-01
-8.2500000000002105E-01
-8.2500000000001528E-01
-8.2500000000001128E-01
-8.2500000000000751E-01
-8.2500000000000184E-01
-8.2499999999999740E-01
-8.2499999999999452E-01
-8.2499999999999030E-01
-8.2499999999998663E-01
-8.2499999999998430E-01
-8.2499999999998275E-01
-8.2499999999998430E-01
-8.2499999999998253E-01
-8.2499999999998386E-01
-8.2499999999998497E-01
-8.6250000000003668E-01
-8.6250000000003635E-01
-8.6250000000003646E-01
-8.6250000000003635E-01
-8.6250000000003679E-01
-8.6250000000003602E-01
-8.6250000000003824E-01
-8.6250000000003912E-01
-8.6250000000004023E-01
-8.6250000000004101E-01
-8.6250000000004190E-01
-8.6250000000004179E-01
-8.6250000000004323E-01
-8.6250000000004212E-01
-8.6250000000004190E-01
-8.6250000000004090E-01
-8.6250000000004068E-01
-8.6250000000004068E-01
-8.6250000000004090E-01
-8.6250000000004012E-01
-8.6250000000003990E-01
-8.6250000000003868E-01
-8.6250000000003813E-01
-8.6250000000003679E-01
-8.6250000000003657E-01
-8.6250000000003524E-01
-8.6250000000003657E-01
-8.6250000000003846E-01
-8.6250000000003901E-01
-8.6250000000003912E-01
-8.6250000000004023E-01
-8.6250000000004057E-01
-8.6250000000003879E-01
-8.6250000000004001E-01
-8.6250000000004146E-01
-8.6250000000004234E-01
-8.6250000000004223E-01
-8.6250000000004245E-01
-8.6250000000004212E-01
-8.6250000000004168E-01
-8.6250000000004079E-01
-8.6250000000003813E-01
-8.6250000000003668E-01
-8.6250000000003557E-01
-8.6250000000003424E-01
-8.6250000000003391E-01
-8.6250000000003446E-01
-8.6250000000003313E-01
-8.6250000000002902E-01
-8.6250000000002547E-01
-8.6250000000002192E-01
-8.6250000000001636E-01
-8.6250000000001226E-01
-8.6250000000000770E-01
-8.6250000000000215E-01
-8.6249999999999805E-01
-8.6249999999999638E-01
-8.6249999999999249E-01
-8.6249999999998905E-01
-8.6249999999998650E-01
-8.6249999999998439E-01
-8.6249999999998395E-01
-8.6249999999998384E-01
-8.6249999999998428E-01
-8.6249999999998672E-01
-9.0000000000003644E-01
-9.0000000000003622E-01
-9.0000000000003644E-01
-9.0000000000003655E-01
-9.0000000000003677E-01
-9.0000000000003710E-01
-9.0000000000003855E-01
-9.0000000000003966E-01
-9.0000000000004055E-01
-9.0000000000004154E-01
-9.0000000000004188E-01
-9.0000000000004254E-01
-9.0000000000004354E-01
-9.0000000000004399E-01
-9.0000000000004288E-01
-9.0000000000004254E-01
-9.0000000000004232E-01
-9.0000000000004254E-01
-9.0000000000004243E-01
-9.0000000000004299E-01
-9.0000000000004177E-01
-9.0000000000004143E-01
-9.0000000000003944E-01
-9.0000000000003855E-01
-9.0000000000003777E-01
-9.0000000000003699E-01
-9.0000000000003821E-01
-9.0000000000004043E-01
-9.0000000000004032E-01
-9.0000000000004099E-01
-9.0000000000004132E-01
-9.0000000000004221E-01
-9.0000000000004110E-01
-9.0000000000003988E-01
-9.0000000000003999E-01
-9.0000000000004166E-01
-9.0000000000004221E-01
-9.0000000000004332E-01
-9.0000000000004365E-01
-9.0000000000004254E-01
-9.0000000000004010E-01
-9.0000000000003855E-01
-9.0000000000003622E-01
-9.0000000000003577E-01
-9.0000000000003522E-01
-9.0000000000003522E-01
-9.0000000000003522E-01
-9.0000000000003366E-01
-9.0000000000003100E-01
-9.0000000000002722E-01
-9.0000000000002278E-01
-9.0000000000001801E-01
-9.0000000000001268E-01
-9.0000000000000768E-01
-9.0000000000000357E-01
-8.9999999999999969E-01
-8.9999999999999702E-01
-8.9999999999999492E-01
-8.9999999999999025E-01
-8.9999999999998892E-01
-8.9999999999998537E-01
-8.9999999999998448E-01
-8.9999999999998403E-01
-8.9999999999998570E-01
-8.9999999999998503E-01
-9.3750000000003642E-01
-9.3750000000003586E-01
-9.3750000000003653E-01
-9.3750000000003653E-01
-9.3750000000003730E-01
-9.3750000000003808E-01
-9.3750000000003975E-01
-9.3750000000004019E-01
-9.3750000000004163E-01
-9.3750000000004208E-01
-9.3750000000004230E-01
-9.3750000000004341E-01
-9.3750000000004485E-01
-9.3750000000004485E-01
-9.3750000000004563E-01
-9.3750000000004485E-01
-9.3750000000004508E-01
-9.3750000000004541E-01
-9.3750000000004552E-01
-9.3750000000004530E-01
-9.3750000000004474E-01
-9.3750000000004408E-01
-9.3750000000004219E-01
-9.3750000000004119E-01
-9.3750000000004008E-01
-9.3750000000003930E-01
-9.3750000000004008E-01
-9.3750000000004186E-01
-9.3750000000004174E-01
-9.3750000000004219E-01
-9.3750000000004297E-01
-9.3750000000004263E-01
-9.3750000000004352E-01
-9.3750000000004197E-01
-9.3750000000004152E-01
-9.3750000000004152E-01
-9.3750000000004319E-01
-9.3750000000004363E-01
-9.3750000000004241E-01
-9.3750000000004241E-01
-9.3750000000004263E-01
-9.3750000000003986E-01
-9.3750000000003608E-01
-9.3750000000003619E-01
-9.3750000000003608E-01
-9.3750000000003453E-01
-9.3750000000003497E-01
-9.3750000000003320E-01
-9.3750000000003053E-01
-9.3750000000002809E-01
-9.3750000000002587E-01
-9.3750000000002065E-01
-9.3750000000001299E-01
-9.3750000000000910E-01
-9.3750000000000444E-01
-9.3750000000000167E-01
-9.3750000000000144E-01
-9.3749999999999756E-01
-9.3749999999999434E-01
-9.3749999999999079E-01
-9.3749999999998634E-01
-9.3749999999998623E-01
-9.3749999999998790E-01
-9.3749999999998623E-01
-9.3749999999998446E-01
-9.7500000000003717E-01
-9.7500000000003606E-01
-9.7500000000003706E-01
-9.7500000000003662E-01
-9.7500000000003773E-01
-9.7500000000003928E-01
-9.7500000000004083E-01
-9.7500000000004172E-01
-9.7500000000004261E-01
-9.7500000000004283E-01
-9.7500000000004372E-01
-9.7500000000004472E-01
-9.7500000000004594E-01
-9.7500000000004672E-01
-9.7500000000004661E-01
-9.7500000000004772E-01
-9.7500000000004805E-01
-9.7500000000004872E-01
-9.7500000000004849E-01
-9.7500000000004861E-01
-9.7500000000004716E-01
-9.7500000000004694E-01
-9.7500000000004505E-01
-9.7500000000004439E-01
-9.7500000000004250E-01
-9.7500000000004095E-01
-9.7500000000004183E-01
-9.7500000000004294E-01
-9.7500000000004339E-01
-9.7500000000004328E-01
-9.7500000000004283E-01
-9.7500000000004350E-01
-9.7500000000004494E-01
-9.7500000000004428E-01
-9.7500000000004294E-01
-9.7500000000004361E-01
-9.7500000000004383E-01
-9.7500000000004372E-01
-9.7500000000004261E-01
-9.7500000000004283E-01
-9.7500000000004294E-01
-9.7500000000003972E-01
-9.7500000000003928E-01
-9.7500000000003650E-01
-9.7500000000003606E-01
-9.7500000000003495E-01
-9.7500000000003351E-01
-9.7500000000003140E-01
-9.7500000000003040E-01
-9.7500000000002840E-01
-9.7500000000002607E-01
-9.7500000000002296E-01
-9.7500000000001641E-01
-9.7500000000001097E-01
-9.7500000000000608E-01
-9.7500000000000486E-01
-9.7500000000000409E-01
-9.7500000000000031E-01
-9.7499999999999531E-01
-9.7499999999999287E-01
-9.7499999999998976E-01
-9.7499999999998843E-01
-9.7499999999998899E-01
-9.7499999999998865E-01
-9.7499999999998610E-01
-1.0125000000000366E+00
-1.0125000000000366E+00
-1.0125000000000375E+00
-1.0125000000000373E+00
-1.0125000000000377E+00
-1.0125000000000395E+00
-1.0125000000000413E+00
-1.0125000000000421E+00
-1.0125000000000428E+00
-1.0125000000000435E+00
-1.0125000000000441E+00
-1.0125000000000459E+00
-1.0125000000000475E+00
-1.0125000000000479E+00
-1.0125000000000479E+00
-1.0125000000000495E+00
-1.0125000000000510E+00
-1.0125000000000517E+00
-1.0125000000000515E+00
-1.0125000000000512E+00
-1.0125000000000506E+00
-1.0125000000000490E+00
-1.0125000000000486E+00
-1.0125000000000464E+00
-1.0125000000000448E+00
-1.0125000000000437E+00
-1.0125000000000435E+00
-1.0125000000000444E+00
-1.0125000000000448E+00
-1.0125000000000441E+00
-1.0125000000000437E+00
-1.0125000000000448E+00
-1.0125000000000461E+00
-1.0125000000000459E+00
-1.0125000000000455E+00
-1.0125000000000459E+00
-1.0125000000000446E+00
-1.0125000000000441E+00
-1.0125000000000446E+00
-1.0125000000000439E+00
-1.0125000000000417E+00
-1.0125000000000408E+00
-1.0125000000000408E+00
-1.0125000000000379E+00
-1.0125000000000357E+00
-1.0125000000000348E+00
-1.0125000000000324E+00
-1.0125000000000310E+00
-1.0125000000000304E+00
-1.0125000000000290E+00
-1.0125000000000253E+00
-1.0125000000000244E+00
-1.0125000000000215E+00
-1.0125000000000151E+00
-1.0125000000000104E+00
-1.0125000000000095E+00
-1.0125000000000062E+00
-1.0125000000000008E+00
-1.0124999999999957E+00
-1.0124999999999953E+00
-1.0124999999999940E+00
-1.0124999999999920E+00
-1.0124999999999906E+00
-1.0124999999999913E+00
-1.0124999999999929E+00
-1.0500000000000369E+00
-1.0500000000000373E+00
-1.0500000000000380E+00
-1.0500000000000373E+00
-1.0500000000000376E+00
-1.0500000000000393E+00
-1.0500000000000411E+00
-1.0500000000000427E+00
-1.0500000000000427E+00
-1.0500000000000438E+00
-1.0500000000000449E+00
-1.0500000000000469E+00
-1.0500000000000485E+00
-1.0500000000000491E+00
-1.0500000000000502E+00
-1.0500000000000518E+00
-1.0500000000000533E+00
-1.0500000000000549E+00
-1.0500000000000544E+00
-1.0500000000000551E+00
-1.0500000000000527E+00
-1.0500000000000507E+00
-1.0500000000000498E+00
-1.0500000000000487E+00
-1.0500000000000467E+00
-1.0500000000000460E+00
-1.0500000000000453E+00
-1.0500000000000458E+00
-1.0500000000000453E+00
-1.0500000000000451E+00
-1.0500000000000447E+00
-1.0500000000000458E+00
-1.0500000000000462E+00
-1.0500000000000473E+00
-1.0500000000000476E+00
-1.0500000000000478E+00
-1.0500000000000460E+00
-1.0500000000000453E+00
-1.0500000000000445E+00
-1.0500000000000442E+00
-1.0500000000000420E+00
-1.0500000000000418E+00
-1.0500000000000409E+00
-1.0500000000000380E+00
-1.0500000000000358E+00
-1.0500000000000347E+00
-1.0500000000000320E+00
-1.0500000000000309E+00
-1.0500000000000305E+00
-1.0500000000000302E+00
-1.0500000000000285E+00
-1.0500000000000274E+00
-1.0500000000000238E+00
-1.0500000000000205E+00
-1.0500000000000151E+00
-1.0500000000000116E+00
-1.0500000000000056E+00
-1.0500000000000016E+00
-1.0500000000000003E+00
-1.0499999999999987E+00
-1.0499999999999958E+00
-1.0499999999999965E+00
-1.0499999999999949E+00
-1.0499999999999956E+00
-1.0499999999999972E+00
-1.0875000000000383E+00
-1.0875000000000383E+00
-1.0875000000000385E+00
-1.0875000000000383E+00
-1.0875000000000381E+00
-1.0875000000000394E+00
-1.0875000000000412E+00
-1.0875000000000421E+00
-1.0875000000000425E+00
-1.0875000000000439E+00
-1.0875000000000454E+00
-1.0875000000000472E+00
-1.0875000000000501E+00
-1.0875000000000505E+00
-1.0875000000000532E+00
-1.0875000000000539E+00
-1.0875000000000561E+00
-1.0875000000000559E+00
-1.0875000000000572E+00
-1.0875000000000565E+00
-1.0875000000000543E+00
-1.0875000000000525E+00
-1.0875000000000510E+00
-1.0875000000000494E+00
-1.0875000000000479E+00
-1.0875000000000477E+00
-1.0875000000000472E+00
-1.0875000000000470E+00
-1.0875000000000463E+00
-1.0875000000000454E+00
-1.0875000000000454E+00
-1.0875000000000472E+00
-1.0875000000000485E+00
-1.0875000000000490E+00
-1.0875000000000496E+00
-1.0875000000000492E+00
-1.0875000000000477E+00
-1.0875000000000465E+00
-1.0875000000000454E+00
-1.0875000000000437E+00
-1.0875000000000423E+00
-1.0875000000000425E+00
-1.0875000000000414E+00
-1.0875000000000383E+00
-1.0875000000000357E+00
-1.0875000000000352E+00
-1.0875000000000328E+00
-1.0875000000000312E+00
-1.0875000000000308E+00
-1.0875000000000321E+00
-1.0875000000000321E+00
-1.0875000000000288E+00
-1.0875000000000257E+00
-1.0875000000000232E+00
-1.0875000000000183E+00
-1.0875000000000130E+00
-1.0875000000000090E+00
-1.0875000000000055E+00
-1.0875000000000028E+00
-1.0875000000000028E+00
-1.0875000000000001E+00
-1.0874999999999995E+00
-1.0874999999999990E+00
-1.0874999999999995E+00
-1.0874999999999995E+00
-1.1250000000000389E+00
-1.1250000000000384E+00
-1.1250000000000384E+00
-1.1250000000000391E+00
-1.1250000000000391E+00
-1.1250000000000395E+00
-1.1250000000000409E+00
-1.1250000000000415E+00
-1.1250000000000426E+00
-1.1250000000000437E+00
-1.1250000000000455E+00
-1.1250000000000480E+00
-1.1250000000000502E+00
-1.1250000000000524E+00
-1.1250000000000544E+00
-1.1250000000000553E+00
-1.1250000000000580E+00
-1.1250000000000580E+00
-1.1250000000000573E+00
-1.1250000000000571E+00
-1.1250000000000560E+00
-1.1250000000000544E+00
-1.1250000000000515E+00
-1.1250000000000502E+00
-1.1250000000000495E+00
-1.1250000000000480E+00
-1.1250000000000482E+00
-1.1250000000000480E+00
-1.1250000000000464E+00
-1.1250000000000462E+00
-1.1250000000000473E+00
-1.1250000000000493E+00
-1.1250000000000513E+00
-1.1250000000000508E+00
-1.1250000000000500E+00
-1.1250000000000495E+00
-1.1250000000000495E+00
-1.1250000000000475E+00
-1.1250000000000444E+00
-1.1250000000000433E+00
-1.1250000000000417E+00
-1.1250000000000433E+00
-1.1250000000000402E+00
-1.1250000000000391E+00
-1.1250000000000362E+00
-1.1250000000000362E+00
-1.1250000000000349E+00
-1.1250000000000333E+00
-1.1250000000000333E+00
-1.1250000000000340E+00
-1.1250000000000346E+00
-1.1250000000000295E+00
-1.1250000000000264E+00
-1.1250000000000246E+00
-1.1250000000000213E+00
-1.1250000000000149E+00
-1.1250000000000115E+00
-1.1250000000000100E+00
-1.1250000000000075E+00
-1.1250000000000051E+00
-1.1250000000000051E+00
-1.1250000000000049E+00
-1.1250000000000047E+00
-1.1250000000000042E+00
-1.1250000000000027E+00
-1.1625000000000389E+00
-1.1625000000000387E+00
-1.1625000000000387E+00
-1.1625000000000389E+00
-1.1625000000000398E+00
-1.1625000000000394E+00
-1.1625000000000405E+00
-1.1625000000000412E+00
-1.1625000000000425E+00
-1.1625000000000441E+00
-1.1625000000000458E+00
-1.1625000000000481E+00
-1.1625000000000509E+00
-1.1625000000000525E+00
-1.1625000000000547E+00
-1.1625000000000563E+00
-1.1625000000000585E+00
-1.1625000000000589E+00
-1.1625000000000585E+00
-1.1625000000000574E+00
-1.1625000000000563E+00
-1.1625000000000549E+00
-1.1625000000000525E+00
-1.1625000000000512E+00
-1.1625000000000503E+00
-1.1625000000000494E+00
-1.1625000000000492E+00
-1.1625000000000487E+00
-1.1625000000000481E+00
-1.1625000000000489E+00
-1.1625000000000507E+00
-1.1625000000000512E+00
-1.1625000000000529E+00
-1.1625000000000507E+00
-1.1625000000000507E+00
-1.1625000000000509E+00
-1.1625000000000496E+00
-1.1625000000000476E+00
-1.1625000000000447E+00
-1.1625000000000438E+00
-1.1625000000000429E+00
-1.1625000000000425E+00
-1.1625000000000409E+00
-1.1625000000000392E+00
-1.1625000000000376E+00
-1.1625000000000372E+00
-1.1625000000000363E+00
-1.1625000000000354E+00
-1.1625000000000358E+00
-1.1625000000000352E+00
-1.1625000000000338E+00
-1.1625000000000307E+00
-1.1625000000000283E+00
-1.1625000000000254E+00
-1.1625000000000234E+00
-1.1625000000000192E+00
-1.1625000000000152E+00
-1.1625000000000123E+00
-1.1625000000000099E+00
-1.1625000000000076E+00
-1.1625000000000092E+00
-1.1625000000000101E+00
-1.1625000000000099E+00
-1.1625000000000090E+00
-1.1625000000000085E+00
-1.2000000000000397E+00
-1.2000000000000393E+00
-1.2000000000000390E+00
-1.2000000000000393E+00
-1.2000000000000397E+00
-1.2000000000000399E+00
-1.2000000000000410E+00
-1.2000000000000419E+00
-1.2000000000000428E+00
-1.2000000000000437E+00
-1.2000000000000459E+00
-1.2000000000000481E+00
-1.2000000000000495E+00
-1.2000000000000524E+00
-1.2000000000000541E+00
-1.2000000000000566E+00
-1.2000000000000579E+00
-1.2000000000000597E+00
-1.2000000000000592E+00
-1.2000000000000581E+00
-1.2000000000000561E+00
-1.2000000000000544E+00
-1.2000000000000521E+00
-1.2000000000000512E+00
-1.2000000000000510E+00
-1.2000000000000510E+00
-1.2000000000000499E+00
-1.2000000000000504E+00
-1.2000000000000506E+00
-1.2000000000000508E+00
-1.2000000000000521E+00
-1.2000000000000532E+00
-1.2000000000000528E+00
-1.2000000000000510E+00
-1.2000000000000508E+00
-1.2000000000000495E+00
-1.2000000000000481E+00
-1.2000000000000475E+00
-1.2000000000000448E+00
-1.2000000000000437E+00
-1.2000000000000426E+00
-1.2000000000000428E+00
-1.2000000000000413E+00
-1.2000000000000401E+00
-1.2000000000000373E+00
-1.2000000000000379E+00
-1.2000000000000388E+00
-1.2000000000000377E+00
-1.2000000000000366E+00
-1.2000000000000370E+00
-1.2000000000000342E+00
-1.2000000000000306E+00
-1.2000000000000293E+00
-1.2000000000000282E+00
-1.2000000000000248E+00
-1.2000000000000213E+00
-1.2000000000000175E+00
-1.2000000000000142E+00
-1.2000000000000115E+00
-1.2000000000000111E+00
-1.2000000000000126E+00
-1.2000000000000148E+00
-1.2000000000000128E+00
-1.2000000000000139E+00
-1.2000000000000151E+00
-1.2375000000000407E+00
-1.2375000000000400E+00
-1.2375000000000393E+00
-1.2375000000000396E+00
-1.2375000000000402E+00
-1.2375000000000411E+00
-1.2375000000000422E+00
-1.2375000000000422E+00
-1.2375000000000433E+00
-1.2375000000000442E+00
-1.2375000000000460E+00
-1.2375000000000476E+00
-1.2375000000000489E+00
-1.2375000000000511E+00
-1.2375000000000540E+00
-1.2375000000000558E+00
-1.2375000000000582E+00
-1.2375000000000589E+00
-1.2375000000000596E+00
-1.2375000000000578E+00
-1.2375000000000567E+00
-1.2375000000000540E+00
-1.2375000000000531E+00
-1.2375000000000518E+00
-1.2375000000000524E+00
-1.2375000000000520E+00
-1.2375000000000516E+00
-1.2375000000000513E+00
-1.2375000000000524E+00
-1.2375000000000531E+00
-1.2375000000000538E+00
-1.2375000000000538E+00
-1.2375000000000531E+00
-1.2375000000000509E+00
-1.2375000000000500E+00
-1.2375000000000478E+00
-1.2375000000000471E+00
-1.2375000000000480E+00
-1.2375000000000460E+00
-1.2375000000000442E+00
-1.2375000000000438E+00
-1.2375000000000440E+00
-1.2375000000000431E+00
-1.2375000000000420E+00
-1.2375000000000402E+00
-1.2375000000000402E+00
-1.2375000000000405E+00
-1.2375000000000396E+00
-1.2375000000000371E+00
-1.2375000000000378E+00
-1.2375000000000367E+00
-1.2375000000000329E+00
-1.2375000000000309E+00
-1.2375000000000305E+00
-1.2375000000000276E+00
-1.2375000000000218E+00
-1.2375000000000191E+00
-1.2375000000000178E+00
-1.2375000000000154E+00
-1.2375000000000143E+00
-1.2375000000000163E+00
-1.2375000000000167E+00
-1.2375000000000180E+00
-1.2375000000000191E+00
-1.2375000000000196E+00
-1.2750000000000408E+00
-1.2750000000000408E+00
-1.2750000000000399E+00
-1.2750000000000412E+00
-1.2750000000000408E+00
-1.2750000000000421E+00
-1.2750000000000425E+00
-1.2750000000000434E+00
-1.2750000000000437E+00
-1.2750000000000452E+00
-1.2750000000000452E+00
-1.2750000000000479E+00
-1.2750000000000490E+00
-1.2750000000000505E+00
-1.2750000000000530E+00
-1.2750000000000550E+00
-1.2750000000000572E+00
-1.2750000000000583E+00
-1.2750000000000581E+00
-1.2750000000000581E+00
-1.2750000000000563E+00
-1.2750000000000552E+00
-1.2750000000000541E+00
-1.2750000000000530E+00
-1.2750000000000530E+00
-1.2750000000000536E+00
-1.2750000000000534E+00
-1.2750000000000539E+00
-1.2750000000000545E+00
-1.2750000000000559E+00
-1.2750000000000548E+00
-1.2750000000000541E+00
-1.2750000000000516E+00
-1.2750000000000503E+00
-1.2750000000000488E+00
-1.2750000000000472E+00
-1.2750000000000465E+00
-1.2750000000000474E+00
-1.2750000000000461E+00
-1.2750000000000452E+00
-1.2750000000000434E+00
-1.2750000000000461E+00
-1.2750000000000454E+00
-1.2750000000000452E+00
-1.2750000000000434E+00
-1.2750000000000421E+00
-1.2750000000000408E+00
-1.2750000000000408E+00
-1.2750000000000390E+00
-1.2750000000000394E+00
-1.2750000000000372E+00
-1.2750000000000365E+00
-1.2750000000000332E+00
-1.2750000000000323E+00
-1.2750000000000294E+00
-1.2750000000000237E+00
-1.2750000000000203E+00
-1.2750000000000210E+00
-1.2750000000000172E+00
-1.2750000000000188E+00
-1.2750000000000190E+00
-1.2750000000000201E+00
-1.2750000000000206E+00
-1.2750000000000226E+00
-1.2750000000000232E+00
-1.3125000000000420E+00
-1.3125000000000415E+00
-1.3125000000000411E+00
-1.3125000000000417E+00
-1.3125000000000415E+00
-1.3125000000000426E+00
-1.3125000000000442E+00
-1.3125000000000442E+00
-1.3125000000000449E+00
-1.3125000000000455E+00
-1.3125000000000455E+00
-1.3125000000000477E+00
-1.3125000000000495E+00
-1.3125000000000504E+00
-1.3125000000000522E+00
-1.3125000000000551E+00
-1.3125000000000566E+00
-1.3125000000000575E+00
-1.3125000000000582E+00
-1.3125000000000573E+00
-1.3125000000000564E+00
-1.3125000000000564E+00
-1.3125000000000557E+00
-1.3125000000000551E+00
-1.3125000000000557E+00
-1.3125000000000557E+00
-1.3125000000000564E+00
-1.3125000000000568E+00
-1.3125000000000575E+00
-1.3125000000000568E+00
-1.3125000000000560E+00
-1.3125000000000544E+00
-1.3125000000000520E+00
-1.3125000000000504E+00
-1.3125000000000486E+00
-1.3125000000000469E+00
-1.3125000000000473E+00
-1.3125000000000469E+00
-1.3125000000000471E+00
-1.3125000000000469E+00
-1.3125000000000462E+00
-1.3125000000000466E+00
-1.3125000000000469E+00
-1.3125000000000477E+00
-1.3125000000000466E+00
-1.3125000000000446E+00
-1.3125000000000444E+00
-1.3125000000000424E+00
-1.3125000000000411E+00
-1.3125000000000402E+00
-1.3125000000000391E+00
-1.3125000000000371E+00
-1.3125000000000351E+00
-1.3125000000000335E+00
-1.3125000000000309E+00
-1.3125000000000266E+00
-1.3125000000000242E+00
-1.3125000000000229E+00
-1.3125000000000211E+00
-1.3125000000000229E+00
-1.3125000000000238E+00
-1.3125000000000229E+00
-1.3125000000000235E+00
-1.3125000000000249E+00
-1.3125000000000266E+00
-1.3500000000000432E+00
-1.3500000000000429E+00
-1.3500000000000425E+00
-1.3500000000000427E+00
-1.3500000000000423E+00
-1.3500000000000434E+00
-1.3500000000000443E+00
-1.3500000000000456E+00
-1.3500000000000452E+00
-1.3500000000000467E+00
-1.3500000000000458E+00
-1.3500000000000478E+00
-1.3500000000000507E+00
-1.3500000000000503E+00
-1.3500000000000532E+00
-1.3500000000000554E+00
-1.3500000000000565E+00
-1.3500000000000578E+00
-1.3500000000000572E+00
-1.3500000000000567E+00
-1.3500000000000560E+00
-1.3500000000000565E+00
-1.3500000000000576E+00
-1.3500000000000576E+00
-1.3500000000000583E+00
-1.3500000000000587E+00
-1.3500000000000596E+00
-1.3500000000000600E+00
-1.3500000000000594E+00
-1.3500000000000578E+00
-1.3500000000000567E+00
-1.3500000000000558E+00
-1.3500000000000532E+00
-1.3500000000000498E+00
-1.3500000000000481E+00
-1.3500000000000476E+00
-1.3500000000000465E+00
-1.3500000000000474E+00
-1.3500000000000476E+00
-1.3500000000000481E+00
-1.3500000000000503E+00
-1.3500000000000467E+00
-1.3500000000000485E+00
-1.3500000000000489E+00
-1.3500000000000487E+00
-1.3500000000000483E+00
-1.3500000000000454E+00
-1.3500000000000434E+00
-1.3500000000000418E+00
-1.3500000000000423E+00
-1.3500000000000401E+00
-1.3500000000000385E+00
-1.3500000000000372E+00
-1.3500000000000358E+00
-1.3500000000000338E+00
-1.3500000000000314E+00
-1.3500000000000285E+00
-1.3500000000000267E+00
-1.3500000000000256E+00
-1.3500000000000263E+00
-1.3500000000000254E+00
-1.3500000000000263E+00
-1.3500000000000283E+00
-1.3500000000000267E+00
-1.3500000000000267E+00
-1.3875000000000450E+00
-1.3875000000000450E+00
-1.3875000000000455E+00
-1.3875000000000444E+00
-1.3875000000000441E+00
-1.3875000000000437E+00
-1.3875000000000450E+00
-1.3875000000000466E+00
-1.3875000000000457E+00
-1.3875000000000466E+00
-1.3875000000000473E+00
-1.3875000000000484E+00
-1.3875000000000506E+00
-1.3875000000000517E+00
-1.3875000000000528E+00
-1.3875000000000550E+00
-1.3875000000000564E+00
-1.3875000000000575E+00
-1.3875000000000575E+00
-1.3875000000000575E+00
-1.3875000000000570E+00
-1.3875000000000579E+00
-1.3875000000000581E+00
-1.3875000000000579E+00
-1.3875000000000590E+00
-1.3875000000000599E+00
-1.3875000000000604E+00
-1.3875000000000604E+00
-1.3875000000000601E+00
-1.3875000000000595E+00
-1.3875000000000566E+00
-1.3875000000000561E+00
-1.3875000000000528E+00
-1.3875000000000501E+00
-1.3875000000000497E+00
-1.3875000000000486E+00
-1.3875000000000481E+00
-1.3875000000000473E+00
-1.3875000000000473E+00
-1.3875000000000490E+00
-1.3875000000000497E+00
-1.3875000000000481E+00
-1.3875000000000495E+00
-1.3875000000000501E+00
-1.3875000000000499E+00
-1.3875000000000486E+00
-1.3875000000000468E+00
-1.3875000000000453E+00
-1.3875000000000437E+00
-1.3875000000000448E+00
-1.3875000000000413E+00
-1.3875000000000397E+00
-1.3875000000000393E+00
-1.3875000000000397E+00
-1.3875000000000381E+00
-1.3875000000000359E+00
-1.3875000000000335E+00
-1.3875000000000315E+00
-1.3875000000000297E+00
-1.3875000000000284E+00
-1.3875000000000277E+00
-1.3875000000000284E+00
-1.3875000000000299E+00
-1.3875000000000286E+00
-1.3875000000000282E+00
-1.4250000000000467E+00
-1.4250000000000480E+00
-1.4250000000000478E+00
-1.4250000000000465E+00
-1.4250000000000449E+00
-1.4250000000000440E+00
-1.4250000000000453E+00
-1.4250000000000465E+00
-1.4250000000000471E+00
-1.4250000000000480E+00
-1.4250000000000482E+00
-1.4250000000000502E+00
-1.4250000000000509E+00
-1.4250000000000529E+00
-1.4250000000000536E+00
-1.4250000000000544E+00
-1.4250000000000562E+00
-1.4250000000000576E+00
-1.4250000000000576E+00
-1.4250000000000587E+00
-1.4250000000000584E+00
-1.4250000000000589E+00
-1.4250000000000582E+00
-1.4250000000000602E+00
-1.4250000000000596E+00
-1.4250000000000607E+00
-1.4250000000000611E+00
-1.4250000000000618E+00
-1.4250000000000620E+00
-1.4250000000000602E+00
-1.4250000000000573E+00
-1.4250000000000558E+00
-1.4250000000000527E+00
-1.4250000000000509E+00
-1.4250000000000493E+00
-1.4250000000000502E+00
-1.4250000000000489E+00
-1.4250000000000485E+00
-1.4250000000000485E+00
-1.4250000000000509E+00
-1.4250000000000493E+00
-1.4250000000000500E+00
-1.4250000000000485E+00
-1.4250000000000502E+00
-1.4250000000000502E+00
-1.4250000000000471E+00
-1.4250000000000482E+00
-1.4250000000000471E+00
-1.4250000000000480E+00
-1.4250000000000467E+00
-1.4250000000000433E+00
-1.4250000000000425E+00
-1.4250000000000438E+00
-1.4250000000000433E+00
-1.4250000000000405E+00
-1.4250000000000407E+00
-1.4250000000000378E+00
-1.4250000000000351E+00
-1.4250000000000331E+00
-1.4250000000000320E+00
-1.4250000000000305E+00
-1.4250000000000298E+00
-1.4250000000000285E+00
-1.4250000000000302E+00
-1.4250000000000294E+00
-1.4625000000000490E+00
-1.4625000000000494E+00
-1.4625000000000488E+00
-1.4625000000000485E+00
-1.4625000000000459E+00
-1.4625000000000457E+00
-1.4625000000000459E+00
-1.4625000000000468E+00
-1.4625000000000477E+00
-1.4625000000000488E+00
-1.4625000000000496E+00
-1.4625000000000512E+00
-1.4625000000000523E+00
-1.4625000000000536E+00
-1.4625000000000548E+00
-1.4625000000000561E+00
-1.4625000000000568E+00
-1.4625000000000568E+00
-1.4625000000000570E+00
-1.4625000000000583E+00
-1.4625000000000585E+00
-1.4625000000000594E+00
-1.4625000000000596E+00
-1.4625000000000619E+00
-1.4625000000000619E+00
-1.4625000000000619E+00
-1.4625000000000621E+00
-1.4625000000000616E+00
-1.4625000000000610E+00
-1.4625000000000605E+00
-1.4625000000000576E+00
-1.4625000000000539E+00
-1.4625000000000530E+00
-1.4625000000000516E+00
-1.4625000000000501E+00
-1.4625000000000514E+00
-1.4625000000000501E+00
-1.4625000000000516E+00
-1.4625000000000508E+00
-1.4625000000000514E+00
-1.4625000000000501E+00
-1.4625000000000488E+00
-1.4625000000000477E+00
-1.4625000000000483E+00
-1.4625000000000477E+00
-1.4625000000000483E+00
-1.4625000000000490E+00
-1.4625000000000496E+00
-1.4625000000000499E+00
-1.4625000000000477E+00
-1.4625000000000463E+00
-1.4625000000000465E+00
-1.4625000000000468E+00
-1.4625000000000457E+00
-1.4625000000000443E+00
-1.4625000000000425E+00
-1.4625000000000410E+00
-1.4625000000000394E+00
-1.4625000000000372E+00
-1.4625000000000372E+00
-1.4625000000000341E+00
-1.4625000000000308E+00
-1.4625000000000290E+00
-1.4625000000000297E+00
-1.4625000000000299E+00
-1.5000000000000508E+00
-1.5000000000000508E+00
-1.5000000000000497E+00
-1.5000000000000500E+00
-1.5000000000000477E+00
-1.5000000000000477E+00
-1.5000000000000469E+00
-1.5000000000000473E+00
-1.5000000000000486E+00
-1.5000000000000506E+00
-1.5000000000000513E+00
-1.5000000000000520E+00
-1.5000000000000531E+00
-1.5000000000000553E+00
-1.5000000000000557E+00
-1.5000000000000562E+00
-1.5000000000000571E+00
-1.5000000000000568E+00
-1.5000000000000573E+00
-1.5000000000000597E+00
-1.5000000000000593E+00
-1.5000000000000595E+00
-1.5000000000000602E+00
-1.5000000000000624E+00
-1.5000000000000628E+00
-1.5000000000000631E+00
-1.5000000000000631E+00
-1.5000000000000604E+00
-1.5000000000000611E+00
-1.5000000000000613E+00
-1.5000000000000575E+00
-1.5000000000000540E+00
-1.5000000000000555E+00
-1.5000000000000517E+00
-1.5000000000000522E+00
-1.5000000000000528E+00
-1.5000000000000522E+00
-1.5000000000000528E+00
-1.5000000000000535E+00
-1.5000000000000524E+00
-1.5000000000000497E+00
-1.5000000000000475E+00
-1.5000000000000475E+00
-1.5000000000000486E+00
-1.5000000000000475E+00
-1.5000000000000484E+00
-1.5000000000000504E+00
-1.5000000000000517E+00
-1.5000000000000500E+00
-1.5000000000000484E+00
-1.5000000000000497E+00
-1.5000000000000495E+00
-1.5000000000000497E+00
-1.5000000000000484E+00
-1.5000000000000464E+00
-1.5000000000000433E+00
-1.5000000000000433E+00
-1.5000000000000433E+00
-1.5000000000000431E+00
-1.5000000000000406E+00
-1.5000000000000371E+00
-1.5000000000000344E+00
-1.5000000000000291E+00
-1.5000000000000286E+00
-1.5000000000000284E+00
-1.5375000000000525E+00
-1.5375000000000518E+00
-1.5375000000000516E+00
-1.5375000000000512E+00
-1.5375000000000500E+00
-1.5375000000000489E+00
-1.5375000000000485E+00
-1.5375000000000481E+00
-1.5375000000000503E+00
-1.5375000000000516E+00
-1.5375000000000527E+00
-1.5375000000000536E+00
-1.5375000000000545E+00
-1.5375000000000556E+00
-1.5375000000000567E+00
-1.5375000000000560E+00
-1.5375000000000563E+00
-1.5375000000000567E+00
-1.5375000000000585E+00
-1.5375000000000598E+00
-1.5375000000000603E+00
-1.5375000000000596E+00
-1.5375000000000618E+00
-1.5375000000000631E+00
-1.5375000000000634E+00
-1.5375000000000634E+00
-1.5375000000000627E+00
-1.5375000000000609E+00
-1.5375000000000605E+00
-1.5375000000000598E+00
-1.5375000000000574E+00
-1.5375000000000549E+00
-1.5375000000000545E+00
-1.5375000000000538E+00
-1.5375000000000532E+00
-1.5375000000000545E+00
-1.5375000000000540E+00
-1.5375000000000527E+00
-1.5375000000000545E+00
-1.5375000000000523E+00
-1.5375000000000489E+00
-1.5375000000000474E+00
-1.5375000000000456E+00
-1.5375000000000476E+00
-1.5375000000000472E+00
-1.5375000000000485E+00
-1.5375000000000523E+00
-1.5375000000000529E+00
-1.5375000000000527E+00
-1.5375000000000507E+00
-1.5375000000000518E+00
-1.5375000000000507E+00
-1.5375000000000523E+00
-1.5375000000000516E+00
-1.5375000000000478E+00
-1.5375000000000465E+00
-1.5375000000000454E+00
-1.5375000000000467E+00
-1.5375000000000452E+00
-1.5375000000000414E+00
-1.5375000000000398E+00
-1.5375000000000361E+00
-1.5375000000000327E+00
-1.5375000000000298E+00
-1.5375000000000298E+00
-1.5750000000000524E+00
-1.5750000000000532E+00
-1.5750000000000526E+00
-1.5750000000000526E+00
-1.5750000000000510E+00
-1.5750000000000501E+00
-1.5750000000000490E+00
-1.5750000000000499E+00
-1.5750000000000517E+00
-1.5750000000000524E+00
-1.5750000000000532E+00
-1.5750000000000557E+00
-1.5750000000000555E+00
-1.5750000000000564E+00
-1.5750000000000568E+00
-1.5750000000000564E+00
-1.5750000000000561E+00
-1.5750000000000581E+00
-1.5750000000000595E+00
-1.5750000000000604E+00
-1.5750000000000592E+00
-1.5750000000000606E+00
-1.5750000000000621E+00
-1.5750000000000643E+00
-1.5750000000000648E+00
-1.5750000000000639E+00
-1.5750000000000615E+00
-1.5750000000000604E+00
-1.5750000000000599E+00
-1.5750000000000588E+00
-1.5750000000000577E+00
-1.5750000000000559E+00
-1.5750000000000550E+00
-1.5750000000000550E+00
-1.5750000000000559E+00
-1.5750000000000546E+00
-1.5750000000000524E+00
-1.5750000000000530E+00
-1.5750000000000526E+00
-1.5750000000000512E+00
-1.5750000000000490E+00
-1.5750000000000477E+00
-1.5750000000000461E+00
-1.5750000000000459E+00
-1.5750000000000457E+00
-1.5750000000000486E+00
-1.5750000000000521E+00
-1.5750000000000539E+00
-1.5750000000000521E+00
-1.5750000000000526E+00
-1.5750000000000535E+00
-1.5750000000000535E+00
-1.5750000000000544E+00
-1.5750000000000535E+00
-1.5750000000000515E+00
-1.5750000000000492E+00
-1.5750000000000481E+00
-1.5750000000000479E+00
-1.5750000000000468E+00
-1.5750000000000424E+00
-1.5750000000000401E+00
-1.5750000000000370E+00
-1.5750000000000339E+00
-1.5750000000000330E+00
-1.5750000000000319E+00
-1.6125000000000538E+00
-1.6125000000000531E+00
-1.6125000000000547E+00
-1.6125000000000531E+00
-1.6125000000000520E+00
-1.6125000000000513E+00
-1.6125000000000507E+00
-1.6125000000000509E+00
-1.6125000000000529E+00
-1.6125000000000531E+00
-1.6125000000000544E+00
-1.6125000000000549E+00
-1.6125000000000569E+00
-1.6125000000000560E+00
-1.6125000000000560E+00
-1.6125000000000560E+00
-1.6125000000000576E+00
-1.6125000000000589E+00
-1.6125000000000611E+00
-1.6125000000000611E+00
-1.6125000000000611E+00
-1.6125000000000616E+00
-1.6125000000000618E+00
-1.6125000000000642E+00
-1.6125000000000658E+00
-1.6125000000000638E+00
-1.6125000000000618E+00
-1.6125000000000596E+00
-1.6125000000000589E+00
-1.6125000000000582E+00
-1.6125000000000571E+00
-1.6125000000000567E+00
-1.6125000000000558E+00
-1.6125000000000560E+00
-1.6125000000000562E+00
-1.6125000000000542E+00
-1.6125000000000527E+00
-1.6125000000000522E+00
-1.6125000000000509E+00
-1.6125000000000498E+00
-1.6125000000000489E+00
-1.6125000000000476E+00
-1.6125000000000456E+00
-1.6125000000000462E+00
-1.6125000000000453E+00
-1.6125000000000485E+00
-1.6125000000000513E+00
-1.6125000000000531E+00
-1.6125000000000520E+00
-1.6125000000000531E+00
-1.6125000000000538E+00
-1.6125000000000558E+00
-1.6125000000000558E+00
-1.6125000000000556E+00
-1.6125000000000538E+00
-1.6125000000000513E+00
-1.6125000000000485E+00
-1.6125000000000478E+00
-1.6125000000000465E+00
-1.6125000000000440E+00
-1.6125000000000398E+00
-1.6125000000000376E+00
-1.6125000000000371E+00
-1.6125000000000362E+00
-1.6125000000000378E+00
-1.6500000000000541E+00
-1.6500000000000550E+00
-1.6500000000000539E+00
-1.6500000000000545E+00
-1.6500000000000519E+00
-1.6500000000000528E+00
-1.6500000000000508E+00
-1.6500000000000510E+00
-1.6500000000000525E+00
-1.6500000000000532E+00
-1.6500000000000532E+00
-1.6500000000000563E+00
-1.6500000000000565E+00
-1.6500000000000570E+00
-1.6500000000000561E+00
-1.6500000000000574E+00
-1.6500000000000572E+00
-1.6500000000000605E+00
-1.6500000000000614E+00
-1.6500000000000634E+00
-1.6500000000000621E+00
-1.6500000000000632E+00
-1.6500000000000630E+00
-1.6500000000000634E+00
-1.6500000000000643E+00
-1.6500000000000632E+00
-1.6500000000000605E+00
-1.6500000000000594E+00
-1.6500000000000576E+00
-1.6500000000000581E+00
-1.6500000000000576E+00
-1.6500000000000561E+00
-1.6500000000000559E+00
-1.6500000000000550E+00
-1.6500000000000543E+00
-1.6500000000000541E+00
-1.6500000000000532E+00
-1.6500000000000512E+00
-1.6500000000000505E+00
-1.6500000000000499E+00
-1.6500000000000492E+00
-1.6500000000000477E+00
-1.6500000000000459E+00
-1.6500000000000468E+00
-1.6500000000000470E+00
-1.6500000000000488E+00
-1.6500000000000494E+00
-1.6500000000000519E+00
-1.6500000000000525E+00
-1.6500000000000536E+00
-1.6500000000000554E+00
-1.6500000000000574E+00
-1.6500000000000574E+00
-1.6500000000000590E+00
-1.6500000000000554E+00
-1.6500000000000539E+00
-1.6500000000000494E+00
-1.6500000000000490E+00
-1.6500000000000463E+00
-1.6500000000000441E+00
-1.6500000000000408E+00
-1.6500000000000392E+00
-1.6500000000000401E+00
-1.6500000000000410E+00
-1.6500000000000408E+00
-1.6875000000000551E+00
-1.6875000000000564E+00
-1.6875000000000548E+00
-1.6875000000000551E+00
-1.6875000000000535E+00
-1.6875000000000524E+00
-1.6875000000000506E+00
-1.6875000000000511E+00
-1.6875000000000520E+00
-1.6875000000000531E+00
-1.6875000000000535E+00
-1.6875000000000555E+00
-1.6875000000000560E+00
-1.6875000000000568E+00
-1.6875000000000562E+00
-1.6875000000000575E+00
-1.6875000000000584E+00
-1.6875000000000620E+00
-1.6875000000000628E+00
-1.6875000000000635E+00
-1.6875000000000622E+00
-1.6875000000000637E+00
-1.6875000000000631E+00
-1.6875000000000644E+00
-1.6875000000000624E+00
-1.6875000000000615E+00
-1.6875000000000600E+00
-1.6875000000000586E+00
-1.6875000000000562E+00
-1.6875000000000580E+00
-1.6875000000000582E+00
-1.6875000000000577E+00
-1.6875000000000566E+00
-1.6875000000000544E+00
-1.6875000000000522E+00
-1.6875000000000520E+00
-1.6875000000000506E+00
-1.6875000000000506E+00
-1.6875000000000504E+00
-1.6875000000000497E+00
-1.6875000000000480E+00
-1.6875000000000466E+00
-1.6875000000000453E+00
-1.6875000000000462E+00
-1.6875000000000469E+00
-1.6875000000000484E+00
-1.6875000000000491E+00
-1.6875000000000508E+00
-1.6875000000000526E+00
-1.6875000000000548E+00
-1.6875000000000580E+00
-1.6875000000000584E+00
-1.6875000000000584E+00
-1.6875000000000611E+00
-1.6875000000000593E+00
-1.6875000000000553E+00
-1.6875000000000495E+00
-1.6875000000000480E+00
-1.6875000000000437E+00
-1.6875000000000433E+00
-1.6875000000000417E+00
-1.6875000000000415E+00
-1.6875000000000420E+00
-1.6875000000000446E+00
-1.6875000000000433E+00
-1.7250000000000563E+00
-1.7250000000000569E+00
-1.7250000000000567E+00
-1.7250000000000563E+00
-1.7250000000000536E+00
-1.7250000000000523E+00
-1.7250000000000507E+00
-1.7250000000000509E+00
-1.7250000000000516E+00
-1.7250000000000525E+00
-1.7250000000000538E+00
-1.7250000000000547E+00
-1.7250000000000556E+00
-1.7250000000000567E+00
-1.7250000000000565E+00
-1.7250000000000583E+00
-1.7250000000000605E+00
-1.7250000000000623E+00
-1.7250000000000631E+00
-1.7250000000000634E+00
-1.7250000000000623E+00
-1.7250000000000629E+00
-1.7250000000000634E+00
-1.7250000000000651E+00
-1.7250000000000634E+00
-1.7250000000000603E+00
-1.7250000000000605E+00
-1.7250000000000580E+00
-1.7250000000000572E+00
-1.7250000000000592E+00
-1.7250000000000578E+00
-1.7250000000000583E+00
-1.7250000000000556E+00
-1.7250000000000532E+00
-1.7250000000000509E+00
-1.7250000000000507E+00
-1.7250000000000496E+00
-1.7250000000000496E+00
-1.7250000000000503E+00
-1.7250000000000507E+00
-1.7250000000000478E+00
-1.7250000000000472E+00
-1.7250000000000458E+00
-1.7250000000000461E+00
-1.7250000000000469E+00
-1.7250000000000489E+00
-1.7250000000000487E+00
-1.7250000000000509E+00
-1.7250000000000516E+00
-1.7250000000000556E+00
-1.7250000000000558E+00
-1.7250000000000576E+00
-1.7250000000000592E+00
-1.7250000000000620E+00
-1.7250000000000612E+00
-1.7250000000000580E+00
-1.7250000000000505E+00
-1.7250000000000469E+00
-1.7250000000000443E+00
-1.7250000000000438E+00
-1.7250000000000421E+00
-1.7250000000000427E+00
-1.7250000000000458E+00
-1.7250000000000472E+00
-1.7250000000000485E+00
-1.7625000000000577E+00
-1.7625000000000577E+00
-1.7625000000000581E+00
-1.7625000000000577E+00
-1.7625000000000544E+00
-1.7625000000000519E+00
-1.7625000000000510E+00
-1.7625000000000512E+00
-1.7625000000000506E+00
-1.7625000000000517E+00
-1.7625000000000535E+00
-1.7625000000000552E+00
-1.7625000000000572E+00
-1.7625000000000572E+00
-1.7625000000000584E+00
-1.7625000000000586E+00
-1.7625000000000606E+00
-1.7625000000000617E+00
-1.7625000000000624E+00
-1.7625000000000635E+00
-1.7625000000000639E+00
-1.7625000000000624E+00
-1.7625000000000635E+00
-1.7625000000000643E+00
-1.7625000000000624E+00
-1.7625000000000606E+00
-1.7625000000000592E+00
-1.7625000000000575E+00
-1.7625000000000584E+00
-1.7625000000000581E+00
-1.7625000000000586E+00
-1.7625000000000584E+00
-1.7625000000000557E+00
-1.7625000000000528E+00
-1.7625000000000499E+00
-1.7625000000000495E+00
-1.7625000000000492E+00
-1.7625000000000504E+00
-1.7625000000000521E+00
-1.7625000000000512E+00
-1.7625000000000477E+00
-1.7625000000000473E+00
-1.7625000000000466E+00
-1.7625000000000470E+00
-1.7625000000000475E+00
-1.7625000000000488E+00
-1.7625000000000495E+00
-1.7625000000000499E+00
-1.7625000000000508E+00
-1.7625000000000537E+00
-1.7625000000000552E+00
-1.7625000000000575E+00
-1.7625000000000599E+00
-1.7625000000000621E+00
-1.7625000000000630E+00
-1.7625000000000572E+00
-1.7625000000000521E+00
-1.7625000000000475E+00
-1.7625000000000448E+00
-1.7625000000000437E+00
-1.7625000000000433E+00
-1.7625000000000446E+00
-1.7625000000000475E+00
-1.7625000000000497E+00
-1.7625000000000504E+00
-1.8000000000000576E+00
-1.8000000000000578E+00
-1.8000000000000584E+00
-1.8000000000000589E+00
-1.8000000000000547E+00
-1.8000000000000518E+00
-1.8000000000000511E+00
-1.8000000000000513E+00
-1.8000000000000502E+00
-1.8000000000000518E+00
-1.8000000000000542E+00
-1.8000000000000553E+00
-1.8000000000000573E+00
-1.8000000000000582E+00
-1.8000000000000582E+00
-1.8000000000000587E+00
-1.8000000000000587E+00
-1.8000000000000622E+00
-1.8000000000000613E+00
-1.8000000000000631E+00
-1.8000000000000635E+00
-1.8000000000000624E+00
-1.8000000000000624E+00
-1.8000000000000635E+00
-1.8000000000000620E+00
-1.8000000000000611E+00
-1.8000000000000598E+00
-1.8000000000000571E+00
-1.8000000000000580E+00
-1.8000000000000584E+00
-1.8000000000000591E+00
-1.8000000000000580E+00
-1.8000000000000564E+00
-1.8000000000000527E+00
-1.8000000000000480E+00
-1.8000000000000498E+00
-1.8000000000000487E+00
-1.8000000000000513E+00
-1.8000000000000542E+00
-1.8000000000000522E+00
-1.8000000000000471E+00
-1.8000000000000471E+00
-1.8000000000000467E+00
-1.8000000000000482E+00
-1.8000000000000467E+00
-1.8000000000000485E+00
-1.8000000000000482E+00
-1.8000000000000485E+00
-1.8000000000000491E+00
-1.8000000000000520E+00
-1.8000000000000547E+00
-1.8000000000000569E+00
-1.8000000000000580E+00
-1.8000000000000611E+00
-1.8000000000000600E+00
-1.8000000000000571E+00
-1.8000000000000518E+00
-1.8000000000000496E+00
-1.8000000000000438E+00
-1.8000000000000418E+00
-1.8000000000000425E+00
-1.8000000000000465E+00
-1.8000000000000498E+00
-1.8000000000000524E+00
-1.8000000000000507E+00
