********************************************************************************
Field Output Report, written Thu Jul 06 10:09:18 2017

Source 1
---------

   ODB: D:/Abaqus_working/3D_SHEAR_FORCE_ELASTIC_elem_20_160x120x120mm_intp_2_DIRECT.odb
   Step: Load
   Frame: Increment      5: Step Time =    5.000

Loc 1 : Nodal values from source 1

Output sorted by column "Node Label".

Field Output reported at nodes for part: RECTANGULARINSTANCE

    Node Label          U.U1          U.U2          U.U3
                      @Loc 1        @Loc 1        @Loc 1
---------------------------------------------------------
             1           -0.         38.50        -4.483
             2     38.77E-33         39.03        -2.727
             3     23.91E-33         38.90        -1.304
             4     13.39E-33         38.85     62.69E-18
             5    -4.076E-33         38.90         1.304
             6    -37.97E-33         39.03         2.727
             7           -0.         38.50         4.483
             8     34.05E-33         37.11        -3.075
             9     115.3E-33         37.89        -2.045
            10     52.95E-33         37.87        -1.010
            11     13.18E-33         37.85     1.410E-15
            12    -33.60E-33         37.87         1.010
            13    -115.8E-33         37.89         2.045
            14    -34.05E-33         37.11         3.075
            15     35.47E-33         36.36        -2.077
            16     118.9E-33         37.23        -1.438
            17     53.59E-33         37.27    -727.6E-03
            18     11.13E-33         37.26    -155.1E-18
            19    -38.31E-33         37.27     727.6E-03
            20    -121.7E-33         37.23         1.438
            21    -35.47E-33         36.36         2.077
            22     35.77E-33         35.92        -1.350
            23     119.9E-33         36.84    -955.5E-03
            24     53.83E-33         36.91    -490.7E-03
            25     10.47E-33         36.91     511.6E-18
            26    -39.59E-33         36.91     490.7E-03
            27    -122.7E-33         36.84     955.5E-03
            28    -35.77E-33         35.92         1.350
            29     36.01E-33         35.66    -806.4E-03
            30     120.2E-33         36.62    -578.3E-03
            31     53.94E-33         36.70    -299.6E-03
            32     10.36E-33         36.71     1.293E-15
            33    -39.77E-33         36.70     299.6E-03
            34    -122.6E-33         36.62     578.3E-03
            35    -36.01E-33         35.66     806.4E-03
            36     36.23E-33         35.52    -376.4E-03
            37     120.3E-33         36.50    -271.7E-03
            38     54.05E-33         36.59    -141.4E-03
            39     10.43E-33         36.60     643.4E-18
            40    -39.70E-33         36.59     141.4E-03
            41    -122.4E-33         36.50     271.7E-03
            42    -36.23E-33         35.52     376.4E-03
            43            0.         35.48           -0.
            44     39.55E-33         36.46    -4.516E-33
            45     22.92E-33         36.56    -1.137E-33
            46     10.51E-33         36.57     1.753E-33
            47    -8.386E-33         36.56     5.594E-33
            48    -41.47E-33         36.46     12.13E-33
            49            0.         35.48           -0.
            50        -4.155         34.83        -3.705
            51        -1.524         35.36        -2.417
            52    -534.2E-03         35.45        -1.178
            53    -1.660E-15         35.42     176.6E-18
            54     534.2E-03         35.45         1.178
            55         1.524         35.36         2.417
            56         4.155         34.83         3.705
            57        -4.509         33.73        -2.742
            58        -1.834         34.36        -1.843
            59    -684.2E-03         34.51    -918.0E-03
            60     621.7E-18         34.51     686.4E-18
            61     684.2E-03         34.51     918.0E-03
            62         1.834         34.36         1.843
            63         4.509         33.73         2.742
            64        -4.499         33.05        -1.902
            65        -1.889         33.75        -1.317
            66    -725.1E-03         33.95    -667.7E-03
            67    -24.50E-18         33.96    -358.3E-18
            68     725.1E-03         33.95     667.7E-03
            69         1.889         33.75         1.317
            70         4.499         33.05         1.902
            71        -4.437         32.64        -1.250
            72        -1.873         33.39    -883.1E-03
            73    -725.3E-03         33.61    -453.5E-03
            74     148.8E-18         33.63     936.2E-18
            75     725.3E-03         33.61     453.5E-03
            76         1.873         33.39     883.1E-03
            77         4.437         32.64         1.250
            78        -4.382         32.39    -751.5E-03
            79        -1.845         33.17    -537.5E-03
            80    -714.7E-03         33.41    -278.2E-03
            81    -812.1E-18         33.44     239.6E-18
            82     714.7E-03         33.41     278.2E-03
            83         1.845         33.17     537.5E-03
            84         4.382         32.39     751.5E-03
            85        -4.348         32.27    -351.9E-03
            86        -1.824         33.06    -253.4E-03
            87    -705.5E-03         33.30    -131.7E-03
            88    -305.7E-18         33.33     1.033E-15
            89     705.5E-03         33.30     131.7E-03
            90         1.824         33.06     253.4E-03
            91         4.348         32.27     351.9E-03
            92        -4.337         32.23    -5.648E-33
            93        -1.817         33.02    -13.96E-33
            94    -702.1E-03         33.27    -5.731E-33
            95    -1.053E-15         33.30     1.668E-33
            96     702.1E-03         33.27     10.08E-33
            97         1.817         33.02     22.01E-33
            98         4.337         32.23     5.648E-33
            99        -6.501         29.93        -2.575
           100        -2.856         30.39        -1.731
           101        -1.062         30.57    -866.6E-03
           102     35.03E-18         30.60    -728.9E-18
           103         1.062         30.57     866.6E-03
           104         2.856         30.39         1.731
           105         6.501         29.93         2.575
           106        -7.007         29.19        -2.009
           107        -3.320         29.67        -1.362
           108        -1.303         29.86    -685.8E-03
           109     935.6E-18         29.91     470.8E-18
           110         1.303         29.86     685.8E-03
           111         3.320         29.67         1.362
           112         7.007         29.19         2.009
           113        -7.022         28.68        -1.451
           114        -3.429         29.19        -1.002
           115        -1.379         29.42    -509.4E-03
           116    -230.8E-18         29.47    -236.0E-18
           117         1.379         29.42     509.4E-03
           118         3.429         29.19         1.002
           119         7.022         28.68         1.451
           120        -6.930         28.35    -980.3E-03
           121        -3.411         28.89    -687.8E-03
           122        -1.383         29.13    -352.4E-03
           123    -67.38E-18         29.19     508.7E-18
           124         1.383         29.13     352.4E-03
           125         3.411         28.89     687.8E-03
           126         6.930         28.35     980.3E-03
           127        -6.839         28.15    -600.0E-03
           128        -3.365         28.71    -425.0E-03
           129        -1.365         28.96    -219.0E-03
           130    -561.8E-18         29.02    -345.3E-18
           131         1.365         28.96     219.0E-03
           132         3.365         28.71     425.0E-03
           133         6.839         28.15     600.0E-03
           134        -6.779         28.04    -283.8E-03
           135        -3.329         28.61    -202.1E-03
           136        -1.350         28.87    -104.5E-03
           137    -481.2E-18         28.93     171.2E-18
           138         1.350         28.87     104.5E-03
           139         3.329         28.61     202.1E-03
           140         6.779         28.04     283.8E-03
           141        -6.759         28.00    -2.652E-33
           142        -3.316         28.58    -8.066E-33
           143        -1.343         28.84    -3.326E-33
           144     278.5E-18         28.90     1.111E-33
           145         1.343         28.84     5.956E-33
           146         3.316         28.58     11.73E-33
           147         6.759         28.00     2.652E-33
           148        -7.883         24.51        -1.417
           149        -3.731         24.73    -950.0E-03
           150        -1.446         24.85    -476.5E-03
           151    -935.9E-18         24.88     727.1E-18
           152         1.446         24.85     476.5E-03
           153         3.731         24.73     950.0E-03
           154         7.883         24.51         1.417
           155        -8.449         24.09        -1.137
           156        -4.253         24.32    -766.8E-03
           157        -1.725         24.44    -385.7E-03
           158     1.061E-15         24.48     1.077E-15
           159         1.725         24.44     385.7E-03
           160         4.253         24.32     766.8E-03
           161         8.449         24.09         1.137
           162        -8.494         23.78    -859.6E-03
           163        -4.396         24.03    -585.1E-03
           164        -1.822         24.16    -295.2E-03
           165    -929.4E-18         24.19    -70.68E-18
           166         1.822         24.16     295.2E-03
           167         4.396         24.03     585.1E-03
           168         8.494         23.78     859.6E-03
           169        -8.398         23.56    -606.3E-03
           170        -4.384         23.82    -415.8E-03
           171        -1.832         23.96    -210.5E-03
           172     504.1E-18         24.00    -155.1E-18
           173         1.832         23.96     210.5E-03
           174         4.384         23.82     415.8E-03
           175         8.398         23.56     606.3E-03
           176        -8.290         23.42    -383.7E-03
           177        -4.331         23.68    -264.1E-03
           178        -1.812         23.83    -134.0E-03
           179     109.8E-18         23.87    -960.1E-18
           180         1.812         23.83     134.0E-03
           181         4.331         23.68     264.1E-03
           182         8.290         23.42     383.7E-03
           183        -8.218         23.34    -185.4E-03
           184        -4.287         23.61    -127.8E-03
           185        -1.793         23.75    -64.95E-03
           186     53.07E-18         23.80    -549.2E-18
           187         1.793         23.75     64.95E-03
           188         4.287         23.61     127.8E-03
           189         8.218         23.34     185.4E-03
           190        -8.193         23.31    -270.9E-36
           191        -4.271         23.58    -2.279E-33
           192        -1.785         23.73    -875.4E-36
           193     383.9E-18         23.77     499.0E-36
           194         1.785         23.73     1.980E-33
           195         4.271         23.58     3.547E-33
           196         8.193         23.31     270.9E-36
           197        -8.323         18.77    -217.9E-03
           198        -4.019         18.76    -136.4E-03
           199        -1.581         18.76    -63.36E-03
           200    -838.3E-18         18.75    -25.49E-18
           201         1.581         18.76     63.36E-03
           202         4.019         18.76     136.4E-03
           203         8.323         18.77     217.9E-03
           204        -8.902         18.68    -227.5E-03
           205        -4.553         18.67    -137.3E-03
           206        -1.868         18.67    -62.47E-03
           207     854.6E-18         18.67     180.6E-18
           208         1.868         18.67     62.47E-03
           209         4.553         18.67     137.3E-03
           210         8.902         18.68     227.5E-03
           211        -8.963         18.58    -221.6E-03
           212        -4.707         18.57    -131.0E-03
           213        -1.971         18.56    -59.41E-03
           214    -220.9E-18         18.56     290.6E-18
           215         1.971         18.56     59.41E-03
           216         4.707         18.57     131.0E-03
           217         8.963         18.58     221.6E-03
           218        -8.874         18.49    -191.4E-03
           219        -4.700         18.47    -112.0E-03
           220        -1.982         18.45    -50.85E-03
           221     93.36E-18         18.45     377.4E-18
           222         1.982         18.45     50.85E-03
           223         4.700         18.47     112.0E-03
           224         8.874         18.49     191.4E-03
           225        -8.768         18.41    -139.6E-03
           226        -4.647         18.38    -81.47E-03
           227        -1.962         18.37    -37.04E-03
           228    -387.8E-18         18.36    -359.2E-18
           229         1.962         18.37     37.04E-03
           230         4.647         18.38     81.47E-03
           231         8.768         18.41     139.6E-03
           232        -8.694         18.36    -73.28E-03
           233        -4.602         18.33    -42.77E-03
           234        -1.942         18.31    -19.48E-03
           235    -688.0E-18         18.31    -176.3E-18
           236         1.942         18.31     19.48E-03
           237         4.602         18.33     42.77E-03
           238         8.694         18.36     73.28E-03
           239        -8.668         18.34     2.160E-33
           240        -4.585         18.31     3.442E-33
           241        -1.934         18.29     1.610E-33
           242    -300.4E-18         18.29    -58.35E-36
           243         1.934         18.29    -1.726E-33
           244         4.585         18.31    -3.589E-33
           245         8.668         18.34    -2.160E-33
           246        -7.816         13.08     953.2E-03
           247        -3.715         12.84     665.4E-03
           248        -1.442         12.70     346.7E-03
           249    -1.114E-15         12.66     319.3E-18
           250         1.442         12.70    -346.7E-03
           251         3.715         12.84    -665.4E-03
           252         7.816         13.08    -953.2E-03
           253        -8.373         13.31     655.6E-03
           254        -4.223         13.05     482.0E-03
           255        -1.714         12.92     258.3E-03
           256     911.5E-18         12.89     55.91E-18
           257         1.714         12.92    -258.3E-03
           258         4.223         13.05    -482.0E-03
           259         8.373         13.31    -655.6E-03
           260        -8.442         13.41     395.6E-03
           261        -4.367         13.13     315.1E-03
           262        -1.808         12.98     174.6E-03
           263    -455.3E-18         12.93    -209.4E-18
           264         1.808         12.98    -174.6E-03
           265         4.367         13.13    -315.1E-03
           266         8.442         13.41    -395.6E-03
           267        -8.369         13.42     210.4E-03
           268        -4.359         13.11     186.6E-03
           269        -1.816         12.95     107.6E-03
           270     158.4E-18         12.90    -7.345E-18
           271         1.816         12.95    -107.6E-03
           272         4.359         13.11    -186.6E-03
           273         8.369         13.42    -210.4E-03
           274        -8.277         13.39     97.84E-03
           275        -4.311         13.08     98.47E-03
           276        -1.796         12.90     59.26E-03
           277     155.2E-18         12.85    -328.6E-18
           278         1.796         12.90    -59.26E-03
           279         4.311         13.08    -98.47E-03
           280         8.277         13.39    -97.84E-03
           281        -8.211         13.37     36.27E-03
           282        -4.269         13.04     41.17E-03
           283        -1.777         12.86     25.70E-03
           284     65.53E-18         12.81     7.587E-18
           285         1.777         12.86    -25.70E-03
           286         4.269         13.04    -41.17E-03
           287         8.211         13.37    -36.27E-03
           288        -8.188         13.36     5.038E-33
           289        -4.254         13.03     9.580E-33
           290        -1.770         12.84     4.304E-33
           291    -380.8E-18         12.79    -550.6E-36
           292         1.770         12.84    -5.483E-33
           293         4.254         13.03    -10.92E-33
           294         8.188         13.36    -5.038E-33
           295        -6.380         7.805         2.026
           296        -2.819         7.336         1.413
           297        -1.054         7.125     728.0E-03
           298    -594.5E-18         7.082    -236.9E-18
           299         1.054         7.125    -728.0E-03
           300         2.819         7.336        -1.413
           301         6.380         7.805        -2.026
           302        -6.878         8.284         1.446
           303        -3.255         7.799         1.050
           304        -1.283         7.598     553.0E-03
           305     984.2E-18         7.559    -317.0E-18
           306         1.283         7.598    -553.0E-03
           307         3.255         7.799        -1.050
           308         6.878         8.284        -1.446
           309        -6.950         8.517     926.0E-03
           310        -3.361         7.981     712.3E-03
           311        -1.351         7.751     385.2E-03
           312    -613.7E-18         7.705    -639.6E-18
           313         1.351         7.751    -385.2E-03
           314         3.361         7.981    -712.3E-03
           315         6.950         8.517    -926.0E-03
           316        -6.904         8.601     549.0E-03
           317        -3.348         8.022     446.4E-03
           318        -1.351         7.765     247.3E-03
           319     271.1E-18         7.711    -207.4E-18
           320         1.351         7.765    -247.3E-03
           321         3.348         8.022    -446.4E-03
           322         6.904         8.601    -549.0E-03
           323        -6.837         8.616     297.3E-03
           324        -3.308         8.010     253.0E-03
           325        -1.333         7.735     143.1E-03
           326    -19.12E-18         7.675    -494.3E-18
           327         1.333         7.735    -143.1E-03
           328         3.308         8.010    -253.0E-03
           329         6.837         8.616    -297.3E-03
           330        -6.788         8.612     128.5E-03
           331        -3.274         7.990     112.9E-03
           332        -1.317         7.705     64.74E-03
           333     95.17E-18         7.641     95.65E-18
           334         1.317         7.705    -64.74E-03
           335         3.274         7.990    -112.9E-03
           336         6.788         8.612    -128.5E-03
           337        -6.770         8.609     9.229E-33
           338        -3.262         7.981     17.22E-33
           339        -1.310         7.693     7.395E-33
           340    -194.5E-18         7.628    -1.059E-33
           341         1.310         7.693    -9.789E-33
           342         3.262         7.981    -20.36E-33
           343         6.770         8.609    -9.229E-33
           344        -3.924         3.238         2.984
           345        -1.502         2.658         2.068
           346    -529.7E-03         2.504         1.029
           347    -295.6E-18         2.511    -280.0E-18
           348     529.7E-03         2.504        -1.029
           349         1.502         2.658        -2.068
           350         3.924         3.238        -2.984
           351        -4.322         3.903         2.031
           352        -1.793         3.275         1.503
           353    -667.2E-03         3.110     781.2E-03
           354     875.1E-18         3.119    -146.3E-18
           355     667.2E-03         3.110    -781.2E-03
           356         1.793         3.275        -1.503
           357         4.322         3.903        -2.031
           358        -4.409         4.171         1.289
           359        -1.845         3.464         1.009
           360    -698.4E-03         3.267     542.1E-03
           361    -567.9E-18         3.271    -349.0E-18
           362     698.4E-03         3.267    -542.1E-03
           363         1.845         3.464        -1.009
           364         4.409         4.171        -1.289
           365        -4.397         4.262     775.7E-03
           366        -1.830         3.498     632.0E-03
           367    -693.3E-03         3.274     348.0E-03
           368     214.0E-18         3.273    -384.8E-18
           369     693.3E-03         3.274    -348.0E-03
           370         1.830         3.498    -632.0E-03
           371         4.397         4.262    -775.7E-03
           372        -4.364         4.292     431.5E-03
           373        -1.803         3.493     361.0E-03
           374    -679.8E-03         3.251     202.3E-03
           375     77.25E-18         3.244    -277.2E-18
           376     679.8E-03         3.251    -202.3E-03
           377         1.803         3.493    -361.0E-03
           378         4.364         4.292    -431.5E-03
           379        -4.336         4.300     191.1E-03
           380        -1.783         3.482     162.5E-03
           381    -669.2E-03         3.229     92.07E-03
           382    -98.45E-18         3.219    -131.8E-18
           383     669.2E-03         3.229    -92.07E-03
           384         1.783         3.482    -162.5E-03
           385         4.336         4.300    -191.1E-03
           386        -4.326         4.301     15.91E-33
           387        -1.775         3.478     26.63E-33
           388    -665.3E-03         3.220     11.01E-33
           389    -417.9E-18         3.210    -1.727E-33
           390     665.3E-03         3.220    -14.87E-33
           391         1.775         3.478    -30.63E-33
           392         4.326         4.301    -15.91E-33
           393           -0.            0.         3.589
           394     38.56E-33    -26.82E-33         2.318
           395     22.83E-33    -23.93E-33         1.145
           396     12.57E-33    -19.45E-33    -638.7E-18
           397    -5.168E-33    -14.11E-33        -1.145
           398    -34.00E-33     1.096E-33        -2.318
           399            0.           -0.        -3.589
           400     25.13E-33     14.34E-33         2.242
           401     109.4E-33    -36.62E-33         1.688
           402     49.23E-33    -47.90E-33     873.0E-03
           403     9.447E-33    -44.44E-33    -208.0E-18
           404    -38.30E-33    -38.51E-33    -873.0E-03
           405    -110.5E-33    -5.914E-33        -1.688
           406    -25.13E-33     14.34E-33        -2.242
           407     25.18E-33     15.11E-33         1.407
           408     118.0E-33    -40.27E-33         1.123
           409     53.22E-33    -52.05E-33     602.2E-03
           410     10.42E-33    -47.38E-33    -213.3E-18
           411    -40.47E-33    -40.71E-33    -602.2E-03
           412    -113.9E-33    -3.308E-33        -1.123
           413    -25.18E-33     15.11E-33        -1.407
           414     24.76E-33     15.65E-33     853.3E-03
           415     120.7E-33    -41.11E-33     702.5E-03
           416     54.43E-33    -53.10E-33     386.2E-03
           417     10.56E-33    -47.98E-33    -338.4E-18
           418    -41.34E-33    -40.99E-33    -386.2E-03
           419    -114.9E-33    -2.560E-33    -702.5E-03
           420    -24.76E-33     15.65E-33    -853.3E-03
           421     24.71E-33     15.76E-33     478.6E-03
           422     121.4E-33    -41.01E-33     401.5E-03
           423     54.73E-33    -53.25E-33     224.6E-03
           424     10.53E-33    -48.02E-33    -317.8E-18
           425    -41.61E-33    -40.93E-33    -224.6E-03
           426    -115.0E-33    -2.428E-33    -401.5E-03
           427    -24.71E-33     15.76E-33    -478.6E-03
           428     24.80E-33     15.70E-33     213.6E-03
           429     121.6E-33    -40.87E-33     181.1E-03
           430     54.80E-33    -53.35E-33     102.3E-03
           431     10.49E-33    -48.18E-33    -150.0E-18
           432    -41.72E-33    -41.09E-33    -102.3E-03
           433    -114.9E-33    -2.611E-33    -181.1E-03
           434    -24.80E-33     15.70E-33    -213.6E-03
           435            0.            0.            0.
           436     42.84E-33    -26.27E-33     6.451E-33
           437     22.66E-33    -21.96E-33     1.635E-33
           438     10.47E-33    -16.25E-33    -2.259E-33
           439    -9.579E-33    -9.848E-33    -7.870E-33
           440    -36.10E-33     11.60E-33    -17.40E-33
           441            0.            0.           -0.
           442        -4.456         34.22        -3.229
           443        -2.815         34.12        -2.302
           444        -1.734         34.80        -2.132
           445        -2.426         35.17        -3.044
           446           -0.         38.97        -3.544
           447    -166.0E-33         38.37        -2.393
           448    -213.9E-33         37.73        -2.577
           449            0.         37.67        -3.742
           450    -724.9E-03         37.42        -2.641
           451        -2.334         36.93        -4.219
           452    -894.9E-03         36.32        -1.991
           453        -2.530         35.64        -2.984
           454        -1.154         34.48        -1.381
           455    -627.9E-03         34.92        -1.051
           456    -922.3E-03         35.44        -1.787
           457           -0.         38.97        -1.982
           458    -104.7E-33         38.32        -1.160
           459    -88.26E-33         37.89        -1.524
           460    -272.0E-03         37.38        -1.270
           461    -350.5E-03         36.38    -985.2E-03
           462    -317.8E-03         34.51    -458.3E-03
           463     331.3E-18         34.91     154.7E-18
           464    -243.6E-03         35.43    -582.9E-03
           465           -0.         38.86    -644.3E-03
           466    -60.14E-33         38.28     414.7E-18
           467    -25.41E-33         37.86    -502.8E-03
           468    -824.1E-18         37.33     224.8E-18
           469     113.5E-18         36.36     787.3E-18
           470     317.8E-03         34.51     458.3E-03
           471     627.9E-03         34.92         1.051
           472     243.6E-03         35.43     582.9E-03
           473           -0.         38.86     644.3E-03
           474    -5.746E-33         38.32         1.160
           475     25.41E-33         37.86     502.8E-03
           476     272.0E-03         37.38         1.270
           477     350.5E-03         36.38     985.2E-03
           478         1.154         34.48         1.381
           479         1.734         34.80         2.132
           480     922.3E-03         35.44         1.787
           481            0.         38.97         1.982
           482     108.1E-33         38.37         2.393
           483     88.26E-33         37.89         1.524
           484     724.9E-03         37.42         2.641
           485     894.9E-03         36.32         1.991
           486         2.815         34.12         2.302
           487         4.456         34.22         3.229
           488         2.426         35.17         3.044
           489           -0.         38.97         3.544
           490            0.         37.67         3.742
           491     213.9E-33         37.73         2.577
           492         2.334         36.93         4.219
           493         2.530         35.64         2.984
           494        -4.521         33.35        -2.300
           495        -2.850         33.48        -1.623
           496        -1.879         34.02        -1.570
           497    -175.7E-33         37.52        -1.726
           498    -218.8E-33         37.03        -1.773
           499            0.         36.69        -2.534
           500    -919.8E-03         35.68        -1.406
           501        -2.511         34.91        -2.031
           502        -1.209         33.90    -996.8E-03
           503    -713.2E-03         34.19    -789.6E-03
           504    -107.5E-33         37.53    -864.6E-03
           505    -92.04E-33         37.27        -1.087
           506    -371.4E-03         35.78    -712.0E-03
           507    -340.1E-03         33.96    -334.8E-03
           508     585.1E-18         34.20     104.3E-18
           509    -56.05E-33         37.52     326.8E-18
           510    -26.80E-33         37.26    -364.6E-03
           511    -356.9E-18         35.78    -850.7E-18
           512     340.1E-03         33.96     334.8E-03
           513     713.2E-03         34.19     789.6E-03
           514     5.330E-33         37.53     864.6E-03
           515     26.80E-33         37.26     364.6E-03
           516     371.4E-03         35.78     712.0E-03
           517         1.209         33.90     996.8E-03
           518         1.879         34.02         1.570
           519     123.8E-33         37.52         1.726
           520     92.04E-33         37.27         1.087
           521     919.8E-03         35.68         1.406
           522         2.850         33.48         1.623
           523         4.521         33.35         2.300
           524            0.         36.69         2.534
           525     218.8E-33         37.03         1.773
           526         2.511         34.91         2.031
           527        -4.469         32.82        -1.553
           528        -2.814         33.10        -1.078
           529        -1.885         33.55        -1.088
           530    -178.4E-33         37.01        -1.181
           531    -219.7E-33         36.62        -1.166
           532           -0.         36.11        -1.686
           533    -910.6E-03         35.30    -936.8E-03
           534        -2.479         34.47        -1.324
           535        -1.204         33.55    -673.5E-03
           536    -728.1E-03         33.76    -555.6E-03
           537    -108.5E-33         37.06    -603.1E-03
           538    -93.11E-33         36.90    -728.8E-03
           539    -371.1E-03         35.43    -481.2E-03
           540    -341.2E-03         33.63    -228.2E-03
           541     688.1E-18         33.77     269.0E-18
           542    -54.62E-33         37.06    -82.28E-18
           543    -27.24E-33         36.91    -246.9E-03
           544    -145.8E-18         35.43     890.2E-18
           545     341.2E-03         33.63     228.2E-03
           546     728.1E-03         33.76     555.6E-03
           547     8.602E-33         37.06     603.1E-03
           548     27.24E-33         36.91     246.9E-03
           549     371.1E-03         35.43     481.2E-03
           550         1.204         33.55     673.5E-03
           551         1.885         33.55         1.088
           552     126.9E-33         37.01         1.181
           553     93.11E-33         36.90     728.8E-03
           554     910.6E-03         35.30     936.8E-03
           555         2.814         33.10         1.078
           556         4.469         32.82         1.553
           557            0.         36.11         1.686
           558     219.7E-33         36.62         1.166
           559         2.479         34.47         1.324
           560        -4.407         32.50    -984.9E-03
           561        -2.774         32.87    -652.5E-03
           562        -1.859         33.26    -700.7E-03
           563    -178.8E-33         36.71    -755.6E-03
           564    -219.8E-33         36.38    -701.2E-03
           565           -0.         35.77        -1.060
           566    -895.9E-03         35.07    -567.9E-03
           567        -2.450         34.22    -792.4E-03
           568        -1.186         33.34    -411.7E-03
           569    -720.4E-03         33.49    -361.5E-03
           570    -108.6E-33         36.79    -390.1E-03
           571    -93.34E-33         36.68    -443.3E-03
           572    -365.5E-03         35.22    -294.2E-03
           573    -336.3E-03         33.43    -140.2E-03
           574    -396.8E-18         33.52     452.7E-18
           575    -54.28E-33         36.80     762.5E-18
           576    -27.35E-33         36.71    -151.1E-03
           577     44.42E-18         35.23     411.2E-18
           578     336.3E-03         33.43     140.2E-03
           579     720.4E-03         33.49     361.5E-03
           580     9.186E-33         36.79     390.1E-03
           581     27.35E-33         36.71     151.1E-03
           582     365.5E-03         35.22     294.2E-03
           583         1.186         33.34     411.7E-03
           584         1.859         33.26     700.7E-03
           585     127.0E-33         36.71     755.6E-03
           586     93.34E-33         36.68     443.3E-03
           587     895.9E-03         35.07     567.9E-03
           588         2.774         32.87     652.5E-03
           589         4.407         32.50     984.9E-03
           590           -0.         35.77         1.060
           591     219.8E-33         36.38     701.2E-03
           592         2.450         34.22     792.4E-03
           593        -4.363         32.32    -542.6E-03
           594        -2.747         32.75    -306.6E-03
           595        -1.833         33.10    -389.6E-03
           596    -178.5E-33         36.54    -418.3E-03
           597    -219.9E-33         36.25    -328.5E-03
           598            0.         35.58    -581.0E-03
           599    -885.2E-03         34.96    -267.1E-03
           600        -2.433         34.08    -370.1E-03
           601        -1.171         33.23    -194.5E-03
           602    -709.6E-03         33.35    -202.2E-03
           603    -108.6E-33         36.63    -217.4E-03
           604    -93.45E-33         36.57    -208.8E-03
           605    -360.8E-03         35.12    -139.0E-03
           606    -331.9E-03         33.33    -66.45E-03
           607    -185.7E-18         33.38     567.9E-18
           608    -54.28E-33         36.65     689.4E-18
           609    -27.40E-33         36.60    -71.40E-03
           610     86.95E-18         35.13     906.9E-18
           611     331.9E-03         33.33     66.45E-03
           612     709.6E-03         33.35     202.2E-03
           613     9.011E-33         36.63     217.4E-03
           614     27.40E-33         36.60     71.40E-03
           615     360.8E-03         35.12     139.0E-03
           616         1.171         33.23     194.5E-03
           617         1.833         33.10     389.6E-03
           618     126.3E-33         36.54     418.3E-03
           619     93.45E-33         36.57     208.8E-03
           620     885.2E-03         34.96     267.1E-03
           621         2.747         32.75     306.6E-03
           622         4.363         32.32     542.6E-03
           623           -0.         35.58     581.0E-03
           624     219.9E-33         36.25     328.5E-03
           625         2.433         34.08     370.1E-03
           626        -4.340         32.24    -173.0E-03
           627        -2.737         32.71     30.23E-33
           628        -1.819         33.03    -124.7E-03
           629    -178.2E-33         36.47    -133.7E-03
           630           -0.         36.21            0.
           631           -0.         35.49    -184.8E-03
           632    -881.5E-03         34.92     25.40E-33
           633        -2.427         34.04            0.
           634        -1.166         33.20     16.00E-33
           635    -702.9E-03         33.28    -64.90E-03
           636    -108.5E-33         36.56    -69.66E-03
           637           -0.         36.53           -0.
           638    -359.0E-03         35.08     8.959E-33
           639    -330.2E-03         33.30     4.939E-33
           640    -987.3E-18         33.31     296.0E-18
           641    -54.34E-33         36.58    -313.4E-18
           642           -0.         36.57            0.
           643     120.0E-18         35.10    -3.518E-33
           644     330.2E-03         33.30    -4.939E-33
           645     702.9E-03         33.28     64.90E-03
           646     8.800E-33         36.56     69.66E-03
           647            0.         36.57           -0.
           648     359.0E-03         35.08    -17.86E-33
           649         1.166         33.20    -16.00E-33
           650         1.819         33.03     124.7E-03
           651     125.9E-33         36.47     133.7E-03
           652           -0.         36.53           -0.
           653     881.5E-03         34.92    -41.18E-33
           654         2.737         32.71    -30.23E-33
           655         4.340         32.24     173.0E-03
           656            0.         35.49     184.8E-03
           657            0.         36.21            0.
           658         2.427         34.04            0.
           659        -6.868         29.54        -2.295
           660        -4.898         29.46        -1.689
           661        -3.153         29.99        -1.548
           662        -4.356         30.19        -2.163
           663        -2.235         32.99        -2.095
           664        -5.467         32.45        -3.149
           665        -2.639         32.12        -1.625
           666        -5.916         31.53        -2.404
           667        -2.169         29.79        -1.027
           668        -1.210         30.18    -777.9E-03
           669        -1.810         30.50        -1.300
           670    -804.3E-03         33.14        -1.037
           671        -1.007         32.31    -815.1E-03
           672    -609.1E-03         29.90    -343.6E-03
           673    -228.4E-18         30.21    -72.17E-18
           674    -488.0E-03         30.60    -432.7E-03
           675    -1.130E-15         33.16    -203.0E-18
           676     787.5E-18         32.34     389.0E-18
           677     609.1E-03         29.90     343.6E-03
           678         1.210         30.18     777.9E-03
           679     488.0E-03         30.60     432.7E-03
           680     804.3E-03         33.14         1.037
           681         1.007         32.31     815.1E-03
           682         2.169         29.79         1.027
           683         3.153         29.99         1.548
           684         1.810         30.50         1.300
           685         2.235         32.99         2.095
           686         2.639         32.12         1.625
           687         4.898         29.46         1.689
           688         6.868         29.54         2.295
           689         4.356         30.19         2.163
           690         5.467         32.45         3.149
           691         5.916         31.53         2.404
           692        -7.044         28.91        -1.723
           693        -4.982         28.96        -1.235
           694        -3.403         29.40        -1.178
           695        -2.721         31.57        -1.178
           696        -5.915         30.93        -1.701
           697        -2.272         29.33    -759.6E-03
           698        -1.355         29.61    -596.0E-03
           699        -1.067         31.80    -598.3E-03
           700    -649.6E-03         29.46    -255.7E-03
           701     505.4E-18         29.66     78.46E-18
           702    -476.0E-18         31.84    -418.9E-18
           703     649.6E-03         29.46     255.7E-03
           704         1.355         29.61     596.0E-03
           705         1.067         31.80     598.3E-03
           706         2.272         29.33     759.6E-03
           707         3.403         29.40         1.178
           708         2.721         31.57         1.178
           709         4.982         28.96         1.235
           710         7.044         28.91         1.723
           711         5.915         30.93         1.701
           712        -6.981         28.49        -1.204
           713        -4.934         28.65    -841.8E-03
           714        -3.428         29.02    -838.7E-03
           715        -2.702         31.23    -798.2E-03
           716        -5.834         30.55        -1.133
           717        -2.270         29.04    -523.6E-03
           718        -1.386         29.26    -428.0E-03
           719        -1.068         31.48    -409.6E-03
           720    -653.3E-03         29.18    -177.2E-03
           721    -179.0E-18         29.31     170.3E-18
           722    -409.9E-18         31.53     581.0E-18
           723     653.3E-03         29.18     177.2E-03
           724         1.386         29.26     428.0E-03
           725         1.068         31.48     409.6E-03
           726         2.270         29.04     523.6E-03
           727         3.428         29.02     838.7E-03
           728         2.702         31.23     798.2E-03
           729         4.934         28.65     841.8E-03
           730         6.981         28.49         1.204
           731         5.834         30.55         1.133
           732        -6.882         28.23    -780.3E-03
           733        -4.867         28.46    -517.9E-03
           734        -3.388         28.79    -550.4E-03
           735        -2.664         31.03    -489.0E-03
           736        -5.758         30.32    -686.1E-03
           737        -2.240         28.87    -324.7E-03
           738        -1.375         29.04    -282.9E-03
           739        -1.054         31.30    -252.7E-03
           740    -645.5E-03         29.01    -110.3E-03
           741    -181.1E-18         29.10     12.55E-18
           742    -495.9E-18         31.35    -312.3E-18
           743     645.5E-03         29.01     110.3E-03
           744         1.375         29.04     282.9E-03
           745         1.054         31.30     252.7E-03
           746         2.240         28.87     324.7E-03
           747         3.388         28.79     550.4E-03
           748         2.664         31.03     489.0E-03
           749         4.867         28.46     517.9E-03
           750         6.882         28.23     780.3E-03
           751         5.758         30.32     686.1E-03
           752        -6.805         28.08    -435.8E-03
           753        -4.819         28.35    -245.7E-03
           754        -3.345         28.65    -309.7E-03
           755        -2.635         30.92    -231.3E-03
           756        -5.710         30.20    -322.6E-03
           757        -2.215         28.77    -154.7E-03
           758        -1.357         28.91    -159.9E-03
           759        -1.041         31.20    -120.0E-03
           760    -637.7E-03         28.92    -52.65E-03
           761    -771.9E-18         28.97     97.55E-18
           762    -130.7E-18         31.25     189.5E-18
           763     637.7E-03         28.92     52.65E-03
           764         1.357         28.91     159.9E-03
           765         1.041         31.20     120.0E-03
           766         2.215         28.77     154.7E-03
           767         3.345         28.65     309.7E-03
           768         2.635         30.92     231.3E-03
           769         4.819         28.35     245.7E-03
           770         6.805         28.08     435.8E-03
           771         5.710         30.20     322.6E-03
           772        -6.764         28.01    -139.9E-03
           773        -4.803         28.32     14.98E-33
           774        -3.320         28.58    -99.72E-03
           775        -2.624         30.89     16.39E-33
           776        -5.694         30.17            0.
           777        -2.206         28.74     8.939E-33
           778        -1.345         28.85    -51.59E-03
           779        -1.036         31.17     6.564E-33
           780    -634.8E-03         28.89     2.874E-33
           781     204.9E-18         28.91    -188.0E-18
           782    -109.2E-18         31.22    -2.402E-33
           783     634.8E-03         28.89    -2.874E-33
           784         1.345         28.85     51.59E-03
           785         1.036         31.17    -12.27E-33
           786         2.206         28.74    -8.939E-33
           787         3.320         28.58     99.72E-03
           788         2.624         30.89    -24.18E-33
           789         4.803         28.32    -14.98E-33
           790         6.764         28.01     139.9E-03
           791         5.694         30.17           -0.
           792        -8.281         24.29        -1.278
           793        -6.091         24.22    -953.6E-03
           794        -4.056         24.51    -859.2E-03
           795        -5.489         24.63        -1.182
           796        -3.364         27.62        -1.347
           797        -7.312         27.28        -2.004
           798        -3.864         27.05        -1.073
           799        -7.855         26.70        -1.582
           800        -2.834         24.40    -577.5E-03
           801        -1.615         24.63    -431.8E-03
           802        -2.423         24.80    -713.8E-03
           803        -1.279         27.78    -676.3E-03
           804        -1.544         27.22    -541.2E-03
           805    -813.0E-03         24.47    -193.2E-03
           806     376.6E-18         24.66     579.1E-18
           807    -671.6E-03         24.87    -238.3E-03
           808    -159.5E-18         27.82     680.1E-18
           809     1.074E-15         27.27     320.4E-18
           810     813.0E-03         24.47     193.2E-03
           811         1.615         24.63     431.8E-03
           812     671.6E-03         24.87     238.3E-03
           813         1.279         27.78     676.3E-03
           814         1.544         27.22     541.2E-03
           815         2.834         24.40     577.5E-03
           816         4.056         24.51     859.2E-03
           817         2.423         24.80     713.8E-03
           818         3.364         27.62         1.347
           819         3.864         27.05         1.073
           820         6.091         24.22     953.6E-03
           821         8.281         24.29         1.278
           822         5.489         24.63         1.182
           823         7.312         27.28         2.004
           824         7.855         26.70         1.582
           825        -8.507         23.92    -996.7E-03
           826        -6.211         23.92    -725.3E-03
           827        -4.357         24.16    -675.1E-03
           828        -3.994         26.66    -801.8E-03
           829        -7.888         26.29        -1.166
           830        -2.966         24.11    -441.4E-03
           831        -1.790         24.29    -340.1E-03
           832        -1.632         26.85    -407.0E-03
           833    -864.4E-03         24.19    -147.9E-03
           834     650.6E-18         24.32     498.6E-18
           835    -378.1E-18         26.90    -161.8E-18
           836     864.4E-03         24.19     147.9E-03
           837         1.790         24.29     340.1E-03
           838         1.632         26.85     407.0E-03
           839         2.966         24.11     441.4E-03
           840         4.357         24.16     675.1E-03
           841         3.994         26.66     801.8E-03
           842         6.211         23.92     725.3E-03
           843         8.507         23.92     996.7E-03
           844         7.888         26.29         1.166
           845        -8.454         23.66    -729.4E-03
           846        -6.165         23.71    -513.9E-03
           847        -4.401         23.91    -498.5E-03
           848        -3.978         26.41    -558.4E-03
           849        -7.791         26.01    -802.3E-03
           850        -2.970         23.90    -314.3E-03
           851        -1.834         24.05    -251.9E-03
           852        -1.639         26.61    -285.0E-03
           853    -870.9E-03         23.99    -105.5E-03
           854    -209.5E-18         24.09    -101.8E-18
           855     13.31E-18         26.66     311.2E-18
           856     870.9E-03         23.99     105.5E-03
           857         1.834         24.05     251.9E-03
           858         1.639         26.61     285.0E-03
           859         2.970         23.90     314.3E-03
           860         4.401         23.91     498.5E-03
           861         3.978         26.41     558.4E-03
           862         6.165         23.71     513.9E-03
           863         8.454         23.66     729.4E-03
           864         7.791         26.01     802.3E-03
           865        -8.342         23.48    -491.5E-03
           866        -6.087         23.57    -325.9E-03
           867        -4.359         23.74    -337.8E-03
           868        -3.928         26.25    -349.0E-03
           869        -7.689         25.83    -497.7E-03
           870        -2.936         23.77    -199.9E-03
           871        -1.823         23.89    -171.2E-03
           872        -1.620         26.46    -178.9E-03
           873    -862.0E-03         23.86    -67.24E-03
           874     267.4E-18         23.93    -764.6E-18
           875    -132.1E-18         26.51    -750.3E-18
           876     862.0E-03         23.86     67.24E-03
           877         1.823         23.89     171.2E-03
           878         1.620         26.46     178.9E-03
           879         2.936         23.77     199.9E-03
           880         4.359         23.74     337.8E-03
           881         3.928         26.25     349.0E-03
           882         6.087         23.57     325.9E-03
           883         8.342         23.48     491.5E-03
           884         7.689         25.83     497.7E-03
           885        -8.249         23.37    -282.2E-03
           886        -6.029         23.49    -157.6E-03
           887        -4.307         23.64    -194.5E-03
           888        -3.887         26.16    -167.1E-03
           889        -7.622         25.74    -237.4E-03
           890        -2.905         23.70    -96.84E-03
           891        -1.801         23.78    -98.74E-03
           892        -1.602         26.37    -85.86E-03
           893    -852.6E-03         23.79    -32.59E-03
           894    -350.3E-18         23.83    -557.5E-18
           895    -125.5E-18         26.43    -421.6E-18
           896     852.6E-03         23.79     32.59E-03
           897         1.801         23.78     98.74E-03
           898         1.602         26.37     85.86E-03
           899         2.905         23.70     96.84E-03
           900         4.307         23.64     194.5E-03
           901         3.887         26.16     167.1E-03
           902         6.029         23.49     157.6E-03
           903         8.249         23.37     282.2E-03
           904         7.622         25.74     237.4E-03
           905        -8.199         23.32    -91.90E-03
           906        -6.008         23.46     3.830E-33
           907        -4.276         23.59    -63.38E-03
           908        -3.872         26.13     8.162E-33
           909        -7.599         25.71            0.
           910        -2.894         23.67     2.428E-33
           911        -1.787         23.74    -32.21E-03
           912        -1.595         26.35     3.341E-33
           913    -848.9E-03         23.76     804.0E-36
           914     155.2E-18         23.78    -327.7E-18
           915     417.3E-18         26.40    -1.254E-33
           916     848.9E-03         23.76    -804.0E-36
           917         1.787         23.74     32.21E-03
           918         1.595         26.35    -6.006E-33
           919         2.894         23.67    -2.428E-33
           920         4.276         23.59     63.38E-03
           921         3.872         26.13    -11.03E-33
           922         6.008         23.46    -3.830E-33
           923         8.199         23.32     91.90E-03
           924         7.599         25.71            0.
           925        -8.725         18.73    -223.5E-03
           926        -6.469         18.68    -180.8E-03
           927        -4.349         18.72    -136.9E-03
           928        -5.855         18.77    -177.1E-03
           929        -3.949         21.77    -544.1E-03
           930        -8.220         21.66    -817.6E-03
           931        -4.482         21.52    -453.4E-03
           932        -8.798         21.41    -682.7E-03
           933        -3.056         18.67    -97.88E-03
           934        -1.753         18.72    -62.74E-03
           935        -2.635         18.76    -98.12E-03
           936        -1.547         21.82    -270.9E-03
           937        -1.833         21.58    -225.3E-03
           938    -883.6E-03         18.67    -30.39E-03
           939    -294.0E-18         18.71     118.2E-18
           940    -737.8E-03         18.75    -30.95E-03
           941    -727.6E-18         21.84     746.7E-18
           942     870.0E-18         21.59     233.4E-18
           943     883.6E-03         18.67     30.39E-03
           944         1.753         18.72     62.74E-03
           945     737.8E-03         18.75     30.95E-03
           946         1.547         21.82     270.9E-03
           947         1.833         21.58     225.3E-03
           948         3.056         18.67     97.88E-03
           949         4.349         18.72     136.9E-03
           950         2.635         18.76     98.12E-03
           951         3.949         21.77     544.1E-03
           952         4.482         21.52     453.4E-03
           953         6.469         18.68     180.8E-03
           954         8.725         18.73     223.5E-03
           955         5.855         18.77     177.1E-03
           956         8.220         21.66     817.6E-03
           957         8.798         21.41     682.7E-03
           958        -8.968         18.63    -227.2E-03
           959        -6.603         18.58    -173.7E-03
           960        -4.663         18.62    -135.6E-03
           961        -4.634         21.32    -359.7E-03
           962        -8.852         21.20    -542.0E-03
           963        -3.196         18.56    -93.10E-03
           964        -1.936         18.62    -61.50E-03
           965        -1.935         21.38    -178.5E-03
           966    -937.8E-03         18.56    -28.88E-03
           967     324.7E-18         18.61     233.1E-18
           968    -398.3E-18         21.40    -10.81E-18
           969     937.8E-03         18.56     28.88E-03
           970         1.936         18.62     61.50E-03
           971         1.935         21.38     178.5E-03
           972         3.196         18.56     93.10E-03
           973         4.663         18.62     135.6E-03
           974         4.634         21.32     359.7E-03
           975         6.603         18.58     173.7E-03
           976         8.968         18.63     227.2E-03
           977         8.852         21.20     542.0E-03
           978        -8.927         18.53    -209.4E-03
           979        -6.563         18.48    -149.0E-03
           980        -4.715         18.52    -123.1E-03
           981        -4.625         21.16    -265.5E-03
           982        -8.759         21.04    -400.5E-03
           983        -3.204         18.46    -79.59E-03
           984        -1.983         18.51    -55.83E-03
           985        -1.946         21.23    -131.6E-03
           986    -945.3E-03         18.45    -24.74E-03
           987     113.5E-18         18.50     244.3E-18
           988     330.2E-18         21.25     457.4E-18
           989     945.3E-03         18.45     24.74E-03
           990         1.983         18.51     55.83E-03
           991         1.946         21.23     131.6E-03
           992         3.204         18.46     79.59E-03
           993         4.715         18.52     123.1E-03
           994         4.625         21.16     265.5E-03
           995         6.563         18.48     149.0E-03
           996         8.927         18.53     209.4E-03
           997         8.759         21.04     400.5E-03
           998        -8.819         18.44    -167.8E-03
           999        -6.486         18.40    -108.4E-03
          1000        -4.675         18.42    -97.99E-03
          1001        -4.571         21.05    -174.0E-03
          1002        -8.650         20.93    -262.9E-03
          1003        -3.169         18.37    -57.91E-03
          1004        -1.973         18.41    -44.51E-03
          1005        -1.926         21.12    -86.23E-03
          1006    -936.2E-03         18.36    -18.04E-03
          1007     81.50E-18         18.40     144.6E-18
          1008    -103.8E-18         21.14    -978.5E-18
          1009     936.2E-03         18.36     18.04E-03
          1010         1.973         18.41     44.51E-03
          1011         1.926         21.12     86.23E-03
          1012         3.169         18.37     57.91E-03
          1013         4.675         18.42     97.99E-03
          1014         4.571         21.05     174.0E-03
          1015         6.486         18.40     108.4E-03
          1016         8.819         18.44     167.8E-03
          1017         8.650         20.93     262.9E-03
          1018        -8.725         18.38    -107.8E-03
          1019        -6.427         18.34    -56.91E-03
          1020        -4.622         18.35    -62.88E-03
          1021        -4.526         20.99    -85.91E-03
          1022        -8.575         20.86    -130.0E-03
          1023        -3.137         18.32    -30.43E-03
          1024        -1.951         18.34    -28.62E-03
          1025        -1.906         21.05    -42.56E-03
          1026    -926.3E-03         18.31    -9.496E-03
          1027    -353.6E-18         18.33    -154.9E-18
          1028    -502.6E-18         21.07    -829.4E-18
          1029     926.3E-03         18.31     9.496E-03
          1030         1.951         18.34     28.62E-03
          1031         1.906         21.05     42.56E-03
          1032         3.137         18.32     30.43E-03
          1033         4.622         18.35     62.88E-03
          1034         4.526         20.99     85.91E-03
          1035         6.427         18.34     56.91E-03
          1036         8.725         18.38     107.8E-03
          1037         8.575         20.86     130.0E-03
          1038        -8.675         18.34    -37.06E-03
          1039        -6.405         18.32    -6.702E-33
          1040        -4.590         18.32    -21.64E-03
          1041        -4.509         20.97     667.5E-36
          1042        -8.549         20.84            0.
          1043        -3.125         18.30    -3.762E-33
          1044        -1.936         18.30    -9.859E-03
          1045        -1.898         21.03     266.4E-36
          1046    -922.4E-03         18.29    -1.197E-33
          1047    -166.7E-18         18.29    -192.2E-18
          1048     517.7E-18         21.05    -154.8E-36
          1049     922.4E-03         18.29     1.197E-33
          1050         1.936         18.30     9.859E-03
          1051         1.898         21.03    -581.2E-36
          1052         3.125         18.30     3.762E-33
          1053         4.590         18.32     21.64E-03
          1054         4.509         20.97    -890.4E-36
          1055         6.405         18.32     6.702E-33
          1056         8.675         18.34     37.06E-03
          1057         8.549         20.84           -0.
          1058        -8.202         13.21     804.0E-03
          1059        -6.042         13.16     574.1E-03
          1060        -4.030         12.97     574.2E-03
          1061        -5.456         12.95     808.9E-03
          1062        -3.941         15.77     268.4E-03
          1063        -8.187         15.90     374.5E-03
          1064        -4.466         15.84     176.0E-03
          1065        -8.760         15.97     221.1E-03
          1066        -2.814         12.97     376.1E-03
          1067        -1.607         12.84     303.5E-03
          1068        -2.415         12.76     510.0E-03
          1069        -1.545         15.70     143.2E-03
          1070        -1.828         15.77     99.56E-03
          1071    -807.7E-03         12.90     131.6E-03
          1072     302.6E-18         12.81     151.9E-18
          1073    -669.6E-03         12.67     175.2E-03
          1074    -691.7E-18         15.67     350.0E-18
          1075     753.4E-18         15.75    -5.750E-18
          1076     807.7E-03         12.90    -131.6E-03
          1077         1.607         12.84    -303.5E-03
          1078     669.6E-03         12.67    -175.2E-03
          1079         1.545         15.70    -143.2E-03
          1080         1.828         15.77    -99.56E-03
          1081         2.814         12.97    -376.1E-03
          1082         4.030         12.97    -574.2E-03
          1083         2.415         12.76    -510.0E-03
          1084         3.941         15.77    -268.4E-03
          1085         4.466         15.84    -176.0E-03
          1086         6.042         13.16    -574.1E-03
          1087         8.202         13.21    -804.0E-03
          1088         5.456         12.95    -808.9E-03
          1089         8.187         15.90    -374.5E-03
          1090         8.760         15.97    -221.1E-03
          1091        -8.441         13.37     518.5E-03
          1092        -6.171         13.25     364.2E-03
          1093        -4.326         13.10     394.7E-03
          1094        -4.619         15.83     95.51E-03
          1095        -8.826         15.97     93.49E-03
          1096        -2.942         13.03     251.0E-03
          1097        -1.777         12.97     214.9E-03
          1098        -1.928         15.75     59.06E-03
          1099    -856.7E-03         12.94     89.54E-03
          1100     174.7E-18         12.93    -140.2E-18
          1101    -411.3E-18         15.72    -406.7E-18
          1102     856.7E-03         12.94    -89.54E-03
          1103         1.777         12.97    -214.9E-03
          1104         1.928         15.75    -59.06E-03
          1105         2.942         13.03    -251.0E-03
          1106         4.326         13.10    -394.7E-03
          1107         4.619         15.83    -95.51E-03
          1108         6.171         13.25    -364.2E-03
          1109         8.441         13.37    -518.5E-03
          1110         8.826         15.97    -93.49E-03
          1111        -8.414         13.42     293.6E-03
          1112        -6.138         13.25     207.2E-03
          1113        -4.374         13.13     245.9E-03
          1114        -4.612         15.77     40.02E-03
          1115        -8.745         15.93     14.21E-03
          1116        -2.947         13.01     152.4E-03
          1117        -1.818         12.97     138.7E-03
          1118        -1.938         15.68     29.57E-03
          1119    -862.2E-03         12.91     55.61E-03
          1120     114.1E-18         12.92    -134.7E-18
          1121     144.8E-18         15.66     363.1E-18
          1122     862.2E-03         12.91    -55.61E-03
          1123         1.818         12.97    -138.7E-03
          1124         1.938         15.68    -29.57E-03
          1125         2.947         13.01    -152.4E-03
          1126         4.374         13.13    -245.9E-03
          1127         4.612         15.77    -40.02E-03
          1128         6.138         13.25    -207.2E-03
          1129         8.414         13.42    -293.6E-03
          1130         8.745         15.93    -14.21E-03
          1131        -8.322         13.41     146.4E-03
          1132        -6.069         13.21     104.5E-03
          1133        -4.336         13.10     138.0E-03
          1134        -4.561         15.71     10.28E-03
          1135        -8.644         15.88    -18.03E-03
          1136        -2.914         12.97     82.62E-03
          1137        -1.808         12.93     81.26E-03
          1138        -1.918         15.62     11.93E-03
          1139    -853.0E-03         12.86     30.90E-03
          1140     150.2E-18         12.87    -213.0E-18
          1141    -44.83E-18         15.59    -565.8E-18
          1142     853.0E-03         12.86    -30.90E-03
          1143         1.808         12.93    -81.26E-03
          1144         1.918         15.62    -11.93E-03
          1145         2.914         12.97    -82.62E-03
          1146         4.336         13.10    -138.0E-03
          1147         4.561         15.71    -10.28E-03
          1148         6.069         13.21    -104.5E-03
          1149         8.322         13.41    -146.4E-03
          1150         8.644         15.88     18.03E-03
          1151        -8.239         13.38     62.30E-03
          1152        -6.016         13.18     41.96E-03
          1153        -4.288         13.06     66.84E-03
          1154        -4.517         15.67     59.62E-06
          1155        -8.573         15.85    -17.22E-03
          1156        -2.885         12.93     35.35E-03
          1157        -1.786         12.88     41.04E-03
          1158        -1.898         15.57     3.515E-03
          1159    -843.6E-03         12.82     13.50E-03
          1160    -5.365E-18         12.82     32.12E-18
          1161    -309.2E-18         15.54    -187.6E-18
          1162     843.6E-03         12.82    -13.50E-03
          1163         1.786         12.88    -41.04E-03
          1164         1.898         15.57    -3.515E-03
          1165         2.885         12.93    -35.35E-03
          1166         4.288         13.06    -66.84E-03
          1167         4.517         15.67    -59.62E-06
          1168         6.016         13.18    -41.96E-03
          1169         8.239         13.38    -62.30E-03
          1170         8.573         15.85     17.22E-03
          1171        -8.194         13.36     16.56E-03
          1172        -5.996         13.17    -18.05E-33
          1173        -4.258         13.03     19.56E-03
          1174        -4.501         15.65    -6.373E-33
          1175        -8.548         15.83            0.
          1176        -2.873         12.92    -10.30E-33
          1177        -1.772         12.85     12.35E-03
          1178        -1.891         15.55    -2.696E-33
          1179    -839.9E-03         12.80    -3.392E-33
          1180    -179.6E-18         12.79     120.5E-18
          1181    -599.6E-18         15.52     871.4E-36
          1182     839.9E-03         12.80     3.392E-33
          1183         1.772         12.85    -12.35E-03
          1184         1.891         15.55     4.652E-33
          1185         2.873         12.92     10.30E-33
          1186         4.258         13.03    -19.56E-03
          1187         4.501         15.65     8.845E-33
          1188         5.996         13.17     18.05E-33
          1189         8.194         13.36    -16.56E-03
          1190         8.548         15.83           -0.
          1191        -6.722         8.066         1.735
          1192        -4.808         8.027         1.259
          1193        -3.099         7.602         1.233
          1194        -4.295         7.555         1.732
          1195        -3.338         10.01         1.046
          1196        -7.214         10.37         1.506
          1197        -3.818         10.36     775.1E-03
          1198        -7.746         10.73         1.067
          1199        -2.137         7.671     812.7E-03
          1200        -1.196         7.409     642.9E-03
          1201        -1.796         7.204         1.080
          1202        -1.272         9.826     542.4E-03
          1203        -1.527         10.18     411.0E-03
          1204    -600.9E-03         7.564     280.1E-03
          1205     362.5E-18         7.371    -372.7E-18
          1206    -485.6E-03         7.089     365.7E-03
          1207    -1.088E-15         9.777     35.30E-18
          1208     886.8E-18         10.14    -186.0E-18
          1209     600.9E-03         7.564    -280.1E-03
          1210         1.196         7.409    -642.9E-03
          1211     485.6E-03         7.089    -365.7E-03
          1212         1.272         9.826    -542.4E-03
          1213         1.527         10.18    -411.0E-03
          1214         2.137         7.671    -812.7E-03
          1215         3.099         7.602        -1.233
          1216         1.796         7.204        -1.080
          1217         3.338         10.01        -1.046
          1218         3.818         10.36    -775.1E-03
          1219         4.808         8.027        -1.259
          1220         6.722         8.066        -1.735
          1221         4.295         7.555        -1.732
          1222         7.214         10.37        -1.506
          1223         7.746         10.73        -1.067
          1224        -6.941         8.427         1.171
          1225        -4.911         8.237     836.7E-03
          1226        -3.334         7.916     874.1E-03
          1227        -3.947         10.50     522.4E-03
          1228        -7.817         10.91     676.4E-03
          1229        -2.232         7.835     560.0E-03
          1230        -1.330         7.701     466.5E-03
          1231        -1.609         10.30     284.4E-03
          1232    -636.8E-03         7.711     196.2E-03
          1233     191.9E-18         7.659    -356.0E-18
          1234    -710.7E-18         10.25    -590.5E-18
          1235     636.8E-03         7.711    -196.2E-03
          1236         1.330         7.701    -466.5E-03
          1237         1.609         10.30    -284.4E-03
          1238         2.232         7.835    -560.0E-03
          1239         3.334         7.916    -874.1E-03
          1240         3.947         10.50    -522.4E-03
          1241         4.911         8.237    -836.7E-03
          1242         6.941         8.427        -1.171
          1243         7.817         10.91    -676.4E-03
          1244        -6.934         8.572     720.4E-03
          1245        -4.884         8.298     513.1E-03
          1246        -3.363         8.014     570.1E-03
          1247        -3.938         10.52     323.5E-03
          1248        -7.757         10.96     390.8E-03
          1249        -2.228         7.861     356.0E-03
          1250        -1.356         7.769     311.9E-03
          1251        -1.614         10.30     180.9E-03
          1252    -638.0E-03         7.719     126.7E-03
          1253     357.7E-18         7.718    -426.3E-18
          1254     58.94E-18         10.24     78.60E-18
          1255     638.0E-03         7.719    -126.7E-03
          1256         1.356         7.769    -311.9E-03
          1257         1.614         10.30    -180.9E-03
          1258         2.228         7.861    -356.0E-03
          1259         3.363         8.014    -570.1E-03
          1260         3.938         10.52    -323.5E-03
          1261         4.884         8.298    -513.1E-03
          1262         6.934         8.572    -720.4E-03
          1263         7.757         10.96    -390.8E-03
          1264        -6.870         8.613     410.1E-03
          1265        -4.830         8.300     285.6E-03
          1266        -3.329         8.019     341.6E-03
          1267        -3.892         10.50     180.3E-03
          1268        -7.676         10.96     204.2E-03
          1269        -2.199         7.838     204.3E-03
          1270        -1.343         7.752     191.3E-03
          1271        -1.594         10.26     103.5E-03
          1272    -629.1E-03         7.684     73.63E-03
          1273     456.9E-18         7.695    -423.0E-18
          1274    -91.56E-18         10.19    -366.1E-18
          1275     629.1E-03         7.684    -73.63E-03
          1276         1.343         7.752    -191.3E-03
          1277         1.594         10.26    -103.5E-03
          1278         2.199         7.838    -204.3E-03
          1279         3.329         8.019    -341.6E-03
          1280         3.892         10.50    -180.3E-03
          1281         4.830         8.300    -285.6E-03
          1282         6.870         8.613    -410.1E-03
          1283         7.676         10.96    -204.2E-03
          1284        -6.809         8.615     205.2E-03
          1285        -4.789         8.287     125.8E-03
          1286        -3.289         7.999     177.8E-03
          1287        -3.855         10.47     79.22E-03
          1288        -7.617         10.95     85.41E-03
          1289        -2.174         7.812     91.92E-03
          1290        -1.324         7.718     101.4E-03
          1291        -1.576         10.22     46.33E-03
          1292    -620.9E-03         7.651     33.42E-03
          1293     223.9E-18         7.656    -192.0E-18
          1294    -41.10E-18         10.16    -254.2E-18
          1295     620.9E-03         7.651    -33.42E-03
          1296         1.324         7.718    -101.4E-03
          1297         1.576         10.22    -46.33E-03
          1298         2.174         7.812    -91.92E-03
          1299         3.289         7.999    -177.8E-03
          1300         3.855         10.47    -79.22E-03
          1301         4.789         8.287    -125.8E-03
          1302         6.809         8.615    -205.2E-03
          1303         7.617         10.95    -85.41E-03
          1304        -6.775         8.609     61.74E-03
          1305        -4.774         8.281    -33.09E-33
          1306        -3.265         7.984     54.71E-03
          1307        -3.841         10.46    -14.33E-33
          1308        -7.597         10.94            0.
          1309        -2.165         7.802    -18.30E-33
          1310        -1.312         7.696     31.50E-03
          1311        -1.569         10.21    -5.966E-33
          1312    -617.9E-03         7.639    -5.676E-33
          1313    -21.46E-18         7.631    -114.8E-18
          1314    -247.7E-18         10.14     2.051E-33
          1315     617.9E-03         7.639     5.676E-33
          1316         1.312         7.696    -31.50E-03
          1317         1.569         10.21     10.29E-33
          1318         2.165         7.802     18.30E-33
          1319         3.265         7.984    -54.71E-03
          1320         3.841         10.46     19.00E-33
          1321         4.774         8.281     33.09E-33
          1322         6.775         8.609    -61.74E-03
          1323         7.597         10.94           -0.
          1324        -4.221         3.670         2.510
          1325        -2.694         3.441         1.799
          1326        -1.698         3.082         1.788
          1327        -2.348         2.824         2.520
          1328        -2.196         4.846         1.761
          1329        -5.299         5.420         2.522
          1330        -2.572         5.413         1.298
          1331        -5.766         6.021         1.771
          1332        -1.122         3.151         1.157
          1333    -618.0E-03         2.931     909.6E-03
          1334    -909.6E-03         2.542         1.548
          1335    -800.3E-03         4.652     893.4E-03
          1336    -990.5E-03         5.223     679.9E-03
          1337    -312.2E-03         3.115     393.9E-03
          1338     490.4E-18         2.936    -307.9E-18
          1339    -243.4E-03         2.508     511.6E-03
          1340    -581.5E-18         4.622    -2.414E-18
          1341     902.7E-18         5.193    -238.3E-18
          1342     312.2E-03         3.115    -393.9E-03
          1343     618.0E-03         2.931    -909.6E-03
          1344     243.4E-03         2.508    -511.6E-03
          1345     800.3E-03         4.652    -893.4E-03
          1346     990.5E-03         5.223    -679.9E-03
          1347         1.122         3.151        -1.157
          1348         1.698         3.082        -1.788
          1349     909.6E-03         2.542        -1.548
          1350         2.196         4.846        -1.761
          1351         2.572         5.413        -1.298
          1352         2.694         3.441        -1.799
          1353         4.221         3.670        -2.510
          1354         2.348         2.824        -2.520
          1355         5.299         5.420        -2.522
          1356         5.766         6.021        -1.771
          1357        -4.385         4.072         1.631
          1358        -2.744         3.655         1.180
          1359        -1.834         3.403         1.243
          1360        -2.652         5.620     877.0E-03
          1361        -5.847         6.299         1.133
          1362        -1.165         3.317     791.1E-03
          1363    -690.9E-03         3.223     657.6E-03
          1364        -1.040         5.397     472.9E-03
          1365    -329.5E-03         3.269     275.3E-03
          1366     86.07E-18         3.229    -226.2E-18
          1367    -668.1E-18         5.359    -508.3E-18
          1368     329.5E-03         3.269    -275.3E-03
          1369     690.9E-03         3.223    -657.6E-03
          1370         1.040         5.397    -472.9E-03
          1371         1.165         3.317    -791.1E-03
          1372         1.834         3.403        -1.243
          1373         2.652         5.620    -877.0E-03
          1374         2.744         3.655        -1.180
          1375         4.385         4.072        -1.631
          1376         5.847         6.299        -1.133
          1377        -4.408         4.228         1.007
          1378        -2.723         3.710     725.6E-03
          1379        -1.841         3.490     805.5E-03
          1380        -2.636         5.665     551.0E-03
          1381        -5.820         6.396     679.1E-03
          1382        -1.155         3.333     502.8E-03
          1383    -698.4E-03         3.279     438.8E-03
          1384        -1.037         5.413     304.0E-03
          1385    -327.5E-03         3.272     178.0E-03
          1386    -120.5E-18         3.280    -424.6E-18
          1387     283.0E-18         5.367    -218.9E-18
          1388     327.5E-03         3.272    -178.0E-03
          1389     698.4E-03         3.279    -438.8E-03
          1390         1.037         5.413    -304.0E-03
          1391         1.155         3.333    -502.8E-03
          1392         1.841         3.490    -805.5E-03
          1393         2.636         5.665    -551.0E-03
          1394         2.723         3.710    -725.6E-03
          1395         4.408         4.228        -1.007
          1396         5.820         6.396    -679.1E-03
          1397        -4.380         4.282     586.7E-03
          1398        -2.691         3.720     409.5E-03
          1399        -1.816         3.498     484.9E-03
          1400        -2.601         5.658     314.2E-03
          1401        -5.769         6.422     374.0E-03
          1402        -1.134         3.317     290.1E-03
          1403    -686.7E-03         3.264     269.8E-03
          1404        -1.020         5.386     176.5E-03
          1405    -320.9E-03         3.244     103.9E-03
          1406    -9.206E-18         3.259    -306.9E-18
          1407     29.84E-18         5.334    -385.0E-18
          1408     320.9E-03         3.244    -103.9E-03
          1409     686.7E-03         3.264    -269.8E-03
          1410         1.020         5.386    -176.5E-03
          1411         1.134         3.317    -290.1E-03
          1412         1.816         3.498    -484.9E-03
          1413         2.601         5.658    -314.2E-03
          1414         2.691         3.720    -409.5E-03
          1415         4.380         4.282    -586.7E-03
          1416         5.769         6.422    -374.0E-03
          1417        -4.348         4.298     301.7E-03
          1418        -2.667         3.717     182.9E-03
          1419        -1.791         3.488     254.8E-03
          1420        -2.574         5.642     141.0E-03
          1421        -5.730         6.425     164.2E-03
          1422        -1.118         3.299     131.4E-03
          1423    -673.8E-03         3.238     143.8E-03
          1424        -1.006         5.360     80.20E-03
          1425    -315.6E-03         3.220     47.40E-03
          1426    -67.30E-18         3.230    -212.8E-18
          1427    -18.77E-18         5.304    -47.47E-18
          1428     315.6E-03         3.220    -47.40E-03
          1429     673.8E-03         3.238    -143.8E-03
          1430         1.006         5.360    -80.20E-03
          1431         1.118         3.299    -131.4E-03
          1432         1.791         3.488    -254.8E-03
          1433         2.574         5.642    -141.0E-03
          1434         2.667         3.717    -182.9E-03
          1435         4.348         4.298    -301.7E-03
          1436         5.730         6.425    -164.2E-03
          1437        -4.329         4.301     92.45E-03
          1438        -2.658         3.715    -53.88E-33
          1439        -1.777         3.479     78.96E-03
          1440        -2.564         5.636    -22.66E-33
          1441        -5.716         6.424            0.
          1442        -1.112         3.292    -28.36E-33
          1443    -666.3E-03         3.222     44.87E-03
          1444        -1.001         5.349    -9.462E-33
          1445    -313.6E-03         3.211    -7.722E-33
          1446    -45.50E-18         3.212    -33.93E-18
          1447    -22.84E-18         5.292     3.164E-33
          1448     313.6E-03         3.211     7.722E-33
          1449     666.3E-03         3.222    -44.87E-03
          1450         1.001         5.349     17.05E-33
          1451         1.112         3.292     28.36E-33
          1452         1.777         3.479    -78.96E-03
          1453         2.564         5.636     34.77E-33
          1454         2.658         3.715     53.88E-33
          1455         4.329         4.301    -92.45E-03
          1456         5.716         6.424           -0.
          1457           -0.           -0.         2.848
          1458    -199.1E-33     15.65E-33         2.051
          1459    -148.8E-33     86.79E-33         2.020
          1460           -0.           -0.         3.022
          1461    -716.2E-03     899.3E-03         2.249
          1462        -2.099         1.412         3.378
          1463    -861.1E-03         1.392         1.639
          1464        -2.354         1.990         2.202
          1465    -89.17E-33     44.36E-33         1.293
          1466    -89.79E-33     73.35E-33         1.013
          1467           -0.           -0.         1.732
          1468    -274.2E-03     898.3E-03         1.121
          1469    -347.4E-03         1.399     848.7E-03
          1470    -25.35E-33     46.93E-33     438.6E-03
          1471    -46.56E-33     58.31E-33    -541.4E-18
          1472           -0.           -0.     569.2E-03
          1473    -169.6E-18     923.4E-03    -449.0E-18
          1474     499.1E-18         1.421    -154.9E-18
          1475     25.35E-33     46.93E-33    -438.6E-03
          1476     8.781E-33     39.49E-33        -1.013
          1477            0.           -0.    -569.2E-03
          1478     274.2E-03     898.3E-03        -1.121
          1479     347.4E-03         1.399    -848.7E-03
          1480     89.17E-33     44.36E-33        -1.293
          1481     109.0E-33     16.00E-33        -2.020
          1482            0.           -0.        -1.732
          1483     716.2E-03     899.3E-03        -2.249
          1484     861.1E-03         1.392        -1.639
          1485     199.1E-33     15.65E-33        -2.051
          1486           -0.           -0.        -2.848
          1487           -0.           -0.        -3.022
          1488         2.099         1.412        -3.378
          1489         2.354         1.990        -2.202
          1490            0.           -0.         1.774
          1491    -206.3E-33     20.44E-33         1.317
          1492    -172.3E-33     101.5E-33         1.389
          1493    -876.4E-03         1.459         1.094
          1494        -2.398         2.141         1.379
          1495    -93.67E-33     51.42E-33     880.7E-03
          1496    -105.1E-33     84.77E-33     733.1E-03
          1497    -363.7E-03         1.458     587.0E-03
          1498    -26.90E-33     52.95E-33     306.0E-03
          1499    -54.36E-33     66.64E-33    -178.6E-18
          1500    -357.3E-18         1.481    -280.2E-18
          1501     26.90E-33     52.95E-33    -306.0E-03
          1502     8.281E-33     44.22E-33    -733.1E-03
          1503     363.7E-03         1.458    -587.0E-03
          1504     93.67E-33     51.42E-33    -880.7E-03
          1505     113.6E-33     14.23E-33        -1.389
          1506     876.4E-03         1.459        -1.094
          1507     206.3E-33     20.44E-33        -1.317
          1508           -0.           -0.        -1.774
          1509         2.398         2.141        -1.379
          1510            0.           -0.         1.101
          1511    -208.4E-33     22.61E-33     807.0E-03
          1512    -178.2E-33     106.2E-33     894.9E-03
          1513    -863.1E-03         1.471     683.6E-03
          1514        -2.395         2.208     834.4E-03
          1515    -95.19E-33     55.07E-33     558.8E-03
          1516    -107.9E-33     87.40E-33     487.1E-03
          1517    -359.9E-03         1.457     376.5E-03
          1518    -27.44E-33     56.60E-33     197.4E-03
          1519    -54.46E-33     67.19E-33    -369.9E-18
          1520     15.88E-18         1.477    -327.3E-18
          1521     27.44E-33     56.60E-33    -197.4E-03
          1522     10.27E-33     42.97E-33    -487.1E-03
          1523     359.9E-03         1.457    -376.5E-03
          1524     95.19E-33     55.07E-33    -558.8E-03
          1525     116.3E-33     11.63E-33    -894.9E-03
          1526     863.1E-03         1.471    -683.6E-03
          1527     208.4E-33     22.61E-33    -807.0E-03
          1528           -0.           -0.        -1.101
          1529         2.395         2.208    -834.4E-03
          1530            0.            0.     647.3E-03
          1531    -208.8E-33     23.85E-33     456.0E-03
          1532    -179.4E-33     107.5E-33     538.9E-03
          1533    -846.0E-03         1.464     390.7E-03
          1534        -2.377         2.234     466.8E-03
          1535    -95.66E-33     57.46E-33     322.4E-03
          1536    -107.9E-33     87.28E-33     299.4E-03
          1537    -352.1E-03         1.439     218.9E-03
          1538    -27.62E-33     59.31E-33     115.3E-03
          1539    -53.66E-33     65.84E-33    -434.1E-18
          1540     175.1E-18         1.456    -279.0E-18
          1541     27.62E-33     59.31E-33    -115.3E-03
          1542     11.41E-33     40.74E-33    -299.4E-03
          1543     352.1E-03         1.439    -218.9E-03
          1544     95.66E-33     57.46E-33    -322.4E-03
          1545     117.0E-33     9.498E-33    -538.9E-03
          1546     846.0E-03         1.464    -390.7E-03
          1547     208.8E-33     23.85E-33    -456.0E-03
          1548           -0.           -0.    -647.3E-03
          1549         2.377         2.234    -466.8E-03
          1550           -0.            0.     335.9E-03
          1551    -209.0E-33     24.69E-33     204.3E-03
          1552    -179.1E-33     107.7E-33     283.6E-03
          1553    -833.9E-03         1.457     176.1E-03
          1554        -2.362         2.243     207.8E-03
          1555    -95.90E-33     59.36E-33     146.2E-03
          1556    -107.3E-33     86.68E-33     159.7E-03
          1557    -346.0E-03         1.425     99.67E-03
          1558    -27.71E-33     61.70E-33     52.65E-03
          1559    -52.86E-33     64.56E-33    -185.5E-18
          1560    -17.39E-18         1.440    -121.8E-18
          1561     27.71E-33     61.70E-33    -52.65E-03
          1562     12.03E-33     39.06E-33    -159.7E-03
          1563     346.0E-03         1.425    -99.67E-03
          1564     95.90E-33     59.36E-33    -146.2E-03
          1565     117.0E-33     8.157E-33    -283.6E-03
          1566     833.9E-03         1.457    -176.1E-03
          1567     209.0E-33     24.69E-33    -204.3E-03
          1568            0.           -0.    -335.9E-03
          1569         2.362         2.243    -207.8E-03
          1570           -0.            0.     103.5E-03
          1571           -0.            0.           -0.
          1572    -178.7E-33     107.7E-33     88.02E-03
          1573    -829.6E-03         1.454    -35.07E-33
          1574        -2.357         2.245           -0.
          1575           -0.            0.           -0.
          1576    -106.8E-33     86.27E-33     49.88E-03
          1577    -343.9E-03         1.420    -11.89E-33
          1578           -0.            0.            0.
          1579    -52.42E-33     63.84E-33    -69.49E-18
          1580    -250.2E-18         1.434     4.642E-33
          1581           -0.            0.           -0.
          1582     12.30E-33     38.19E-33    -49.88E-03
          1583     343.9E-03         1.420     24.57E-33
          1584           -0.           -0.           -0.
          1585     116.9E-33     7.506E-33    -88.02E-03
          1586     829.6E-03         1.454     50.95E-33
          1587            0.           -0.            0.
          1588            0.           -0.    -103.5E-03
          1589         2.357         2.245            0.


  Minimum             -8.968    -53.35E-33        -4.483
       At Node           958           430             1

  Maximum              8.968         39.03         4.483
       At Node           976             6             7

         Total            0.     29.41E+03    -8.521E-15


