0.0000000000000000E+00
0.0000000000000000E+00
0.0000000000000000E+00
0.0000000000000000E+00
0.0000000000000000E+00
0.0000000000000000E+00
0.0000000000000000E+00
0.0000000000000000E+00
0.0000000000000000E+00
0.0000000000000000E+00
0.0000000000000000E+00
0.0000000000000000E+00
0.0000000000000000E+00
0.0000000000000000E+00
0.0000000000000000E+00
0.0000000000000000E+00
0.0000000000000000E+00
0.0000000000000000E+00
0.0000000000000000E+00
0.0000000000000000E+00
0.0000000000000000E+00
0.0000000000000000E+00
0.0000000000000000E+00
0.0000000000000000E+00
0.0000000000000000E+00
0.0000000000000000E+00
0.0000000000000000E+00
0.0000000000000000E+00
0.0000000000000000E+00
0.0000000000000000E+00
0.0000000000000000E+00
0.0000000000000000E+00
0.0000000000000000E+00
-7.5000000000003522E-02
-7.5000000000003494E-02
-7.5000000000003508E-02
-7.5000000000003453E-02
-7.5000000000003231E-02
-7.5000000000003314E-02
-7.5000000000003800E-02
-7.5000000000003647E-02
-7.5000000000003217E-02
-7.5000000000003175E-02
-7.5000000000003092E-02
-7.5000000000002759E-02
-7.5000000000002356E-02
-7.5000000000001649E-02
-7.5000000000001260E-02
-7.5000000000001815E-02
-7.5000000000002329E-02
-7.5000000000002745E-02
-7.5000000000002467E-02
-7.5000000000002343E-02
-7.5000000000002079E-02
-7.5000000000001121E-02
-7.5000000000000941E-02
-7.5000000000001510E-02
-7.5000000000001302E-02
-7.5000000000001732E-02
-7.5000000000002121E-02
-7.5000000000002884E-02
-7.5000000000004105E-02
-7.5000000000004827E-02
-7.5000000000003925E-02
-7.5000000000002745E-02
-7.5000000000003286E-02
-1.5000000000000696E-01
-1.5000000000000702E-01
-1.5000000000000691E-01
-1.5000000000000674E-01
-1.5000000000000641E-01
-1.5000000000000666E-01
-1.5000000000000696E-01
-1.5000000000000704E-01
-1.5000000000000668E-01
-1.5000000000000621E-01
-1.5000000000000599E-01
-1.5000000000000560E-01
-1.5000000000000488E-01
-1.5000000000000399E-01
-1.5000000000000369E-01
-1.5000000000000335E-01
-1.5000000000000449E-01
-1.5000000000000580E-01
-1.5000000000000516E-01
-1.5000000000000438E-01
-1.5000000000000396E-01
-1.5000000000000280E-01
-1.5000000000000205E-01
-1.5000000000000238E-01
-1.5000000000000285E-01
-1.5000000000000377E-01
-1.5000000000000568E-01
-1.5000000000000652E-01
-1.5000000000000804E-01
-1.5000000000000868E-01
-1.5000000000000788E-01
-1.5000000000000524E-01
-1.5000000000000541E-01
-2.2500000000001036E-01
-2.2500000000001041E-01
-2.2500000000001025E-01
-2.2500000000000978E-01
-2.2500000000000953E-01
-2.2500000000000980E-01
-2.2500000000000997E-01
-2.2500000000001030E-01
-2.2500000000000994E-01
-2.2500000000000936E-01
-2.2500000000000911E-01
-2.2500000000000850E-01
-2.2500000000000825E-01
-2.2500000000000736E-01
-2.2500000000000692E-01
-2.2500000000000644E-01
-2.2500000000000667E-01
-2.2500000000000697E-01
-2.2500000000000689E-01
-2.2500000000000603E-01
-2.2500000000000600E-01
-2.2500000000000470E-01
-2.2500000000000506E-01
-2.2500000000000497E-01
-2.2500000000000478E-01
-2.2500000000000711E-01
-2.2500000000000886E-01
-2.2500000000001055E-01
-2.2500000000001188E-01
-2.2500000000001180E-01
-2.2500000000001014E-01
-2.2500000000000636E-01
-2.2500000000000261E-01
-3.0000000000001370E-01
-3.0000000000001359E-01
-3.0000000000001337E-01
-3.0000000000001298E-01
-3.0000000000001265E-01
-3.0000000000001265E-01
-3.0000000000001270E-01
-3.0000000000001326E-01
-3.0000000000001331E-01
-3.0000000000001242E-01
-3.0000000000001165E-01
-3.0000000000001159E-01
-3.0000000000001142E-01
-3.0000000000001048E-01
-3.0000000000000959E-01
-3.0000000000000915E-01
-3.0000000000000920E-01
-3.0000000000000865E-01
-3.0000000000000837E-01
-3.0000000000000726E-01
-3.0000000000000693E-01
-3.0000000000000754E-01
-3.0000000000000854E-01
-3.0000000000000882E-01
-3.0000000000000798E-01
-3.0000000000001026E-01
-3.0000000000001259E-01
-3.0000000000001370E-01
-3.0000000000001559E-01
-3.0000000000001464E-01
-3.0000000000001065E-01
-3.0000000000000510E-01
-3.0000000000000021E-01
-3.7500000000001660E-01
-3.7500000000001660E-01
-3.7500000000001649E-01
-3.7500000000001632E-01
-3.7500000000001582E-01
-3.7500000000001538E-01
-3.7500000000001549E-01
-3.7500000000001588E-01
-3.7500000000001649E-01
-3.7500000000001577E-01
-3.7500000000001465E-01
-3.7500000000001454E-01
-3.7500000000001465E-01
-3.7500000000001321E-01
-3.7500000000001238E-01
-3.7500000000001182E-01
-3.7500000000001138E-01
-3.7500000000001171E-01
-3.7500000000001116E-01
-3.7500000000001005E-01
-3.7500000000001016E-01
-3.7500000000001066E-01
-3.7500000000001094E-01
-3.7500000000001255E-01
-3.7500000000001388E-01
-3.7500000000001377E-01
-3.7500000000001499E-01
-3.7500000000001754E-01
-3.7500000000001726E-01
-3.7500000000001543E-01
-3.7500000000001155E-01
-3.7500000000000444E-01
-3.7499999999999589E-01
-4.5000000000001950E-01
-4.5000000000001955E-01
-4.5000000000001944E-01
-4.5000000000001938E-01
-4.5000000000001883E-01
-4.5000000000001811E-01
-4.5000000000001855E-01
-4.5000000000001922E-01
-4.5000000000001905E-01
-4.5000000000001883E-01
-4.5000000000001794E-01
-4.5000000000001705E-01
-4.5000000000001694E-01
-4.5000000000001616E-01
-4.5000000000001550E-01
-4.5000000000001472E-01
-4.5000000000001422E-01
-4.5000000000001433E-01
-4.5000000000001372E-01
-4.5000000000001378E-01
-4.5000000000001439E-01
-4.5000000000001383E-01
-4.5000000000001478E-01
-4.5000000000001678E-01
-4.5000000000001750E-01
-4.5000000000001766E-01
-4.5000000000001850E-01
-4.5000000000001927E-01
-4.5000000000001811E-01
-4.5000000000001600E-01
-4.5000000000001028E-01
-4.5000000000000517E-01
-4.4999999999999268E-01
-5.2500000000002256E-01
-5.2500000000002245E-01
-5.2500000000002245E-01
-5.2500000000002212E-01
-5.2500000000002167E-01
-5.2500000000002156E-01
-5.2500000000002189E-01
-5.2500000000002178E-01
-5.2500000000002167E-01
-5.2500000000002101E-01
-5.2500000000002078E-01
-5.2500000000001978E-01
-5.2500000000001956E-01
-5.2500000000001901E-01
-5.2500000000001912E-01
-5.2500000000001812E-01
-5.2500000000001723E-01
-5.2500000000001612E-01
-5.2500000000001590E-01
-5.2500000000001645E-01
-5.2500000000001690E-01
-5.2500000000001745E-01
-5.2500000000001912E-01
-5.2500000000001901E-01
-5.2500000000002045E-01
-5.2500000000002134E-01
-5.2500000000002089E-01
-5.2500000000001867E-01
-5.2500000000001701E-01
-5.2500000000001534E-01
-5.2500000000001146E-01
-5.2500000000000491E-01
-5.2499999999999658E-01
-6.0000000000002529E-01
-6.0000000000002540E-01
-6.0000000000002518E-01
-6.0000000000002496E-01
-6.0000000000002451E-01
-6.0000000000002462E-01
-6.0000000000002462E-01
-6.0000000000002451E-01
-6.0000000000002396E-01
-6.0000000000002318E-01
-6.0000000000002296E-01
-6.0000000000002252E-01
-6.0000000000002196E-01
-6.0000000000002163E-01
-6.0000000000002163E-01
-6.0000000000002096E-01
-6.0000000000001918E-01
-6.0000000000001885E-01
-6.0000000000001852E-01
-6.0000000000002052E-01
-6.0000000000002018E-01
-6.0000000000001985E-01
-6.0000000000002141E-01
-6.0000000000002185E-01
-6.0000000000002363E-01
-6.0000000000002363E-01
-6.0000000000002152E-01
-6.0000000000001819E-01
-6.0000000000001585E-01
-6.0000000000001408E-01
-6.0000000000001064E-01
-6.0000000000000653E-01
-6.0000000000000320E-01
-6.7500000000002858E-01
-6.7500000000002813E-01
-6.7500000000002802E-01
-6.7500000000002791E-01
-6.7500000000002736E-01
-6.7500000000002724E-01
-6.7500000000002758E-01
-6.7500000000002758E-01
-6.7500000000002736E-01
-6.7500000000002613E-01
-6.7500000000002580E-01
-6.7500000000002514E-01
-6.7500000000002480E-01
-6.7500000000002425E-01
-6.7500000000002414E-01
-6.7500000000002314E-01
-6.7500000000002214E-01
-6.7500000000002147E-01
-6.7500000000002269E-01
-6.7500000000002336E-01
-6.7500000000002391E-01
-6.7500000000002292E-01
-6.7500000000002314E-01
-6.7500000000002425E-01
-6.7500000000002469E-01
-6.7500000000002303E-01
-6.7500000000002169E-01
-6.7500000000001992E-01
-6.7500000000001636E-01
-6.7500000000001426E-01
-6.7500000000001292E-01
-6.7500000000000937E-01
-6.7500000000000770E-01
-7.5000000000003120E-01
-7.5000000000003098E-01
-7.5000000000003075E-01
-7.5000000000003064E-01
-7.5000000000002986E-01
-7.5000000000002975E-01
-7.5000000000002931E-01
-7.5000000000002975E-01
-7.5000000000003009E-01
-7.5000000000002864E-01
-7.5000000000002853E-01
-7.5000000000002809E-01
-7.5000000000002764E-01
-7.5000000000002665E-01
-7.5000000000002609E-01
-7.5000000000002565E-01
-7.5000000000002409E-01
-7.5000000000002387E-01
-7.5000000000002520E-01
-7.5000000000002653E-01
-7.5000000000002542E-01
-7.5000000000002598E-01
-7.5000000000002642E-01
-7.5000000000002587E-01
-7.5000000000002465E-01
-7.5000000000002254E-01
-7.5000000000002132E-01
-7.5000000000002132E-01
-7.5000000000001898E-01
-7.5000000000001710E-01
-7.5000000000001577E-01
-7.5000000000001299E-01
-7.5000000000000833E-01
-8.2500000000003404E-01
-8.2500000000003393E-01
-8.2500000000003382E-01
-8.2500000000003326E-01
-8.2500000000003282E-01
-8.2500000000003193E-01
-8.2500000000003182E-01
-8.2500000000003193E-01
-8.2500000000003260E-01
-8.2500000000003126E-01
-8.2500000000003060E-01
-8.2500000000003004E-01
-8.2500000000002993E-01
-8.2500000000002882E-01
-8.2500000000002827E-01
-8.2500000000002771E-01
-8.2500000000002693E-01
-8.2500000000002593E-01
-8.2500000000002682E-01
-8.2500000000002749E-01
-8.2500000000002782E-01
-8.2500000000002860E-01
-8.2500000000002927E-01
-8.2500000000002738E-01
-8.2500000000002449E-01
-8.2500000000002349E-01
-8.2500000000002205E-01
-8.2500000000002105E-01
-8.2500000000002127E-01
-8.2500000000001927E-01
-8.2500000000001861E-01
-8.2500000000001561E-01
-8.2500000000001028E-01
-9.0000000000003677E-01
-9.0000000000003666E-01
-9.0000000000003666E-01
-9.0000000000003566E-01
-9.0000000000003488E-01
-9.0000000000003366E-01
-9.0000000000003388E-01
-9.0000000000003511E-01
-9.0000000000003455E-01
-9.0000000000003444E-01
-9.0000000000003277E-01
-9.0000000000003222E-01
-9.0000000000003144E-01
-9.0000000000003122E-01
-9.0000000000002989E-01
-9.0000000000003044E-01
-9.0000000000002889E-01
-9.0000000000002778E-01
-9.0000000000002822E-01
-9.0000000000002944E-01
-9.0000000000002933E-01
-9.0000000000002989E-01
-9.0000000000003022E-01
-9.0000000000002922E-01
-9.0000000000002700E-01
-9.0000000000002489E-01
-9.0000000000002223E-01
-9.0000000000002178E-01
-9.0000000000001956E-01
-9.0000000000002123E-01
-9.0000000000001867E-01
-9.0000000000001790E-01
-9.0000000000001779E-01
-9.7500000000003872E-01
-9.7500000000003917E-01
-9.7500000000003884E-01
-9.7500000000003739E-01
-9.7500000000003684E-01
-9.7500000000003573E-01
-9.7500000000003617E-01
-9.7500000000003639E-01
-9.7500000000003662E-01
-9.7500000000003639E-01
-9.7500000000003495E-01
-9.7500000000003439E-01
-9.7500000000003328E-01
-9.7500000000003262E-01
-9.7500000000003206E-01
-9.7500000000003184E-01
-9.7500000000003217E-01
-9.7500000000003118E-01
-9.7500000000003051E-01
-9.7500000000003106E-01
-9.7500000000003118E-01
-9.7500000000003106E-01
-9.7500000000003073E-01
-9.7500000000003062E-01
-9.7500000000002862E-01
-9.7500000000002529E-01
-9.7500000000002429E-01
-9.7500000000002263E-01
-9.7500000000002018E-01
-9.7500000000002074E-01
-9.7500000000002074E-01
-9.7500000000002129E-01
-9.7500000000002363E-01
-1.0500000000000411E+00
-1.0500000000000413E+00
-1.0500000000000405E+00
-1.0500000000000393E+00
-1.0500000000000387E+00
-1.0500000000000380E+00
-1.0500000000000373E+00
-1.0500000000000378E+00
-1.0500000000000373E+00
-1.0500000000000382E+00
-1.0500000000000376E+00
-1.0500000000000362E+00
-1.0500000000000345E+00
-1.0500000000000345E+00
-1.0500000000000338E+00
-1.0500000000000331E+00
-1.0500000000000349E+00
-1.0500000000000342E+00
-1.0500000000000331E+00
-1.0500000000000327E+00
-1.0500000000000336E+00
-1.0500000000000338E+00
-1.0500000000000331E+00
-1.0500000000000309E+00
-1.0500000000000271E+00
-1.0500000000000245E+00
-1.0500000000000254E+00
-1.0500000000000247E+00
-1.0500000000000229E+00
-1.0500000000000234E+00
-1.0500000000000229E+00
-1.0500000000000242E+00
-1.0500000000000267E+00
-1.1250000000000435E+00
-1.1250000000000431E+00
-1.1250000000000429E+00
-1.1250000000000417E+00
-1.1250000000000411E+00
-1.1250000000000400E+00
-1.1250000000000386E+00
-1.1250000000000384E+00
-1.1250000000000391E+00
-1.1250000000000393E+00
-1.1250000000000393E+00
-1.1250000000000369E+00
-1.1250000000000364E+00
-1.1250000000000362E+00
-1.1250000000000369E+00
-1.1250000000000364E+00
-1.1250000000000364E+00
-1.1250000000000362E+00
-1.1250000000000353E+00
-1.1250000000000353E+00
-1.1250000000000355E+00
-1.1250000000000344E+00
-1.1250000000000331E+00
-1.1250000000000300E+00
-1.1250000000000286E+00
-1.1250000000000262E+00
-1.1250000000000258E+00
-1.1250000000000262E+00
-1.1250000000000269E+00
-1.1250000000000266E+00
-1.1250000000000264E+00
-1.1250000000000284E+00
-1.1250000000000300E+00
-1.2000000000000468E+00
-1.2000000000000453E+00
-1.2000000000000446E+00
-1.2000000000000437E+00
-1.2000000000000426E+00
-1.2000000000000419E+00
-1.2000000000000401E+00
-1.2000000000000401E+00
-1.2000000000000397E+00
-1.2000000000000397E+00
-1.2000000000000390E+00
-1.2000000000000393E+00
-1.2000000000000377E+00
-1.2000000000000381E+00
-1.2000000000000388E+00
-1.2000000000000386E+00
-1.2000000000000379E+00
-1.2000000000000379E+00
-1.2000000000000366E+00
-1.2000000000000384E+00
-1.2000000000000377E+00
-1.2000000000000339E+00
-1.2000000000000324E+00
-1.2000000000000299E+00
-1.2000000000000293E+00
-1.2000000000000282E+00
-1.2000000000000262E+00
-1.2000000000000275E+00
-1.2000000000000288E+00
-1.2000000000000297E+00
-1.2000000000000297E+00
-1.2000000000000317E+00
-1.2000000000000339E+00
-1.2750000000000488E+00
-1.2750000000000483E+00
-1.2750000000000468E+00
-1.2750000000000452E+00
-1.2750000000000441E+00
-1.2750000000000430E+00
-1.2750000000000423E+00
-1.2750000000000414E+00
-1.2750000000000410E+00
-1.2750000000000410E+00
-1.2750000000000410E+00
-1.2750000000000410E+00
-1.2750000000000405E+00
-1.2750000000000405E+00
-1.2750000000000412E+00
-1.2750000000000405E+00
-1.2750000000000399E+00
-1.2750000000000390E+00
-1.2750000000000388E+00
-1.2750000000000401E+00
-1.2750000000000401E+00
-1.2750000000000359E+00
-1.2750000000000328E+00
-1.2750000000000308E+00
-1.2750000000000299E+00
-1.2750000000000292E+00
-1.2750000000000294E+00
-1.2750000000000292E+00
-1.2750000000000306E+00
-1.2750000000000312E+00
-1.2750000000000330E+00
-1.2750000000000339E+00
-1.2750000000000372E+00
-1.3500000000000505E+00
-1.3500000000000503E+00
-1.3500000000000481E+00
-1.3500000000000469E+00
-1.3500000000000452E+00
-1.3500000000000436E+00
-1.3500000000000434E+00
-1.3500000000000432E+00
-1.3500000000000418E+00
-1.3500000000000429E+00
-1.3500000000000436E+00
-1.3500000000000438E+00
-1.3500000000000425E+00
-1.3500000000000432E+00
-1.3500000000000425E+00
-1.3500000000000429E+00
-1.3500000000000401E+00
-1.3500000000000401E+00
-1.3500000000000394E+00
-1.3500000000000409E+00
-1.3500000000000409E+00
-1.3500000000000372E+00
-1.3500000000000332E+00
-1.3500000000000321E+00
-1.3500000000000307E+00
-1.3500000000000298E+00
-1.3500000000000303E+00
-1.3500000000000312E+00
-1.3500000000000314E+00
-1.3500000000000321E+00
-1.3500000000000347E+00
-1.3500000000000369E+00
-1.3500000000000412E+00
-1.4250000000000516E+00
-1.4250000000000516E+00
-1.4250000000000489E+00
-1.4250000000000482E+00
-1.4250000000000462E+00
-1.4250000000000456E+00
-1.4250000000000445E+00
-1.4250000000000436E+00
-1.4250000000000438E+00
-1.4250000000000451E+00
-1.4250000000000460E+00
-1.4250000000000456E+00
-1.4250000000000465E+00
-1.4250000000000458E+00
-1.4250000000000447E+00
-1.4250000000000431E+00
-1.4250000000000413E+00
-1.4250000000000411E+00
-1.4250000000000405E+00
-1.4250000000000400E+00
-1.4250000000000396E+00
-1.4250000000000380E+00
-1.4250000000000347E+00
-1.4250000000000327E+00
-1.4250000000000322E+00
-1.4250000000000300E+00
-1.4250000000000302E+00
-1.4250000000000314E+00
-1.4250000000000327E+00
-1.4250000000000342E+00
-1.4250000000000371E+00
-1.4250000000000387E+00
-1.4250000000000440E+00
-1.5000000000000528E+00
-1.5000000000000526E+00
-1.5000000000000513E+00
-1.5000000000000495E+00
-1.5000000000000475E+00
-1.5000000000000466E+00
-1.5000000000000451E+00
-1.5000000000000451E+00
-1.5000000000000457E+00
-1.5000000000000471E+00
-1.5000000000000482E+00
-1.5000000000000477E+00
-1.5000000000000491E+00
-1.5000000000000475E+00
-1.5000000000000466E+00
-1.5000000000000440E+00
-1.5000000000000413E+00
-1.5000000000000429E+00
-1.5000000000000400E+00
-1.5000000000000406E+00
-1.5000000000000397E+00
-1.5000000000000395E+00
-1.5000000000000364E+00
-1.5000000000000335E+00
-1.5000000000000320E+00
-1.5000000000000304E+00
-1.5000000000000302E+00
-1.5000000000000313E+00
-1.5000000000000351E+00
-1.5000000000000373E+00
-1.5000000000000382E+00
-1.5000000000000397E+00
-1.5000000000000442E+00
-1.5750000000000544E+00
-1.5750000000000541E+00
-1.5750000000000528E+00
-1.5750000000000506E+00
-1.5750000000000488E+00
-1.5750000000000475E+00
-1.5750000000000464E+00
-1.5750000000000468E+00
-1.5750000000000486E+00
-1.5750000000000497E+00
-1.5750000000000501E+00
-1.5750000000000499E+00
-1.5750000000000501E+00
-1.5750000000000492E+00
-1.5750000000000473E+00
-1.5750000000000450E+00
-1.5750000000000424E+00
-1.5750000000000430E+00
-1.5750000000000419E+00
-1.5750000000000410E+00
-1.5750000000000413E+00
-1.5750000000000404E+00
-1.5750000000000375E+00
-1.5750000000000342E+00
-1.5750000000000333E+00
-1.5750000000000310E+00
-1.5750000000000308E+00
-1.5750000000000315E+00
-1.5750000000000353E+00
-1.5750000000000381E+00
-1.5750000000000368E+00
-1.5750000000000393E+00
-1.5750000000000421E+00
-1.6500000000000561E+00
-1.6500000000000552E+00
-1.6500000000000548E+00
-1.6500000000000521E+00
-1.6500000000000494E+00
-1.6500000000000474E+00
-1.6500000000000474E+00
-1.6500000000000488E+00
-1.6500000000000499E+00
-1.6500000000000512E+00
-1.6500000000000514E+00
-1.6500000000000530E+00
-1.6500000000000521E+00
-1.6500000000000508E+00
-1.6500000000000479E+00
-1.6500000000000448E+00
-1.6500000000000430E+00
-1.6500000000000437E+00
-1.6500000000000417E+00
-1.6500000000000419E+00
-1.6500000000000428E+00
-1.6500000000000410E+00
-1.6500000000000374E+00
-1.6500000000000341E+00
-1.6500000000000332E+00
-1.6500000000000310E+00
-1.6500000000000303E+00
-1.6500000000000328E+00
-1.6500000000000365E+00
-1.6500000000000368E+00
-1.6500000000000368E+00
-1.6500000000000383E+00
-1.6500000000000454E+00
-1.7250000000000574E+00
-1.7250000000000569E+00
-1.7250000000000572E+00
-1.7250000000000534E+00
-1.7250000000000507E+00
-1.7250000000000481E+00
-1.7250000000000489E+00
-1.7250000000000505E+00
-1.7250000000000512E+00
-1.7250000000000529E+00
-1.7250000000000552E+00
-1.7250000000000543E+00
-1.7250000000000545E+00
-1.7250000000000514E+00
-1.7250000000000492E+00
-1.7250000000000454E+00
-1.7250000000000447E+00
-1.7250000000000441E+00
-1.7250000000000438E+00
-1.7250000000000416E+00
-1.7250000000000432E+00
-1.7250000000000418E+00
-1.7250000000000389E+00
-1.7250000000000345E+00
-1.7250000000000323E+00
-1.7250000000000294E+00
-1.7250000000000307E+00
-1.7250000000000338E+00
-1.7250000000000356E+00
-1.7250000000000369E+00
-1.7250000000000376E+00
-1.7250000000000398E+00
-1.7250000000000449E+00
-1.8000000000000582E+00
-1.8000000000000573E+00
-1.8000000000000576E+00
-1.8000000000000547E+00
-1.8000000000000511E+00
-1.8000000000000502E+00
-1.8000000000000500E+00
-1.8000000000000520E+00
-1.8000000000000518E+00
-1.8000000000000553E+00
-1.8000000000000562E+00
-1.8000000000000558E+00
-1.8000000000000542E+00
-1.8000000000000527E+00
-1.8000000000000493E+00
-1.8000000000000469E+00
-1.8000000000000453E+00
-1.8000000000000447E+00
-1.8000000000000445E+00
-1.8000000000000420E+00
-1.8000000000000422E+00
-1.8000000000000427E+00
-1.8000000000000382E+00
-1.8000000000000353E+00
-1.8000000000000316E+00
-1.8000000000000285E+00
-1.8000000000000320E+00
-1.8000000000000336E+00
-1.8000000000000351E+00
-1.8000000000000385E+00
-1.8000000000000385E+00
-1.8000000000000433E+00
-1.8000000000000389E+00
