0.0000000000000000E+00
0.0000000000000000E+00
0.0000000000000000E+00
0.0000000000000000E+00
0.0000000000000000E+00
0.0000000000000000E+00
0.0000000000000000E+00
0.0000000000000000E+00
0.0000000000000000E+00
-3.0000000000000068E-02
-3.0000000000000072E-02
-3.0000000000000110E-02
-3.0000000000000054E-02
-3.0000000000000037E-02
-2.9999999999999954E-02
-2.9999999999999971E-02
-3.0000000000000068E-02
-3.0000000000000023E-02
-6.0000000000000143E-02
-6.0000000000000116E-02
-6.0000000000000109E-02
-6.0000000000000164E-02
-6.0000000000000026E-02
-5.9999999999999942E-02
-5.9999999999999887E-02
-6.0000000000000081E-02
-6.0000000000000081E-02
-9.0000000000000246E-02
-9.0000000000000205E-02
-9.0000000000000177E-02
-9.0000000000000163E-02
-9.0000000000000038E-02
-9.0000000000000011E-02
-8.9999999999999858E-02
-9.0000000000000038E-02
-9.0000000000000316E-02
-1.2000000000000025E-01
-1.2000000000000022E-01
-1.2000000000000018E-01
-1.2000000000000005E-01
-1.2000000000000018E-01
-1.2000000000000012E-01
-1.2000000000000004E-01
-1.2000000000000012E-01
-1.2000000000000016E-01
-1.5000000000000033E-01
-1.5000000000000024E-01
-1.5000000000000019E-01
-1.5000000000000024E-01
-1.5000000000000011E-01
-1.5000000000000005E-01
-1.5000000000000022E-01
-1.5000000000000016E-01
-1.5000000000000016E-01
-1.8000000000000047E-01
-1.8000000000000022E-01
-1.8000000000000027E-01
-1.8000000000000010E-01
-1.8000000000000008E-01
-1.8000000000000010E-01
-1.8000000000000008E-01
-1.8000000000000033E-01
-1.8000000000000016E-01
0.0000000000000000E+00
0.0000000000000000E+00
0.0000000000000000E+00
0.0000000000000000E+00
0.0000000000000000E+00
0.0000000000000000E+00
0.0000000000000000E+00
0.0000000000000000E+00
0.0000000000000000E+00
-3.0000000000000058E-02
-3.0000000000000058E-02
-3.0000000000000086E-02
-3.0000000000000075E-02
-3.0000000000000006E-02
-3.0000000000000037E-02
-2.9999999999999957E-02
-3.0000000000000002E-02
-3.0000000000000200E-02
-6.0000000000000116E-02
-6.0000000000000130E-02
-6.0000000000000157E-02
-6.0000000000000130E-02
-6.0000000000000074E-02
-5.9999999999999928E-02
-5.9999999999999984E-02
-6.0000000000000039E-02
-6.0000000000000213E-02
-9.0000000000000205E-02
-9.0000000000000233E-02
-9.0000000000000205E-02
-9.0000000000000205E-02
-9.0000000000000080E-02
-9.0000000000000024E-02
-9.0000000000000052E-02
-8.9999999999999886E-02
-9.0000000000000316E-02
-1.2000000000000027E-01
-1.2000000000000025E-01
-1.2000000000000027E-01
-1.2000000000000026E-01
-1.2000000000000015E-01
-1.2000000000000016E-01
-1.2000000000000002E-01
-1.2000000000000000E-01
-1.2000000000000018E-01
-1.5000000000000024E-01
-1.5000000000000033E-01
-1.5000000000000033E-01
-1.5000000000000005E-01
-1.5000000000000030E-01
-1.5000000000000019E-01
-1.5000000000000002E-01
-1.5000000000000044E-01
-1.4999999999999988E-01
-1.8000000000000019E-01
-1.8000000000000035E-01
-1.8000000000000016E-01
-1.8000000000000022E-01
-1.8000000000000022E-01
-1.8000000000000022E-01
-1.8000000000000013E-01
-1.8000000000000016E-01
-1.7999999999999969E-01
0.0000000000000000E+00
0.0000000000000000E+00
0.0000000000000000E+00
0.0000000000000000E+00
0.0000000000000000E+00
0.0000000000000000E+00
0.0000000000000000E+00
0.0000000000000000E+00
0.0000000000000000E+00
-3.0000000000000034E-02
-3.0000000000000061E-02
-3.0000000000000065E-02
-3.0000000000000044E-02
-3.0000000000000002E-02
-2.9999999999999923E-02
-2.9999999999999995E-02
-3.0000000000000051E-02
-3.0000000000000249E-02
-6.0000000000000067E-02
-6.0000000000000116E-02
-6.0000000000000088E-02
-6.0000000000000060E-02
-6.0000000000000012E-02
-6.0000000000000032E-02
-5.9999999999999880E-02
-6.0000000000000074E-02
-6.0000000000000414E-02
-9.0000000000000219E-02
-9.0000000000000135E-02
-9.0000000000000163E-02
-9.0000000000000163E-02
-9.0000000000000066E-02
-8.9999999999999955E-02
-9.0000000000000024E-02
-9.0000000000000024E-02
-9.0000000000000094E-02
-1.2000000000000026E-01
-1.2000000000000027E-01
-1.2000000000000015E-01
-1.2000000000000027E-01
-1.2000000000000012E-01
-1.2000000000000008E-01
-1.2000000000000013E-01
-1.2000000000000012E-01
-1.1999999999999988E-01
-1.5000000000000022E-01
-1.5000000000000030E-01
-1.5000000000000027E-01
-1.5000000000000024E-01
-1.5000000000000008E-01
-1.5000000000000022E-01
-1.4999999999999994E-01
-1.4999999999999974E-01
-1.5000000000000005E-01
-1.8000000000000030E-01
-1.8000000000000027E-01
-1.8000000000000016E-01
-1.8000000000000027E-01
-1.8000000000000016E-01
-1.8000000000000008E-01
-1.8000000000000002E-01
-1.7999999999999997E-01
-1.8000000000000002E-01
0.0000000000000000E+00
0.0000000000000000E+00
0.0000000000000000E+00
0.0000000000000000E+00
0.0000000000000000E+00
0.0000000000000000E+00
0.0000000000000000E+00
0.0000000000000000E+00
0.0000000000000000E+00
-2.9999999999999988E-02
-3.0000000000000034E-02
-3.0000000000000072E-02
-3.0000000000000016E-02
-2.9999999999999957E-02
-3.0000000000000020E-02
-2.9999999999999888E-02
-2.9999999999999968E-02
-3.0000000000000290E-02
-6.0000000000000123E-02
-6.0000000000000039E-02
-6.0000000000000053E-02
-6.0000000000000032E-02
-6.0000000000000032E-02
-5.9999999999999894E-02
-5.9999999999999845E-02
-6.0000000000000074E-02
-6.0000000000000303E-02
-9.0000000000000149E-02
-9.0000000000000163E-02
-9.0000000000000080E-02
-9.0000000000000038E-02
-9.0000000000000011E-02
-8.9999999999999941E-02
-8.9999999999999830E-02
-9.0000000000000094E-02
-9.0000000000000399E-02
-1.2000000000000026E-01
-1.2000000000000016E-01
-1.2000000000000025E-01
-1.2000000000000002E-01
-1.2000000000000002E-01
-1.1999999999999991E-01
-1.1999999999999991E-01
-1.1999999999999988E-01
-1.2000000000000033E-01
-1.5000000000000033E-01
-1.5000000000000019E-01
-1.5000000000000024E-01
-1.5000000000000011E-01
-1.5000000000000005E-01
-1.4999999999999997E-01
-1.5000000000000013E-01
-1.5000000000000013E-01
-1.5000000000000011E-01
-1.8000000000000030E-01
-1.8000000000000022E-01
-1.8000000000000027E-01
-1.8000000000000008E-01
-1.8000000000000024E-01
-1.7999999999999988E-01
-1.8000000000000013E-01
-1.8000000000000016E-01
-1.8000000000000005E-01
0.0000000000000000E+00
0.0000000000000000E+00
0.0000000000000000E+00
0.0000000000000000E+00
0.0000000000000000E+00
0.0000000000000000E+00
0.0000000000000000E+00
0.0000000000000000E+00
0.0000000000000000E+00
-3.0000000000000009E-02
-3.0000000000000034E-02
-2.9999999999999954E-02
-2.9999999999999961E-02
-3.0000000000000068E-02
-2.9999999999999933E-02
-2.9999999999999902E-02
-3.0000000000000030E-02
-3.0000000000000089E-02
-6.0000000000000060E-02
-5.9999999999999984E-02
-6.0000000000000026E-02
-5.9999999999999915E-02
-5.9999999999999935E-02
-5.9999999999999915E-02
-6.0000000000000012E-02
-6.0000000000000046E-02
-6.0000000000000220E-02
-9.0000000000000163E-02
-8.9999999999999983E-02
-9.0000000000000011E-02
-9.0000000000000011E-02
-8.9999999999999789E-02
-8.9999999999999830E-02
-9.0000000000000080E-02
-9.0000000000000219E-02
-8.9999999999999913E-02
-1.2000000000000023E-01
-1.2000000000000016E-01
-1.2000000000000005E-01
-1.2000000000000008E-01
-1.1999999999999997E-01
-1.1999999999999987E-01
-1.2000000000000006E-01
-1.2000000000000011E-01
-1.2000000000000004E-01
-1.5000000000000030E-01
-1.5000000000000019E-01
-1.5000000000000011E-01
-1.5000000000000013E-01
-1.5000000000000002E-01
-1.4999999999999999E-01
-1.4999999999999994E-01
-1.5000000000000011E-01
-1.5000000000000022E-01
-1.8000000000000024E-01
-1.8000000000000027E-01
-1.8000000000000008E-01
-1.8000000000000008E-01
-1.8000000000000019E-01
-1.8000000000000005E-01
-1.8000000000000024E-01
-1.8000000000000024E-01
-1.8000000000000030E-01
0.0000000000000000E+00
0.0000000000000000E+00
0.0000000000000000E+00
0.0000000000000000E+00
0.0000000000000000E+00
0.0000000000000000E+00
0.0000000000000000E+00
0.0000000000000000E+00
0.0000000000000000E+00
-2.9999999999999988E-02
-2.9999999999999982E-02
-2.9999999999999954E-02
-2.9999999999999860E-02
-2.9999999999999985E-02
-2.9999999999999988E-02
-3.0000000000000027E-02
-2.9999999999999902E-02
-3.0000000000000058E-02
-5.9999999999999984E-02
-5.9999999999999984E-02
-5.9999999999999915E-02
-5.9999999999999873E-02
-5.9999999999999887E-02
-5.9999999999999894E-02
-5.9999999999999887E-02
-5.9999999999999928E-02
-6.0000000000000102E-02
-8.9999999999999997E-02
-9.0000000000000038E-02
-8.9999999999999983E-02
-8.9999999999999913E-02
-8.9999999999999816E-02
-8.9999999999999789E-02
-8.9999999999999983E-02
-8.9999999999999761E-02
-8.9999999999999927E-02
-1.2000000000000011E-01
-1.2000000000000011E-01
-1.1999999999999987E-01
-1.2000000000000005E-01
-1.1999999999999983E-01
-1.1999999999999980E-01
-1.1999999999999975E-01
-1.1999999999999982E-01
-1.1999999999999994E-01
-1.5000000000000022E-01
-1.5000000000000013E-01
-1.5000000000000005E-01
-1.4999999999999991E-01
-1.4999999999999999E-01
-1.4999999999999966E-01
-1.4999999999999974E-01
-1.4999999999999999E-01
-1.5000000000000013E-01
-1.8000000000000013E-01
-1.8000000000000022E-01
-1.8000000000000016E-01
-1.7999999999999991E-01
-1.7999999999999991E-01
-1.7999999999999980E-01
-1.7999999999999983E-01
-1.7999999999999999E-01
-1.8000000000000013E-01
0.0000000000000000E+00
0.0000000000000000E+00
0.0000000000000000E+00
0.0000000000000000E+00
0.0000000000000000E+00
0.0000000000000000E+00
0.0000000000000000E+00
0.0000000000000000E+00
0.0000000000000000E+00
-2.9999999999999950E-02
-2.9999999999999919E-02
-2.9999999999999850E-02
-2.9999999999999825E-02
-2.9999999999999902E-02
-2.9999999999999961E-02
-2.9999999999999957E-02
-2.9999999999999895E-02
-2.9999999999999999E-02
-5.9999999999999949E-02
-5.9999999999999928E-02
-5.9999999999999838E-02
-5.9999999999999824E-02
-5.9999999999999887E-02
-5.9999999999999921E-02
-5.9999999999999831E-02
-5.9999999999999803E-02
-6.0000000000000164E-02
-8.9999999999999969E-02
-8.9999999999999955E-02
-8.9999999999999900E-02
-8.9999999999999872E-02
-8.9999999999999677E-02
-8.9999999999999844E-02
-8.9999999999999719E-02
-8.9999999999999886E-02
-9.0000000000000052E-02
-1.1999999999999997E-01
-1.2000000000000002E-01
-1.1999999999999995E-01
-1.1999999999999963E-01
-1.1999999999999986E-01
-1.1999999999999957E-01
-1.1999999999999961E-01
-1.1999999999999970E-01
-1.2000000000000002E-01
-1.5000000000000008E-01
-1.5000000000000011E-01
-1.4999999999999980E-01
-1.4999999999999949E-01
-1.4999999999999969E-01
-1.4999999999999980E-01
-1.4999999999999952E-01
-1.4999999999999966E-01
-1.5000000000000002E-01
-1.8000000000000027E-01
-1.8000000000000008E-01
-1.7999999999999985E-01
-1.7999999999999952E-01
-1.7999999999999955E-01
-1.7999999999999974E-01
-1.7999999999999988E-01
-1.7999999999999944E-01
-1.8000000000000008E-01
