0.0000000000000000E+00
4.4450663462323670E-01
8.6498520100310827E-01
1.3260498149441362E+00
1.8149395997365867E+00
2.3344782801445074E+00
2.8762661277471602E+00
3.4341577743902132E+00
4.0000000000000560E+00
4.5658422256098943E+00
5.1237338722529424E+00
5.6655217198555894E+00
6.1850604002634988E+00
6.6739501850559275E+00
7.1350147989969344E+00
7.5554933653767833E+00
8.0000000000000000E+00
0.0000000000000000E+00
3.4212286354298205E-01
7.8391704770382409E-01
1.2519169931591794E+00
1.7573830981052867E+00
2.2907268185683893E+00
2.8473628242892328E+00
3.4196474648499189E+00
4.0000000000000551E+00
4.5803525351501886E+00
5.1526371757108720E+00
5.7092731814317084E+00
6.2426169018947988E+00
6.7480830068408837E+00
7.2160829522962180E+00
7.6578771364570342E+00
8.0000000000000000E+00
0.0000000000000000E+00
3.1485074776321975E-01
7.2441865164487074E-01
1.1997005682537853E+00
1.7120805261154146E+00
2.2562440321597195E+00
2.8240121714077970E+00
3.4079230264023419E+00
4.0000000000000542E+00
4.5920769735977647E+00
5.1759878285923051E+00
5.7437559678403769E+00
6.2879194738846680E+00
6.8002994317462786E+00
7.2755813483551677E+00
7.6851492522367959E+00
8.0000000000000000E+00
0.0000000000000000E+00
3.0794978288120056E-01
7.0490588985885139E-01
1.1698933800954903E+00
1.6834153585807967E+00
2.2321309024656615E+00
2.8071219104154714E+00
3.3992372349482141E+00
4.0000000000000524E+00
4.6007627650518890E+00
5.1928780895846307E+00
5.7678690975344313E+00
6.3165846414192837E+00
6.8301066199045701E+00
7.2950941101411901E+00
7.6920502171188181E+00
8.0000000000000000E+00
0.0000000000000000E+00
3.0948752408110258E-01
6.9886230976727204E-01
1.1567444548471302E+00
1.6669522854304633E+00
2.2173394562342175E+00
2.7960807554187728E+00
3.3934665003668352E+00
4.0000000000000515E+00
4.6065334996332643E+00
5.2039192445813294E+00
5.7826605437658696E+00
6.3330477145696094E+00
6.8432555451529309E+00
7.3011376902327694E+00
7.6905124759189194E+00
8.0000000000000000E+00
0.0000000000000000E+00
3.1185791204331126E-01
6.9820716461481369E-01
1.1516004000072215E+00
1.6594742150503041E+00
2.2096780802470928E+00
2.7901276045112762E+00
3.3902538636881414E+00
4.0000000000000497E+00
4.6097461363119576E+00
5.2098723954888202E+00
5.7903219197529925E+00
6.3405257849497723E+00
6.8483995999928400E+00
7.3017928353852337E+00
7.6881420879567131E+00
8.0000000000000000E+00
0.0000000000000000E+00
3.1306160047498022E-01
6.9854416876420866E-01
1.1505440680910737E+00
1.6574082542256752E+00
2.2074413651019222E+00
2.7882722165822598E+00
3.3892493587112953E+00
4.0000000000000506E+00
4.6107506412888029E+00
5.2117277834178317E+00
5.7925586348981621E+00
6.3425917457744028E+00
6.8494559319089907E+00
7.3014558312358373E+00
7.6869383995250455E+00
8.0000000000000000E+00
0.0000000000000000E+00
3.1185791204331115E-01
6.9820716461481303E-01
1.1516004000072204E+00
1.6594742150503028E+00
2.2096780802470906E+00
2.7901276045112748E+00
3.3902538636881405E+00
4.0000000000000480E+00
4.6097461363119550E+00
5.2098723954888166E+00
5.7903219197529925E+00
6.3405257849497714E+00
6.8483995999928435E+00
7.3017928353852355E+00
7.6881420879567166E+00
8.0000000000000000E+00
0.0000000000000000E+00
3.0948752408110231E-01
6.9886230976727159E-01
1.1567444548471297E+00
1.6669522854304601E+00
2.2173394562342139E+00
2.7960807554187692E+00
3.3934665003668347E+00
4.0000000000000471E+00
4.6065334996332608E+00
5.2039192445813232E+00
5.7826605437658705E+00
6.3330477145696129E+00
6.8432555451529353E+00
7.3011376902327756E+00
7.6905124759189221E+00
8.0000000000000000E+00
0.0000000000000000E+00
3.0794978288120017E-01
7.0490588985885083E-01
1.1698933800954896E+00
1.6834153585807941E+00
2.2321309024656579E+00
2.8071219104154692E+00
3.3992372349482092E+00
4.0000000000000480E+00
4.6007627650518836E+00
5.1928780895846254E+00
5.7678690975344278E+00
6.3165846414192819E+00
6.8301066199045755E+00
7.2950941101411955E+00
7.6920502171188225E+00
8.0000000000000000E+00
0.0000000000000000E+00
3.1485074776321920E-01
7.2441865164486996E-01
1.1997005682537849E+00
1.7120805261154122E+00
2.2562440321597150E+00
2.8240121714077930E+00
3.4079230264023361E+00
4.0000000000000480E+00
4.5920769735977567E+00
5.1759878285923007E+00
5.7437559678403707E+00
6.2879194738846627E+00
6.8002994317462786E+00
7.2755813483551739E+00
7.6851492522368021E+00
8.0000000000000000E+00
0.0000000000000000E+00
3.4212286354298171E-01
7.8391704770382331E-01
1.2519169931591791E+00
1.7573830981052840E+00
2.2907268185683849E+00
2.8473628242892279E+00
3.4196474648499118E+00
4.0000000000000488E+00
4.5803525351501815E+00
5.1526371757108675E+00
5.7092731814317004E+00
6.2426169018947952E+00
6.7480830068408837E+00
7.2160829522962207E+00
7.6578771364570422E+00
8.0000000000000000E+00
0.0000000000000000E+00
4.4450663462323647E-01
8.6498520100310738E-01
1.3260498149441358E+00
1.8149395997365836E+00
2.3344782801445021E+00
2.8762661277471553E+00
3.4341577743902070E+00
4.0000000000000471E+00
4.5658422256098889E+00
5.1237338722529371E+00
5.6655217198555841E+00
6.1850604002634952E+00
6.6739501850559275E+00
7.1350147989969352E+00
7.5554933653767895E+00
8.0000000000000000E+00
