********************************************************************************
Field Output Report, written Thu Jul 06 10:07:56 2017

Source 1
---------

   ODB: D:/Abaqus_working/2D_SHEAR_FORCE_ELASTIC_elemSize_20_160x120mm_intp_1_DIRECT.odb
   Step: Load
   Frame: Increment      5: Step Time =    5.000

Loc 1 : Nodal values from source 1

Output sorted by column "Node Label".

Field Output reported at nodes for part: RECTANGULARINSTANCE

    Node Label          U.U1          U.U2
                      @Loc 1        @Loc 1
-------------------------------------------
             1           -0.           -0.
             2         4.260         3.959
             3         6.868         8.271
             4         8.358         13.18
             5         8.858         18.38
             6         8.377         23.57
             7         6.894         28.49
             8         4.277         32.82
             9            0.         36.11
            10     12.89E-33     7.026E-33
            11         1.691         3.217
            12         3.297         7.809
            13         4.293         12.94
            14         4.632         18.37
            15         4.310         23.81
            16         3.337         28.95
            17         1.783         33.49
            18     13.37E-33         36.86
            19     8.178E-33     6.001E-33
            20     692.5E-03         3.150
            21         1.304         7.579
            22         1.765         12.80
            23         1.932         18.37
            24         1.779         23.94
            25         1.335         29.17
            26     706.4E-03         33.63
            27     8.435E-33         36.92
            28     4.348E-33     4.813E-33
            29    -71.73E-18         3.165
            30     234.4E-18         7.541
            31     24.98E-18         12.76
            32     423.7E-18         18.37
            33    -265.3E-18         23.98
            34     187.1E-18         29.21
            35     640.3E-18         33.64
            36     4.548E-33         36.91
            37    -96.66E-36     3.299E-33
            38    -692.5E-03         3.150
            39        -1.304         7.579
            40        -1.765         12.80
            41        -1.932         18.37
            42        -1.779         23.94
            43        -1.335         29.17
            44    -706.4E-03         33.63
            45     30.39E-36         36.92
            46    -8.133E-33     646.2E-36
            47        -1.691         3.217
            48        -3.297         7.809
            49        -4.293         12.94
            50        -4.632         18.37
            51        -4.310         23.81
            52        -3.337         28.95
            53        -1.783         33.49
            54    -8.386E-33         36.86
            55           -0.            0.
            56        -4.260         3.959
            57        -6.868         8.271
            58        -8.358         13.18
            59        -8.858         18.38
            60        -8.377         23.57
            61        -6.894         28.49
            62        -4.277         32.82
            63            0.         36.11


  Minimum             -8.858            0.
       At Node            59            55

  Maximum              8.858         36.92
       At Node             5            45

         Total            0.     1.157E+03


