********************************************************************************
Field Output Report, written Thu Jul 06 10:10:02 2017

Source 1
---------

   ODB: D:/Abaqus_working/3D_UNIAX_FORCE_ELASTIC_elem_20_160x120x120mm_intp_2_DIRECT.odb
   Step: Load
   Frame: Increment      5: Step Time =    5.000

Loc 1 : Nodal values from source 1

Output sorted by column "Node Label".

Field Output reported at nodes for part: RECTANGULARINSTANCE

    Node Label          U.U1          U.U2          U.U3
                      @Loc 1        @Loc 1        @Loc 1
---------------------------------------------------------
             1            8.        -1.800        -1.800
             2            8.          -1.5        -1.800
             3            8.        -1.200        -1.800
             4            8.    -900.0E-03        -1.800
             5            8.    -600.0E-03        -1.800
             6            8.    -300.0E-03        -1.800
             7            8.            0.        -1.800
             8            8.        -1.800          -1.5
             9            8.          -1.5          -1.5
            10            8.        -1.200          -1.5
            11            8.    -900.0E-03          -1.5
            12            8.    -600.0E-03          -1.5
            13            8.    -300.0E-03          -1.5
            14            8.            0.          -1.5
            15            8.        -1.800        -1.200
            16            8.          -1.5        -1.200
            17            8.        -1.200        -1.200
            18            8.    -900.0E-03        -1.200
            19            8.    -600.0E-03        -1.200
            20            8.    -300.0E-03        -1.200
            21            8.            0.        -1.200
            22            8.        -1.800    -900.0E-03
            23            8.          -1.5    -900.0E-03
            24            8.        -1.200    -900.0E-03
            25            8.    -900.0E-03    -900.0E-03
            26            8.    -600.0E-03    -900.0E-03
            27            8.    -300.0E-03    -900.0E-03
            28            8.            0.    -900.0E-03
            29            8.        -1.800    -600.0E-03
            30            8.          -1.5    -600.0E-03
            31            8.        -1.200    -600.0E-03
            32            8.    -900.0E-03    -600.0E-03
            33            8.    -600.0E-03    -600.0E-03
            34            8.    -300.0E-03    -600.0E-03
            35            8.            0.    -600.0E-03
            36            8.        -1.800    -300.0E-03
            37            8.          -1.5    -300.0E-03
            38            8.        -1.200    -300.0E-03
            39            8.    -900.0E-03    -300.0E-03
            40            8.    -600.0E-03    -300.0E-03
            41            8.    -300.0E-03    -300.0E-03
            42            8.            0.    -300.0E-03
            43            8.        -1.800            0.
            44            8.          -1.5            0.
            45            8.        -1.200           -0.
            46            8.    -900.0E-03            0.
            47            8.    -600.0E-03            0.
            48            8.    -300.0E-03            0.
            49            8.            0.           -0.
            50            7.        -1.800        -1.800
            51            7.          -1.5        -1.800
            52            7.        -1.200        -1.800
            53            7.    -900.0E-03        -1.800
            54            7.    -600.0E-03        -1.800
            55            7.    -300.0E-03        -1.800
            56            7.            0.        -1.800
            57            7.        -1.800          -1.5
            58            7.          -1.5          -1.5
            59            7.        -1.200          -1.5
            60            7.    -900.0E-03          -1.5
            61            7.    -600.0E-03          -1.5
            62            7.    -300.0E-03          -1.5
            63            7.            0.          -1.5
            64            7.        -1.800        -1.200
            65            7.          -1.5        -1.200
            66            7.        -1.200        -1.200
            67            7.    -900.0E-03        -1.200
            68            7.    -600.0E-03        -1.200
            69            7.    -300.0E-03        -1.200
            70            7.           -0.        -1.200
            71            7.        -1.800    -900.0E-03
            72            7.          -1.5    -900.0E-03
            73            7.        -1.200    -900.0E-03
            74            7.    -900.0E-03    -900.0E-03
            75            7.    -600.0E-03    -900.0E-03
            76            7.    -300.0E-03    -900.0E-03
            77            7.            0.    -900.0E-03
            78            7.        -1.800    -600.0E-03
            79            7.          -1.5    -600.0E-03
            80            7.        -1.200    -600.0E-03
            81            7.    -900.0E-03    -600.0E-03
            82            7.    -600.0E-03    -600.0E-03
            83            7.    -300.0E-03    -600.0E-03
            84            7.            0.    -600.0E-03
            85            7.        -1.800    -300.0E-03
            86            7.          -1.5    -300.0E-03
            87            7.        -1.200    -300.0E-03
            88            7.    -900.0E-03    -300.0E-03
            89            7.    -600.0E-03    -300.0E-03
            90            7.    -300.0E-03    -300.0E-03
            91            7.            0.    -300.0E-03
            92            7.        -1.800            0.
            93            7.          -1.5            0.
            94            7.        -1.200           -0.
            95            7.    -900.0E-03            0.
            96            7.    -600.0E-03           -0.
            97            7.    -300.0E-03           -0.
            98            7.            0.           -0.
            99            6.        -1.800        -1.800
           100            6.          -1.5        -1.800
           101            6.        -1.200        -1.800
           102            6.    -900.0E-03        -1.800
           103            6.    -600.0E-03        -1.800
           104            6.    -300.0E-03        -1.800
           105            6.           -0.        -1.800
           106            6.        -1.800          -1.5
           107            6.          -1.5          -1.5
           108            6.        -1.200          -1.5
           109            6.    -900.0E-03          -1.5
           110            6.    -600.0E-03          -1.5
           111            6.    -300.0E-03          -1.5
           112            6.           -0.          -1.5
           113            6.        -1.800        -1.200
           114            6.          -1.5        -1.200
           115            6.        -1.200        -1.200
           116            6.    -900.0E-03        -1.200
           117            6.    -600.0E-03        -1.200
           118            6.    -300.0E-03        -1.200
           119            6.            0.        -1.200
           120            6.        -1.800    -900.0E-03
           121            6.          -1.5    -900.0E-03
           122            6.        -1.200    -900.0E-03
           123            6.    -900.0E-03    -900.0E-03
           124            6.    -600.0E-03    -900.0E-03
           125            6.    -300.0E-03    -900.0E-03
           126            6.            0.    -900.0E-03
           127            6.        -1.800    -600.0E-03
           128            6.          -1.5    -600.0E-03
           129            6.        -1.200    -600.0E-03
           130            6.    -900.0E-03    -600.0E-03
           131            6.    -600.0E-03    -600.0E-03
           132            6.    -300.0E-03    -600.0E-03
           133            6.            0.    -600.0E-03
           134            6.        -1.800    -300.0E-03
           135            6.          -1.5    -300.0E-03
           136            6.        -1.200    -300.0E-03
           137            6.    -900.0E-03    -300.0E-03
           138            6.    -600.0E-03    -300.0E-03
           139            6.    -300.0E-03    -300.0E-03
           140            6.           -0.    -300.0E-03
           141            6.        -1.800           -0.
           142            6.          -1.5           -0.
           143            6.        -1.200           -0.
           144            6.    -900.0E-03           -0.
           145            6.    -600.0E-03           -0.
           146            6.    -300.0E-03           -0.
           147            6.           -0.            0.
           148            5.        -1.800        -1.800
           149            5.          -1.5        -1.800
           150            5.        -1.200        -1.800
           151            5.    -900.0E-03        -1.800
           152            5.    -600.0E-03        -1.800
           153            5.    -300.0E-03        -1.800
           154            5.           -0.        -1.800
           155            5.        -1.800          -1.5
           156            5.          -1.5          -1.5
           157            5.        -1.200          -1.5
           158            5.    -900.0E-03          -1.5
           159            5.    -600.0E-03          -1.5
           160            5.    -300.0E-03          -1.5
           161            5.           -0.          -1.5
           162            5.        -1.800        -1.200
           163            5.          -1.5        -1.200
           164            5.        -1.200        -1.200
           165            5.    -900.0E-03        -1.200
           166            5.    -600.0E-03        -1.200
           167            5.    -300.0E-03        -1.200
           168            5.           -0.        -1.200
           169            5.        -1.800    -900.0E-03
           170            5.          -1.5    -900.0E-03
           171            5.        -1.200    -900.0E-03
           172            5.    -900.0E-03    -900.0E-03
           173            5.    -600.0E-03    -900.0E-03
           174            5.    -300.0E-03    -900.0E-03
           175            5.           -0.    -900.0E-03
           176            5.        -1.800    -600.0E-03
           177            5.          -1.5    -600.0E-03
           178            5.        -1.200    -600.0E-03
           179            5.    -900.0E-03    -600.0E-03
           180            5.    -600.0E-03    -600.0E-03
           181            5.    -300.0E-03    -600.0E-03
           182            5.            0.    -600.0E-03
           183            5.        -1.800    -300.0E-03
           184            5.          -1.5    -300.0E-03
           185            5.        -1.200    -300.0E-03
           186            5.    -900.0E-03    -300.0E-03
           187            5.    -600.0E-03    -300.0E-03
           188            5.    -300.0E-03    -300.0E-03
           189            5.           -0.    -300.0E-03
           190            5.        -1.800            0.
           191            5.          -1.5            0.
           192            5.        -1.200           -0.
           193            5.    -900.0E-03           -0.
           194            5.    -600.0E-03           -0.
           195            5.    -300.0E-03           -0.
           196            5.           -0.           -0.
           197            4.        -1.800        -1.800
           198            4.          -1.5        -1.800
           199            4.        -1.200        -1.800
           200            4.    -900.0E-03        -1.800
           201            4.    -600.0E-03        -1.800
           202            4.    -300.0E-03        -1.800
           203            4.           -0.        -1.800
           204            4.        -1.800          -1.5
           205            4.          -1.5          -1.5
           206            4.        -1.200          -1.5
           207            4.    -900.0E-03          -1.5
           208            4.    -600.0E-03          -1.5
           209            4.    -300.0E-03          -1.5
           210            4.           -0.          -1.5
           211            4.        -1.800        -1.200
           212            4.          -1.5        -1.200
           213            4.        -1.200        -1.200
           214            4.    -900.0E-03        -1.200
           215            4.    -600.0E-03        -1.200
           216            4.    -300.0E-03        -1.200
           217            4.           -0.        -1.200
           218            4.        -1.800    -900.0E-03
           219            4.          -1.5    -900.0E-03
           220            4.        -1.200    -900.0E-03
           221            4.    -900.0E-03    -900.0E-03
           222            4.    -600.0E-03    -900.0E-03
           223            4.    -300.0E-03    -900.0E-03
           224            4.           -0.    -900.0E-03
           225            4.        -1.800    -600.0E-03
           226            4.          -1.5    -600.0E-03
           227            4.        -1.200    -600.0E-03
           228            4.    -900.0E-03    -600.0E-03
           229            4.    -600.0E-03    -600.0E-03
           230            4.    -300.0E-03    -600.0E-03
           231            4.           -0.    -600.0E-03
           232            4.        -1.800    -300.0E-03
           233            4.          -1.5    -300.0E-03
           234            4.        -1.200    -300.0E-03
           235            4.    -900.0E-03    -300.0E-03
           236            4.    -600.0E-03    -300.0E-03
           237            4.    -300.0E-03    -300.0E-03
           238            4.           -0.    -300.0E-03
           239            4.        -1.800            0.
           240            4.          -1.5           -0.
           241            4.        -1.200           -0.
           242            4.    -900.0E-03            0.
           243            4.    -600.0E-03           -0.
           244            4.    -300.0E-03           -0.
           245            4.            0.           -0.
           246            3.        -1.800        -1.800
           247            3.          -1.5        -1.800
           248            3.        -1.200        -1.800
           249            3.    -900.0E-03        -1.800
           250            3.    -600.0E-03        -1.800
           251            3.    -300.0E-03        -1.800
           252            3.           -0.        -1.800
           253            3.        -1.800          -1.5
           254            3.          -1.5          -1.5
           255            3.        -1.200          -1.5
           256            3.    -900.0E-03          -1.5
           257            3.    -600.0E-03          -1.5
           258            3.    -300.0E-03          -1.5
           259            3.           -0.          -1.5
           260            3.        -1.800        -1.200
           261            3.          -1.5        -1.200
           262            3.        -1.200        -1.200
           263            3.    -900.0E-03        -1.200
           264            3.    -600.0E-03        -1.200
           265            3.    -300.0E-03        -1.200
           266            3.           -0.        -1.200
           267            3.        -1.800    -900.0E-03
           268            3.          -1.5    -900.0E-03
           269            3.        -1.200    -900.0E-03
           270            3.    -900.0E-03    -900.0E-03
           271            3.    -600.0E-03    -900.0E-03
           272            3.    -300.0E-03    -900.0E-03
           273            3.           -0.    -900.0E-03
           274            3.        -1.800    -600.0E-03
           275            3.          -1.5    -600.0E-03
           276            3.        -1.200    -600.0E-03
           277            3.    -900.0E-03    -600.0E-03
           278            3.    -600.0E-03    -600.0E-03
           279            3.    -300.0E-03    -600.0E-03
           280            3.           -0.    -600.0E-03
           281            3.        -1.800    -300.0E-03
           282            3.          -1.5    -300.0E-03
           283            3.        -1.200    -300.0E-03
           284            3.    -900.0E-03    -300.0E-03
           285            3.    -600.0E-03    -300.0E-03
           286            3.    -300.0E-03    -300.0E-03
           287            3.           -0.    -300.0E-03
           288            3.        -1.800           -0.
           289            3.          -1.5           -0.
           290            3.        -1.200           -0.
           291            3.    -900.0E-03           -0.
           292            3.    -600.0E-03           -0.
           293            3.    -300.0E-03           -0.
           294            3.           -0.           -0.
           295            2.        -1.800        -1.800
           296            2.          -1.5        -1.800
           297            2.        -1.200        -1.800
           298            2.    -900.0E-03        -1.800
           299            2.    -600.0E-03        -1.800
           300            2.    -300.0E-03        -1.800
           301            2.           -0.        -1.800
           302            2.        -1.800          -1.5
           303            2.          -1.5          -1.5
           304            2.        -1.200          -1.5
           305            2.    -900.0E-03          -1.5
           306            2.    -600.0E-03          -1.5
           307            2.    -300.0E-03          -1.5
           308            2.           -0.          -1.5
           309            2.        -1.800        -1.200
           310            2.          -1.5        -1.200
           311            2.        -1.200        -1.200
           312            2.    -900.0E-03        -1.200
           313            2.    -600.0E-03        -1.200
           314            2.    -300.0E-03        -1.200
           315            2.           -0.        -1.200
           316            2.        -1.800    -900.0E-03
           317            2.          -1.5    -900.0E-03
           318            2.        -1.200    -900.0E-03
           319            2.    -900.0E-03    -900.0E-03
           320            2.    -600.0E-03    -900.0E-03
           321            2.    -300.0E-03    -900.0E-03
           322            2.           -0.    -900.0E-03
           323            2.        -1.800    -600.0E-03
           324            2.          -1.5    -600.0E-03
           325            2.        -1.200    -600.0E-03
           326            2.    -900.0E-03    -600.0E-03
           327            2.    -600.0E-03    -600.0E-03
           328            2.    -300.0E-03    -600.0E-03
           329            2.           -0.    -600.0E-03
           330            2.        -1.800    -300.0E-03
           331            2.          -1.5    -300.0E-03
           332            2.        -1.200    -300.0E-03
           333            2.    -900.0E-03    -300.0E-03
           334            2.    -600.0E-03    -300.0E-03
           335            2.    -300.0E-03    -300.0E-03
           336            2.           -0.    -300.0E-03
           337            2.        -1.800            0.
           338            2.          -1.5            0.
           339            2.        -1.200            0.
           340            2.    -900.0E-03           -0.
           341            2.    -600.0E-03            0.
           342            2.    -300.0E-03            0.
           343            2.            0.           -0.
           344            1.        -1.800        -1.800
           345            1.          -1.5        -1.800
           346            1.        -1.200        -1.800
           347            1.    -900.0E-03        -1.800
           348            1.    -600.0E-03        -1.800
           349            1.    -300.0E-03        -1.800
           350            1.           -0.        -1.800
           351            1.        -1.800          -1.5
           352            1.          -1.5          -1.5
           353            1.        -1.200          -1.5
           354            1.    -900.0E-03          -1.5
           355            1.    -600.0E-03          -1.5
           356            1.    -300.0E-03          -1.5
           357            1.           -0.          -1.5
           358            1.        -1.800        -1.200
           359            1.          -1.5        -1.200
           360            1.        -1.200        -1.200
           361            1.    -900.0E-03        -1.200
           362            1.    -600.0E-03        -1.200
           363            1.    -300.0E-03        -1.200
           364            1.            0.        -1.200
           365            1.        -1.800    -900.0E-03
           366            1.          -1.5    -900.0E-03
           367            1.        -1.200    -900.0E-03
           368            1.    -900.0E-03    -900.0E-03
           369            1.    -600.0E-03    -900.0E-03
           370            1.    -300.0E-03    -900.0E-03
           371            1.           -0.    -900.0E-03
           372            1.        -1.800    -600.0E-03
           373            1.          -1.5    -600.0E-03
           374            1.        -1.200    -600.0E-03
           375            1.    -900.0E-03    -600.0E-03
           376            1.    -600.0E-03    -600.0E-03
           377            1.    -300.0E-03    -600.0E-03
           378            1.           -0.    -600.0E-03
           379            1.        -1.800    -300.0E-03
           380            1.          -1.5    -300.0E-03
           381            1.        -1.200    -300.0E-03
           382            1.    -900.0E-03    -300.0E-03
           383            1.    -600.0E-03    -300.0E-03
           384            1.    -300.0E-03    -300.0E-03
           385            1.           -0.    -300.0E-03
           386            1.        -1.800            0.
           387            1.          -1.5           -0.
           388            1.        -1.200           -0.
           389            1.    -900.0E-03           -0.
           390            1.    -600.0E-03            0.
           391            1.    -300.0E-03           -0.
           392            1.           -0.            0.
           393           -0.        -1.800        -1.800
           394    -16.67E-33          -1.5        -1.800
           395    -16.67E-33        -1.200        -1.800
           396    -16.67E-33    -900.0E-03        -1.800
           397    -16.67E-33    -600.0E-03        -1.800
           398    -16.67E-33    -300.0E-03        -1.800
           399           -0.            0.        -1.800
           400    -16.67E-33        -1.800          -1.5
           401    -50.00E-33          -1.5          -1.5
           402    -50.00E-33        -1.200          -1.5
           403    -50.00E-33    -900.0E-03          -1.5
           404    -50.00E-33    -600.0E-03          -1.5
           405    -50.00E-33    -300.0E-03          -1.5
           406    -16.67E-33            0.          -1.5
           407    -16.67E-33        -1.800        -1.200
           408    -50.00E-33          -1.5        -1.200
           409    -50.00E-33        -1.200        -1.200
           410    -50.00E-33    -900.0E-03        -1.200
           411    -50.00E-33    -600.0E-03        -1.200
           412    -50.00E-33    -300.0E-03        -1.200
           413    -16.67E-33           -0.        -1.200
           414    -16.67E-33        -1.800    -900.0E-03
           415    -50.00E-33          -1.5    -900.0E-03
           416    -50.00E-33        -1.200    -900.0E-03
           417    -50.00E-33    -900.0E-03    -900.0E-03
           418    -50.00E-33    -600.0E-03    -900.0E-03
           419    -50.00E-33    -300.0E-03    -900.0E-03
           420    -16.67E-33           -0.    -900.0E-03
           421    -16.67E-33        -1.800    -600.0E-03
           422    -50.00E-33          -1.5    -600.0E-03
           423    -50.00E-33        -1.200    -600.0E-03
           424    -50.00E-33    -900.0E-03    -600.0E-03
           425    -50.00E-33    -600.0E-03    -600.0E-03
           426    -50.00E-33    -300.0E-03    -600.0E-03
           427    -16.67E-33           -0.    -600.0E-03
           428    -16.67E-33        -1.800    -300.0E-03
           429    -50.00E-33          -1.5    -300.0E-03
           430    -50.00E-33        -1.200    -300.0E-03
           431    -50.00E-33    -900.0E-03    -300.0E-03
           432    -50.00E-33    -600.0E-03    -300.0E-03
           433    -50.00E-33    -300.0E-03    -300.0E-03
           434    -16.67E-33           -0.    -300.0E-03
           435           -0.        -1.800            0.
           436    -16.67E-33          -1.5           -0.
           437    -16.67E-33        -1.200           -0.
           438    -16.67E-33    -900.0E-03            0.
           439    -16.67E-33    -600.0E-03            0.
           440    -16.67E-33    -300.0E-03           -0.
           441           -0.           -0.           -0.
           442            7.        -1.800        -1.650
           443            7.        -1.650          -1.5
           444            7.          -1.5        -1.650
           445            7.        -1.650        -1.800
           446            8.        -1.650        -1.800
           447            8.          -1.5        -1.650
           448            8.        -1.650          -1.5
           449            8.        -1.800        -1.650
           450           7.5          -1.5        -1.800
           451           7.5        -1.800        -1.800
           452           7.5          -1.5          -1.5
           453           7.5        -1.800          -1.5
           454            7.        -1.350          -1.5
           455            7.        -1.200        -1.650
           456            7.        -1.350        -1.800
           457            8.        -1.350        -1.800
           458            8.        -1.200        -1.650
           459            8.        -1.350          -1.5
           460           7.5        -1.200        -1.800
           461           7.5        -1.200          -1.5
           462            7.        -1.050          -1.5
           463            7.    -900.0E-03        -1.650
           464            7.        -1.050        -1.800
           465            8.        -1.050        -1.800
           466            8.    -900.0E-03        -1.650
           467            8.        -1.050          -1.5
           468           7.5    -900.0E-03        -1.800
           469           7.5    -900.0E-03          -1.5
           470            7.     -750.E-03          -1.5
           471            7.    -600.0E-03        -1.650
           472            7.     -750.E-03        -1.800
           473            8.     -750.E-03        -1.800
           474            8.    -600.0E-03        -1.650
           475            8.     -750.E-03          -1.5
           476           7.5    -600.0E-03        -1.800
           477           7.5    -600.0E-03          -1.5
           478            7.    -450.0E-03          -1.5
           479            7.    -300.0E-03        -1.650
           480            7.    -450.0E-03        -1.800
           481            8.    -450.0E-03        -1.800
           482            8.    -300.0E-03        -1.650
           483            8.    -450.0E-03          -1.5
           484           7.5    -300.0E-03        -1.800
           485           7.5    -300.0E-03          -1.5
           486            7.    -150.0E-03          -1.5
           487            7.           -0.        -1.650
           488            7.    -150.0E-03        -1.800
           489            8.    -150.0E-03        -1.800
           490            8.           -0.        -1.650
           491            8.    -150.0E-03          -1.5
           492           7.5           -0.        -1.800
           493           7.5           -0.          -1.5
           494            7.        -1.800        -1.350
           495            7.        -1.650        -1.200
           496            7.          -1.5        -1.350
           497            8.          -1.5        -1.350
           498            8.        -1.650        -1.200
           499            8.        -1.800        -1.350
           500           7.5          -1.5        -1.200
           501           7.5        -1.800        -1.200
           502            7.        -1.350        -1.200
           503            7.        -1.200        -1.350
           504            8.        -1.200        -1.350
           505            8.        -1.350        -1.200
           506           7.5        -1.200        -1.200
           507            7.        -1.050        -1.200
           508            7.    -900.0E-03        -1.350
           509            8.    -900.0E-03        -1.350
           510            8.        -1.050        -1.200
           511           7.5    -900.0E-03        -1.200
           512            7.     -750.E-03        -1.200
           513            7.    -600.0E-03        -1.350
           514            8.    -600.0E-03        -1.350
           515            8.     -750.E-03        -1.200
           516           7.5    -600.0E-03        -1.200
           517            7.    -450.0E-03        -1.200
           518            7.    -300.0E-03        -1.350
           519            8.    -300.0E-03        -1.350
           520            8.    -450.0E-03        -1.200
           521           7.5    -300.0E-03        -1.200
           522            7.    -150.0E-03        -1.200
           523            7.           -0.        -1.350
           524            8.           -0.        -1.350
           525            8.    -150.0E-03        -1.200
           526           7.5           -0.        -1.200
           527            7.        -1.800        -1.050
           528            7.        -1.650    -900.0E-03
           529            7.          -1.5        -1.050
           530            8.          -1.5        -1.050
           531            8.        -1.650    -900.0E-03
           532            8.        -1.800        -1.050
           533           7.5          -1.5    -900.0E-03
           534           7.5        -1.800    -900.0E-03
           535            7.        -1.350    -900.0E-03
           536            7.        -1.200        -1.050
           537            8.        -1.200        -1.050
           538            8.        -1.350    -900.0E-03
           539           7.5        -1.200    -900.0E-03
           540            7.        -1.050    -900.0E-03
           541            7.    -900.0E-03        -1.050
           542            8.    -900.0E-03        -1.050
           543            8.        -1.050    -900.0E-03
           544           7.5    -900.0E-03    -900.0E-03
           545            7.     -750.E-03    -900.0E-03
           546            7.    -600.0E-03        -1.050
           547            8.    -600.0E-03        -1.050
           548            8.     -750.E-03    -900.0E-03
           549           7.5    -600.0E-03    -900.0E-03
           550            7.    -450.0E-03    -900.0E-03
           551            7.    -300.0E-03        -1.050
           552            8.    -300.0E-03        -1.050
           553            8.    -450.0E-03    -900.0E-03
           554           7.5    -300.0E-03    -900.0E-03
           555            7.    -150.0E-03    -900.0E-03
           556            7.           -0.        -1.050
           557            8.           -0.        -1.050
           558            8.    -150.0E-03    -900.0E-03
           559           7.5           -0.    -900.0E-03
           560            7.        -1.800     -750.E-03
           561            7.        -1.650    -600.0E-03
           562            7.          -1.5     -750.E-03
           563            8.          -1.5     -750.E-03
           564            8.        -1.650    -600.0E-03
           565            8.        -1.800     -750.E-03
           566           7.5          -1.5    -600.0E-03
           567           7.5        -1.800    -600.0E-03
           568            7.        -1.350    -600.0E-03
           569            7.        -1.200     -750.E-03
           570            8.        -1.200     -750.E-03
           571            8.        -1.350    -600.0E-03
           572           7.5        -1.200    -600.0E-03
           573            7.        -1.050    -600.0E-03
           574            7.    -900.0E-03     -750.E-03
           575            8.    -900.0E-03     -750.E-03
           576            8.        -1.050    -600.0E-03
           577           7.5    -900.0E-03    -600.0E-03
           578            7.     -750.E-03    -600.0E-03
           579            7.    -600.0E-03     -750.E-03
           580            8.    -600.0E-03     -750.E-03
           581            8.     -750.E-03    -600.0E-03
           582           7.5    -600.0E-03    -600.0E-03
           583            7.    -450.0E-03    -600.0E-03
           584            7.    -300.0E-03     -750.E-03
           585            8.    -300.0E-03     -750.E-03
           586            8.    -450.0E-03    -600.0E-03
           587           7.5    -300.0E-03    -600.0E-03
           588            7.    -150.0E-03    -600.0E-03
           589            7.           -0.     -750.E-03
           590            8.            0.     -750.E-03
           591            8.    -150.0E-03    -600.0E-03
           592           7.5           -0.    -600.0E-03
           593            7.        -1.800    -450.0E-03
           594            7.        -1.650    -300.0E-03
           595            7.          -1.5    -450.0E-03
           596            8.          -1.5    -450.0E-03
           597            8.        -1.650    -300.0E-03
           598            8.        -1.800    -450.0E-03
           599           7.5          -1.5    -300.0E-03
           600           7.5        -1.800    -300.0E-03
           601            7.        -1.350    -300.0E-03
           602            7.        -1.200    -450.0E-03
           603            8.        -1.200    -450.0E-03
           604            8.        -1.350    -300.0E-03
           605           7.5        -1.200    -300.0E-03
           606            7.        -1.050    -300.0E-03
           607            7.    -900.0E-03    -450.0E-03
           608            8.    -900.0E-03    -450.0E-03
           609            8.        -1.050    -300.0E-03
           610           7.5    -900.0E-03    -300.0E-03
           611            7.     -750.E-03    -300.0E-03
           612            7.    -600.0E-03    -450.0E-03
           613            8.    -600.0E-03    -450.0E-03
           614            8.     -750.E-03    -300.0E-03
           615           7.5    -600.0E-03    -300.0E-03
           616            7.    -450.0E-03    -300.0E-03
           617            7.    -300.0E-03    -450.0E-03
           618            8.    -300.0E-03    -450.0E-03
           619            8.    -450.0E-03    -300.0E-03
           620           7.5    -300.0E-03    -300.0E-03
           621            7.    -150.0E-03    -300.0E-03
           622            7.           -0.    -450.0E-03
           623            8.           -0.    -450.0E-03
           624            8.    -150.0E-03    -300.0E-03
           625           7.5           -0.    -300.0E-03
           626            7.        -1.800    -150.0E-03
           627            7.        -1.650           -0.
           628            7.          -1.5    -150.0E-03
           629            8.          -1.5    -150.0E-03
           630            8.        -1.650            0.
           631            8.        -1.800    -150.0E-03
           632           7.5          -1.5           -0.
           633           7.5        -1.800           -0.
           634            7.        -1.350           -0.
           635            7.        -1.200    -150.0E-03
           636            8.        -1.200    -150.0E-03
           637            8.        -1.350            0.
           638           7.5        -1.200            0.
           639            7.        -1.050            0.
           640            7.    -900.0E-03    -150.0E-03
           641            8.    -900.0E-03    -150.0E-03
           642            8.        -1.050            0.
           643           7.5    -900.0E-03           -0.
           644            7.     -750.E-03            0.
           645            7.    -600.0E-03    -150.0E-03
           646            8.    -600.0E-03    -150.0E-03
           647            8.     -750.E-03            0.
           648           7.5    -600.0E-03            0.
           649            7.    -450.0E-03            0.
           650            7.    -300.0E-03    -150.0E-03
           651            8.    -300.0E-03    -150.0E-03
           652            8.    -450.0E-03            0.
           653           7.5    -300.0E-03            0.
           654            7.    -150.0E-03            0.
           655            7.           -0.    -150.0E-03
           656            8.            0.    -150.0E-03
           657            8.    -150.0E-03            0.
           658           7.5           -0.            0.
           659            6.        -1.800        -1.650
           660            6.        -1.650          -1.5
           661            6.          -1.5        -1.650
           662            6.        -1.650        -1.800
           663           6.5          -1.5        -1.800
           664           6.5        -1.800        -1.800
           665           6.5          -1.5          -1.5
           666           6.5        -1.800          -1.5
           667            6.        -1.350          -1.5
           668            6.        -1.200        -1.650
           669            6.        -1.350        -1.800
           670           6.5        -1.200        -1.800
           671           6.5        -1.200          -1.5
           672            6.        -1.050          -1.5
           673            6.    -900.0E-03        -1.650
           674            6.        -1.050        -1.800
           675           6.5    -900.0E-03        -1.800
           676           6.5    -900.0E-03          -1.5
           677            6.     -750.E-03          -1.5
           678            6.    -600.0E-03        -1.650
           679            6.     -750.E-03        -1.800
           680           6.5    -600.0E-03        -1.800
           681           6.5    -600.0E-03          -1.5
           682            6.    -450.0E-03          -1.5
           683            6.    -300.0E-03        -1.650
           684            6.    -450.0E-03        -1.800
           685           6.5    -300.0E-03        -1.800
           686           6.5    -300.0E-03          -1.5
           687            6.    -150.0E-03          -1.5
           688            6.           -0.        -1.650
           689            6.    -150.0E-03        -1.800
           690           6.5           -0.        -1.800
           691           6.5           -0.          -1.5
           692            6.        -1.800        -1.350
           693            6.        -1.650        -1.200
           694            6.          -1.5        -1.350
           695           6.5          -1.5        -1.200
           696           6.5        -1.800        -1.200
           697            6.        -1.350        -1.200
           698            6.        -1.200        -1.350
           699           6.5        -1.200        -1.200
           700            6.        -1.050        -1.200
           701            6.    -900.0E-03        -1.350
           702           6.5    -900.0E-03        -1.200
           703            6.     -750.E-03        -1.200
           704            6.    -600.0E-03        -1.350
           705           6.5    -600.0E-03        -1.200
           706            6.    -450.0E-03        -1.200
           707            6.    -300.0E-03        -1.350
           708           6.5    -300.0E-03        -1.200
           709            6.    -150.0E-03        -1.200
           710            6.           -0.        -1.350
           711           6.5           -0.        -1.200
           712            6.        -1.800        -1.050
           713            6.        -1.650    -900.0E-03
           714            6.          -1.5        -1.050
           715           6.5          -1.5    -900.0E-03
           716           6.5        -1.800    -900.0E-03
           717            6.        -1.350    -900.0E-03
           718            6.        -1.200        -1.050
           719           6.5        -1.200    -900.0E-03
           720            6.        -1.050    -900.0E-03
           721            6.    -900.0E-03        -1.050
           722           6.5    -900.0E-03    -900.0E-03
           723            6.     -750.E-03    -900.0E-03
           724            6.    -600.0E-03        -1.050
           725           6.5    -600.0E-03    -900.0E-03
           726            6.    -450.0E-03    -900.0E-03
           727            6.    -300.0E-03        -1.050
           728           6.5    -300.0E-03    -900.0E-03
           729            6.    -150.0E-03    -900.0E-03
           730            6.           -0.        -1.050
           731           6.5           -0.    -900.0E-03
           732            6.        -1.800     -750.E-03
           733            6.        -1.650    -600.0E-03
           734            6.          -1.5     -750.E-03
           735           6.5          -1.5    -600.0E-03
           736           6.5        -1.800    -600.0E-03
           737            6.        -1.350    -600.0E-03
           738            6.        -1.200     -750.E-03
           739           6.5        -1.200    -600.0E-03
           740            6.        -1.050    -600.0E-03
           741            6.    -900.0E-03     -750.E-03
           742           6.5    -900.0E-03    -600.0E-03
           743            6.     -750.E-03    -600.0E-03
           744            6.    -600.0E-03     -750.E-03
           745           6.5    -600.0E-03    -600.0E-03
           746            6.    -450.0E-03    -600.0E-03
           747            6.    -300.0E-03     -750.E-03
           748           6.5    -300.0E-03    -600.0E-03
           749            6.    -150.0E-03    -600.0E-03
           750            6.           -0.     -750.E-03
           751           6.5           -0.    -600.0E-03
           752            6.        -1.800    -450.0E-03
           753            6.        -1.650    -300.0E-03
           754            6.          -1.5    -450.0E-03
           755           6.5          -1.5    -300.0E-03
           756           6.5        -1.800    -300.0E-03
           757            6.        -1.350    -300.0E-03
           758            6.        -1.200    -450.0E-03
           759           6.5        -1.200    -300.0E-03
           760            6.        -1.050    -300.0E-03
           761            6.    -900.0E-03    -450.0E-03
           762           6.5    -900.0E-03    -300.0E-03
           763            6.     -750.E-03    -300.0E-03
           764            6.    -600.0E-03    -450.0E-03
           765           6.5    -600.0E-03    -300.0E-03
           766            6.    -450.0E-03    -300.0E-03
           767            6.    -300.0E-03    -450.0E-03
           768           6.5    -300.0E-03    -300.0E-03
           769            6.    -150.0E-03    -300.0E-03
           770            6.           -0.    -450.0E-03
           771           6.5           -0.    -300.0E-03
           772            6.        -1.800    -150.0E-03
           773            6.        -1.650            0.
           774            6.          -1.5    -150.0E-03
           775           6.5          -1.5            0.
           776           6.5        -1.800            0.
           777            6.        -1.350           -0.
           778            6.        -1.200    -150.0E-03
           779           6.5        -1.200           -0.
           780            6.        -1.050            0.
           781            6.    -900.0E-03    -150.0E-03
           782           6.5    -900.0E-03           -0.
           783            6.     -750.E-03            0.
           784            6.    -600.0E-03    -150.0E-03
           785           6.5    -600.0E-03           -0.
           786            6.    -450.0E-03            0.
           787            6.    -300.0E-03    -150.0E-03
           788           6.5    -300.0E-03            0.
           789            6.    -150.0E-03            0.
           790            6.            0.    -150.0E-03
           791           6.5            0.           -0.
           792            5.        -1.800        -1.650
           793            5.        -1.650          -1.5
           794            5.          -1.5        -1.650
           795            5.        -1.650        -1.800
           796           5.5          -1.5        -1.800
           797           5.5        -1.800        -1.800
           798           5.5          -1.5          -1.5
           799           5.5        -1.800          -1.5
           800            5.        -1.350          -1.5
           801            5.        -1.200        -1.650
           802            5.        -1.350        -1.800
           803           5.5        -1.200        -1.800
           804           5.5        -1.200          -1.5
           805            5.        -1.050          -1.5
           806            5.    -900.0E-03        -1.650
           807            5.        -1.050        -1.800
           808           5.5    -900.0E-03        -1.800
           809           5.5    -900.0E-03          -1.5
           810            5.     -750.E-03          -1.5
           811            5.    -600.0E-03        -1.650
           812            5.     -750.E-03        -1.800
           813           5.5    -600.0E-03        -1.800
           814           5.5    -600.0E-03          -1.5
           815            5.    -450.0E-03          -1.5
           816            5.    -300.0E-03        -1.650
           817            5.    -450.0E-03        -1.800
           818           5.5    -300.0E-03        -1.800
           819           5.5    -300.0E-03          -1.5
           820            5.    -150.0E-03          -1.5
           821            5.            0.        -1.650
           822            5.    -150.0E-03        -1.800
           823           5.5           -0.        -1.800
           824           5.5            0.          -1.5
           825            5.        -1.800        -1.350
           826            5.        -1.650        -1.200
           827            5.          -1.5        -1.350
           828           5.5          -1.5        -1.200
           829           5.5        -1.800        -1.200
           830            5.        -1.350        -1.200
           831            5.        -1.200        -1.350
           832           5.5        -1.200        -1.200
           833            5.        -1.050        -1.200
           834            5.    -900.0E-03        -1.350
           835           5.5    -900.0E-03        -1.200
           836            5.     -750.E-03        -1.200
           837            5.    -600.0E-03        -1.350
           838           5.5    -600.0E-03        -1.200
           839            5.    -450.0E-03        -1.200
           840            5.    -300.0E-03        -1.350
           841           5.5    -300.0E-03        -1.200
           842            5.    -150.0E-03        -1.200
           843            5.            0.        -1.350
           844           5.5            0.        -1.200
           845            5.        -1.800        -1.050
           846            5.        -1.650    -900.0E-03
           847            5.          -1.5        -1.050
           848           5.5          -1.5    -900.0E-03
           849           5.5        -1.800    -900.0E-03
           850            5.        -1.350    -900.0E-03
           851            5.        -1.200        -1.050
           852           5.5        -1.200    -900.0E-03
           853            5.        -1.050    -900.0E-03
           854            5.    -900.0E-03        -1.050
           855           5.5    -900.0E-03    -900.0E-03
           856            5.     -750.E-03    -900.0E-03
           857            5.    -600.0E-03        -1.050
           858           5.5    -600.0E-03    -900.0E-03
           859            5.    -450.0E-03    -900.0E-03
           860            5.    -300.0E-03        -1.050
           861           5.5    -300.0E-03    -900.0E-03
           862            5.    -150.0E-03    -900.0E-03
           863            5.           -0.        -1.050
           864           5.5           -0.    -900.0E-03
           865            5.        -1.800     -750.E-03
           866            5.        -1.650    -600.0E-03
           867            5.          -1.5     -750.E-03
           868           5.5          -1.5    -600.0E-03
           869           5.5        -1.800    -600.0E-03
           870            5.        -1.350    -600.0E-03
           871            5.        -1.200     -750.E-03
           872           5.5        -1.200    -600.0E-03
           873            5.        -1.050    -600.0E-03
           874            5.    -900.0E-03     -750.E-03
           875           5.5    -900.0E-03    -600.0E-03
           876            5.     -750.E-03    -600.0E-03
           877            5.    -600.0E-03     -750.E-03
           878           5.5    -600.0E-03    -600.0E-03
           879            5.    -450.0E-03    -600.0E-03
           880            5.    -300.0E-03     -750.E-03
           881           5.5    -300.0E-03    -600.0E-03
           882            5.    -150.0E-03    -600.0E-03
           883            5.           -0.     -750.E-03
           884           5.5           -0.    -600.0E-03
           885            5.        -1.800    -450.0E-03
           886            5.        -1.650    -300.0E-03
           887            5.          -1.5    -450.0E-03
           888           5.5          -1.5    -300.0E-03
           889           5.5        -1.800    -300.0E-03
           890            5.        -1.350    -300.0E-03
           891            5.        -1.200    -450.0E-03
           892           5.5        -1.200    -300.0E-03
           893            5.        -1.050    -300.0E-03
           894            5.    -900.0E-03    -450.0E-03
           895           5.5    -900.0E-03    -300.0E-03
           896            5.     -750.E-03    -300.0E-03
           897            5.    -600.0E-03    -450.0E-03
           898           5.5    -600.0E-03    -300.0E-03
           899            5.    -450.0E-03    -300.0E-03
           900            5.    -300.0E-03    -450.0E-03
           901           5.5    -300.0E-03    -300.0E-03
           902            5.    -150.0E-03    -300.0E-03
           903            5.            0.    -450.0E-03
           904           5.5           -0.    -300.0E-03
           905            5.        -1.800    -150.0E-03
           906            5.        -1.650            0.
           907            5.          -1.5    -150.0E-03
           908           5.5          -1.5           -0.
           909           5.5        -1.800           -0.
           910            5.        -1.350           -0.
           911            5.        -1.200    -150.0E-03
           912           5.5        -1.200            0.
           913            5.        -1.050            0.
           914            5.    -900.0E-03    -150.0E-03
           915           5.5    -900.0E-03            0.
           916            5.     -750.E-03            0.
           917            5.    -600.0E-03    -150.0E-03
           918           5.5    -600.0E-03           -0.
           919            5.    -450.0E-03           -0.
           920            5.    -300.0E-03    -150.0E-03
           921           5.5    -300.0E-03           -0.
           922            5.    -150.0E-03            0.
           923            5.            0.    -150.0E-03
           924           5.5            0.            0.
           925            4.        -1.800        -1.650
           926            4.        -1.650          -1.5
           927            4.          -1.5        -1.650
           928            4.        -1.650        -1.800
           929           4.5          -1.5        -1.800
           930           4.5        -1.800        -1.800
           931           4.5          -1.5          -1.5
           932           4.5        -1.800          -1.5
           933            4.        -1.350          -1.5
           934            4.        -1.200        -1.650
           935            4.        -1.350        -1.800
           936           4.5        -1.200        -1.800
           937           4.5        -1.200          -1.5
           938            4.        -1.050          -1.5
           939            4.    -900.0E-03        -1.650
           940            4.        -1.050        -1.800
           941           4.5    -900.0E-03        -1.800
           942           4.5    -900.0E-03          -1.5
           943            4.     -750.E-03          -1.5
           944            4.    -600.0E-03        -1.650
           945            4.     -750.E-03        -1.800
           946           4.5    -600.0E-03        -1.800
           947           4.5    -600.0E-03          -1.5
           948            4.    -450.0E-03          -1.5
           949            4.    -300.0E-03        -1.650
           950            4.    -450.0E-03        -1.800
           951           4.5    -300.0E-03        -1.800
           952           4.5    -300.0E-03          -1.5
           953            4.    -150.0E-03          -1.5
           954            4.            0.        -1.650
           955            4.    -150.0E-03        -1.800
           956           4.5            0.        -1.800
           957           4.5            0.          -1.5
           958            4.        -1.800        -1.350
           959            4.        -1.650        -1.200
           960            4.          -1.5        -1.350
           961           4.5          -1.5        -1.200
           962           4.5        -1.800        -1.200
           963            4.        -1.350        -1.200
           964            4.        -1.200        -1.350
           965           4.5        -1.200        -1.200
           966            4.        -1.050        -1.200
           967            4.    -900.0E-03        -1.350
           968           4.5    -900.0E-03        -1.200
           969            4.     -750.E-03        -1.200
           970            4.    -600.0E-03        -1.350
           971           4.5    -600.0E-03        -1.200
           972            4.    -450.0E-03        -1.200
           973            4.    -300.0E-03        -1.350
           974           4.5    -300.0E-03        -1.200
           975            4.    -150.0E-03        -1.200
           976            4.            0.        -1.350
           977           4.5           -0.        -1.200
           978            4.        -1.800        -1.050
           979            4.        -1.650    -900.0E-03
           980            4.          -1.5        -1.050
           981           4.5          -1.5    -900.0E-03
           982           4.5        -1.800    -900.0E-03
           983            4.        -1.350    -900.0E-03
           984            4.        -1.200        -1.050
           985           4.5        -1.200    -900.0E-03
           986            4.        -1.050    -900.0E-03
           987            4.    -900.0E-03        -1.050
           988           4.5    -900.0E-03    -900.0E-03
           989            4.     -750.E-03    -900.0E-03
           990            4.    -600.0E-03        -1.050
           991           4.5    -600.0E-03    -900.0E-03
           992            4.    -450.0E-03    -900.0E-03
           993            4.    -300.0E-03        -1.050
           994           4.5    -300.0E-03    -900.0E-03
           995            4.    -150.0E-03    -900.0E-03
           996            4.            0.        -1.050
           997           4.5            0.    -900.0E-03
           998            4.        -1.800     -750.E-03
           999            4.        -1.650    -600.0E-03
          1000            4.          -1.5     -750.E-03
          1001           4.5          -1.5    -600.0E-03
          1002           4.5        -1.800    -600.0E-03
          1003            4.        -1.350    -600.0E-03
          1004            4.        -1.200     -750.E-03
          1005           4.5        -1.200    -600.0E-03
          1006            4.        -1.050    -600.0E-03
          1007            4.    -900.0E-03     -750.E-03
          1008           4.5    -900.0E-03    -600.0E-03
          1009            4.     -750.E-03    -600.0E-03
          1010            4.    -600.0E-03     -750.E-03
          1011           4.5    -600.0E-03    -600.0E-03
          1012            4.    -450.0E-03    -600.0E-03
          1013            4.    -300.0E-03     -750.E-03
          1014           4.5    -300.0E-03    -600.0E-03
          1015            4.    -150.0E-03    -600.0E-03
          1016            4.            0.     -750.E-03
          1017           4.5           -0.    -600.0E-03
          1018            4.        -1.800    -450.0E-03
          1019            4.        -1.650    -300.0E-03
          1020            4.          -1.5    -450.0E-03
          1021           4.5          -1.5    -300.0E-03
          1022           4.5        -1.800    -300.0E-03
          1023            4.        -1.350    -300.0E-03
          1024            4.        -1.200    -450.0E-03
          1025           4.5        -1.200    -300.0E-03
          1026            4.        -1.050    -300.0E-03
          1027            4.    -900.0E-03    -450.0E-03
          1028           4.5    -900.0E-03    -300.0E-03
          1029            4.     -750.E-03    -300.0E-03
          1030            4.    -600.0E-03    -450.0E-03
          1031           4.5    -600.0E-03    -300.0E-03
          1032            4.    -450.0E-03    -300.0E-03
          1033            4.    -300.0E-03    -450.0E-03
          1034           4.5    -300.0E-03    -300.0E-03
          1035            4.    -150.0E-03    -300.0E-03
          1036            4.           -0.    -450.0E-03
          1037           4.5            0.    -300.0E-03
          1038            4.        -1.800    -150.0E-03
          1039            4.        -1.650           -0.
          1040            4.          -1.5    -150.0E-03
          1041           4.5          -1.5            0.
          1042           4.5        -1.800           -0.
          1043            4.        -1.350           -0.
          1044            4.        -1.200    -150.0E-03
          1045           4.5        -1.200           -0.
          1046            4.        -1.050           -0.
          1047            4.    -900.0E-03    -150.0E-03
          1048           4.5    -900.0E-03           -0.
          1049            4.     -750.E-03           -0.
          1050            4.    -600.0E-03    -150.0E-03
          1051           4.5    -600.0E-03            0.
          1052            4.    -450.0E-03           -0.
          1053            4.    -300.0E-03    -150.0E-03
          1054           4.5    -300.0E-03           -0.
          1055            4.    -150.0E-03           -0.
          1056            4.           -0.    -150.0E-03
          1057           4.5           -0.           -0.
          1058            3.        -1.800        -1.650
          1059            3.        -1.650          -1.5
          1060            3.          -1.5        -1.650
          1061            3.        -1.650        -1.800
          1062           3.5          -1.5        -1.800
          1063           3.5        -1.800        -1.800
          1064           3.5          -1.5          -1.5
          1065           3.5        -1.800          -1.5
          1066            3.        -1.350          -1.5
          1067            3.        -1.200        -1.650
          1068            3.        -1.350        -1.800
          1069           3.5        -1.200        -1.800
          1070           3.5        -1.200          -1.5
          1071            3.        -1.050          -1.5
          1072            3.    -900.0E-03        -1.650
          1073            3.        -1.050        -1.800
          1074           3.5    -900.0E-03        -1.800
          1075           3.5    -900.0E-03          -1.5
          1076            3.     -750.E-03          -1.5
          1077            3.    -600.0E-03        -1.650
          1078            3.     -750.E-03        -1.800
          1079           3.5    -600.0E-03        -1.800
          1080           3.5    -600.0E-03          -1.5
          1081            3.    -450.0E-03          -1.5
          1082            3.    -300.0E-03        -1.650
          1083            3.    -450.0E-03        -1.800
          1084           3.5    -300.0E-03        -1.800
          1085           3.5    -300.0E-03          -1.5
          1086            3.    -150.0E-03          -1.5
          1087            3.            0.        -1.650
          1088            3.    -150.0E-03        -1.800
          1089           3.5           -0.        -1.800
          1090           3.5            0.          -1.5
          1091            3.        -1.800        -1.350
          1092            3.        -1.650        -1.200
          1093            3.          -1.5        -1.350
          1094           3.5          -1.5        -1.200
          1095           3.5        -1.800        -1.200
          1096            3.        -1.350        -1.200
          1097            3.        -1.200        -1.350
          1098           3.5        -1.200        -1.200
          1099            3.        -1.050        -1.200
          1100            3.    -900.0E-03        -1.350
          1101           3.5    -900.0E-03        -1.200
          1102            3.     -750.E-03        -1.200
          1103            3.    -600.0E-03        -1.350
          1104           3.5    -600.0E-03        -1.200
          1105            3.    -450.0E-03        -1.200
          1106            3.    -300.0E-03        -1.350
          1107           3.5    -300.0E-03        -1.200
          1108            3.    -150.0E-03        -1.200
          1109            3.            0.        -1.350
          1110           3.5            0.        -1.200
          1111            3.        -1.800        -1.050
          1112            3.        -1.650    -900.0E-03
          1113            3.          -1.5        -1.050
          1114           3.5          -1.5    -900.0E-03
          1115           3.5        -1.800    -900.0E-03
          1116            3.        -1.350    -900.0E-03
          1117            3.        -1.200        -1.050
          1118           3.5        -1.200    -900.0E-03
          1119            3.        -1.050    -900.0E-03
          1120            3.    -900.0E-03        -1.050
          1121           3.5    -900.0E-03    -900.0E-03
          1122            3.     -750.E-03    -900.0E-03
          1123            3.    -600.0E-03        -1.050
          1124           3.5    -600.0E-03    -900.0E-03
          1125            3.    -450.0E-03    -900.0E-03
          1126            3.    -300.0E-03        -1.050
          1127           3.5    -300.0E-03    -900.0E-03
          1128            3.    -150.0E-03    -900.0E-03
          1129            3.            0.        -1.050
          1130           3.5            0.    -900.0E-03
          1131            3.        -1.800     -750.E-03
          1132            3.        -1.650    -600.0E-03
          1133            3.          -1.5     -750.E-03
          1134           3.5          -1.5    -600.0E-03
          1135           3.5        -1.800    -600.0E-03
          1136            3.        -1.350    -600.0E-03
          1137            3.        -1.200     -750.E-03
          1138           3.5        -1.200    -600.0E-03
          1139            3.        -1.050    -600.0E-03
          1140            3.    -900.0E-03     -750.E-03
          1141           3.5    -900.0E-03    -600.0E-03
          1142            3.     -750.E-03    -600.0E-03
          1143            3.    -600.0E-03     -750.E-03
          1144           3.5    -600.0E-03    -600.0E-03
          1145            3.    -450.0E-03    -600.0E-03
          1146            3.    -300.0E-03     -750.E-03
          1147           3.5    -300.0E-03    -600.0E-03
          1148            3.    -150.0E-03    -600.0E-03
          1149            3.           -0.     -750.E-03
          1150           3.5            0.    -600.0E-03
          1151            3.        -1.800    -450.0E-03
          1152            3.        -1.650    -300.0E-03
          1153            3.          -1.5    -450.0E-03
          1154           3.5          -1.5    -300.0E-03
          1155           3.5        -1.800    -300.0E-03
          1156            3.        -1.350    -300.0E-03
          1157            3.        -1.200    -450.0E-03
          1158           3.5        -1.200    -300.0E-03
          1159            3.        -1.050    -300.0E-03
          1160            3.    -900.0E-03    -450.0E-03
          1161           3.5    -900.0E-03    -300.0E-03
          1162            3.     -750.E-03    -300.0E-03
          1163            3.    -600.0E-03    -450.0E-03
          1164           3.5    -600.0E-03    -300.0E-03
          1165            3.    -450.0E-03    -300.0E-03
          1166            3.    -300.0E-03    -450.0E-03
          1167           3.5    -300.0E-03    -300.0E-03
          1168            3.    -150.0E-03    -300.0E-03
          1169            3.           -0.    -450.0E-03
          1170           3.5           -0.    -300.0E-03
          1171            3.        -1.800    -150.0E-03
          1172            3.        -1.650           -0.
          1173            3.          -1.5    -150.0E-03
          1174           3.5          -1.5           -0.
          1175           3.5        -1.800           -0.
          1176            3.        -1.350           -0.
          1177            3.        -1.200    -150.0E-03
          1178           3.5        -1.200           -0.
          1179            3.        -1.050           -0.
          1180            3.    -900.0E-03    -150.0E-03
          1181           3.5    -900.0E-03            0.
          1182            3.     -750.E-03           -0.
          1183            3.    -600.0E-03    -150.0E-03
          1184           3.5    -600.0E-03           -0.
          1185            3.    -450.0E-03           -0.
          1186            3.    -300.0E-03    -150.0E-03
          1187           3.5    -300.0E-03           -0.
          1188            3.    -150.0E-03           -0.
          1189            3.            0.    -150.0E-03
          1190           3.5            0.           -0.
          1191            2.        -1.800        -1.650
          1192            2.        -1.650          -1.5
          1193            2.          -1.5        -1.650
          1194            2.        -1.650        -1.800
          1195           2.5          -1.5        -1.800
          1196           2.5        -1.800        -1.800
          1197           2.5          -1.5          -1.5
          1198           2.5        -1.800          -1.5
          1199            2.        -1.350          -1.5
          1200            2.        -1.200        -1.650
          1201            2.        -1.350        -1.800
          1202           2.5        -1.200        -1.800
          1203           2.5        -1.200          -1.5
          1204            2.        -1.050          -1.5
          1205            2.    -900.0E-03        -1.650
          1206            2.        -1.050        -1.800
          1207           2.5    -900.0E-03        -1.800
          1208           2.5    -900.0E-03          -1.5
          1209            2.     -750.E-03          -1.5
          1210            2.    -600.0E-03        -1.650
          1211            2.     -750.E-03        -1.800
          1212           2.5    -600.0E-03        -1.800
          1213           2.5    -600.0E-03          -1.5
          1214            2.    -450.0E-03          -1.5
          1215            2.    -300.0E-03        -1.650
          1216            2.    -450.0E-03        -1.800
          1217           2.5    -300.0E-03        -1.800
          1218           2.5    -300.0E-03          -1.5
          1219            2.    -150.0E-03          -1.5
          1220            2.            0.        -1.650
          1221            2.    -150.0E-03        -1.800
          1222           2.5            0.        -1.800
          1223           2.5            0.          -1.5
          1224            2.        -1.800        -1.350
          1225            2.        -1.650        -1.200
          1226            2.          -1.5        -1.350
          1227           2.5          -1.5        -1.200
          1228           2.5        -1.800        -1.200
          1229            2.        -1.350        -1.200
          1230            2.        -1.200        -1.350
          1231           2.5        -1.200        -1.200
          1232            2.        -1.050        -1.200
          1233            2.    -900.0E-03        -1.350
          1234           2.5    -900.0E-03        -1.200
          1235            2.     -750.E-03        -1.200
          1236            2.    -600.0E-03        -1.350
          1237           2.5    -600.0E-03        -1.200
          1238            2.    -450.0E-03        -1.200
          1239            2.    -300.0E-03        -1.350
          1240           2.5    -300.0E-03        -1.200
          1241            2.    -150.0E-03        -1.200
          1242            2.            0.        -1.350
          1243           2.5            0.        -1.200
          1244            2.        -1.800        -1.050
          1245            2.        -1.650    -900.0E-03
          1246            2.          -1.5        -1.050
          1247           2.5          -1.5    -900.0E-03
          1248           2.5        -1.800    -900.0E-03
          1249            2.        -1.350    -900.0E-03
          1250            2.        -1.200        -1.050
          1251           2.5        -1.200    -900.0E-03
          1252            2.        -1.050    -900.0E-03
          1253            2.    -900.0E-03        -1.050
          1254           2.5    -900.0E-03    -900.0E-03
          1255            2.     -750.E-03    -900.0E-03
          1256            2.    -600.0E-03        -1.050
          1257           2.5    -600.0E-03    -900.0E-03
          1258            2.    -450.0E-03    -900.0E-03
          1259            2.    -300.0E-03        -1.050
          1260           2.5    -300.0E-03    -900.0E-03
          1261            2.    -150.0E-03    -900.0E-03
          1262            2.            0.        -1.050
          1263           2.5            0.    -900.0E-03
          1264            2.        -1.800     -750.E-03
          1265            2.        -1.650    -600.0E-03
          1266            2.          -1.5     -750.E-03
          1267           2.5          -1.5    -600.0E-03
          1268           2.5        -1.800    -600.0E-03
          1269            2.        -1.350    -600.0E-03
          1270            2.        -1.200     -750.E-03
          1271           2.5        -1.200    -600.0E-03
          1272            2.        -1.050    -600.0E-03
          1273            2.    -900.0E-03     -750.E-03
          1274           2.5    -900.0E-03    -600.0E-03
          1275            2.     -750.E-03    -600.0E-03
          1276            2.    -600.0E-03     -750.E-03
          1277           2.5    -600.0E-03    -600.0E-03
          1278            2.    -450.0E-03    -600.0E-03
          1279            2.    -300.0E-03     -750.E-03
          1280           2.5    -300.0E-03    -600.0E-03
          1281            2.    -150.0E-03    -600.0E-03
          1282            2.            0.     -750.E-03
          1283           2.5            0.    -600.0E-03
          1284            2.        -1.800    -450.0E-03
          1285            2.        -1.650    -300.0E-03
          1286            2.          -1.5    -450.0E-03
          1287           2.5          -1.5    -300.0E-03
          1288           2.5        -1.800    -300.0E-03
          1289            2.        -1.350    -300.0E-03
          1290            2.        -1.200    -450.0E-03
          1291           2.5        -1.200    -300.0E-03
          1292            2.        -1.050    -300.0E-03
          1293            2.    -900.0E-03    -450.0E-03
          1294           2.5    -900.0E-03    -300.0E-03
          1295            2.     -750.E-03    -300.0E-03
          1296            2.    -600.0E-03    -450.0E-03
          1297           2.5    -600.0E-03    -300.0E-03
          1298            2.    -450.0E-03    -300.0E-03
          1299            2.    -300.0E-03    -450.0E-03
          1300           2.5    -300.0E-03    -300.0E-03
          1301            2.    -150.0E-03    -300.0E-03
          1302            2.            0.    -450.0E-03
          1303           2.5            0.    -300.0E-03
          1304            2.        -1.800    -150.0E-03
          1305            2.        -1.650            0.
          1306            2.          -1.5    -150.0E-03
          1307           2.5          -1.5           -0.
          1308           2.5        -1.800           -0.
          1309            2.        -1.350           -0.
          1310            2.        -1.200    -150.0E-03
          1311           2.5        -1.200           -0.
          1312            2.        -1.050           -0.
          1313            2.    -900.0E-03    -150.0E-03
          1314           2.5    -900.0E-03           -0.
          1315            2.     -750.E-03           -0.
          1316            2.    -600.0E-03    -150.0E-03
          1317           2.5    -600.0E-03           -0.
          1318            2.    -450.0E-03            0.
          1319            2.    -300.0E-03    -150.0E-03
          1320           2.5    -300.0E-03           -0.
          1321            2.    -150.0E-03           -0.
          1322            2.            0.    -150.0E-03
          1323           2.5            0.            0.
          1324            1.        -1.800        -1.650
          1325            1.        -1.650          -1.5
          1326            1.          -1.5        -1.650
          1327            1.        -1.650        -1.800
          1328           1.5          -1.5        -1.800
          1329           1.5        -1.800        -1.800
          1330           1.5          -1.5          -1.5
          1331           1.5        -1.800          -1.5
          1332            1.        -1.350          -1.5
          1333            1.        -1.200        -1.650
          1334            1.        -1.350        -1.800
          1335           1.5        -1.200        -1.800
          1336           1.5        -1.200          -1.5
          1337            1.        -1.050          -1.5
          1338            1.    -900.0E-03        -1.650
          1339            1.        -1.050        -1.800
          1340           1.5    -900.0E-03        -1.800
          1341           1.5    -900.0E-03          -1.5
          1342            1.     -750.E-03          -1.5
          1343            1.    -600.0E-03        -1.650
          1344            1.     -750.E-03        -1.800
          1345           1.5    -600.0E-03        -1.800
          1346           1.5    -600.0E-03          -1.5
          1347            1.    -450.0E-03          -1.5
          1348            1.    -300.0E-03        -1.650
          1349            1.    -450.0E-03        -1.800
          1350           1.5    -300.0E-03        -1.800
          1351           1.5    -300.0E-03          -1.5
          1352            1.    -150.0E-03          -1.5
          1353            1.            0.        -1.650
          1354            1.    -150.0E-03        -1.800
          1355           1.5            0.        -1.800
          1356           1.5            0.          -1.5
          1357            1.        -1.800        -1.350
          1358            1.        -1.650        -1.200
          1359            1.          -1.5        -1.350
          1360           1.5          -1.5        -1.200
          1361           1.5        -1.800        -1.200
          1362            1.        -1.350        -1.200
          1363            1.        -1.200        -1.350
          1364           1.5        -1.200        -1.200
          1365            1.        -1.050        -1.200
          1366            1.    -900.0E-03        -1.350
          1367           1.5    -900.0E-03        -1.200
          1368            1.     -750.E-03        -1.200
          1369            1.    -600.0E-03        -1.350
          1370           1.5    -600.0E-03        -1.200
          1371            1.    -450.0E-03        -1.200
          1372            1.    -300.0E-03        -1.350
          1373           1.5    -300.0E-03        -1.200
          1374            1.    -150.0E-03        -1.200
          1375            1.            0.        -1.350
          1376           1.5            0.        -1.200
          1377            1.        -1.800        -1.050
          1378            1.        -1.650    -900.0E-03
          1379            1.          -1.5        -1.050
          1380           1.5          -1.5    -900.0E-03
          1381           1.5        -1.800    -900.0E-03
          1382            1.        -1.350    -900.0E-03
          1383            1.        -1.200        -1.050
          1384           1.5        -1.200    -900.0E-03
          1385            1.        -1.050    -900.0E-03
          1386            1.    -900.0E-03        -1.050
          1387           1.5    -900.0E-03    -900.0E-03
          1388            1.     -750.E-03    -900.0E-03
          1389            1.    -600.0E-03        -1.050
          1390           1.5    -600.0E-03    -900.0E-03
          1391            1.    -450.0E-03    -900.0E-03
          1392            1.    -300.0E-03        -1.050
          1393           1.5    -300.0E-03    -900.0E-03
          1394            1.    -150.0E-03    -900.0E-03
          1395            1.            0.        -1.050
          1396           1.5            0.    -900.0E-03
          1397            1.        -1.800     -750.E-03
          1398            1.        -1.650    -600.0E-03
          1399            1.          -1.5     -750.E-03
          1400           1.5          -1.5    -600.0E-03
          1401           1.5        -1.800    -600.0E-03
          1402            1.        -1.350    -600.0E-03
          1403            1.        -1.200     -750.E-03
          1404           1.5        -1.200    -600.0E-03
          1405            1.        -1.050    -600.0E-03
          1406            1.    -900.0E-03     -750.E-03
          1407           1.5    -900.0E-03    -600.0E-03
          1408            1.     -750.E-03    -600.0E-03
          1409            1.    -600.0E-03     -750.E-03
          1410           1.5    -600.0E-03    -600.0E-03
          1411            1.    -450.0E-03    -600.0E-03
          1412            1.    -300.0E-03     -750.E-03
          1413           1.5    -300.0E-03    -600.0E-03
          1414            1.    -150.0E-03    -600.0E-03
          1415            1.            0.     -750.E-03
          1416           1.5            0.    -600.0E-03
          1417            1.        -1.800    -450.0E-03
          1418            1.        -1.650    -300.0E-03
          1419            1.          -1.5    -450.0E-03
          1420           1.5          -1.5    -300.0E-03
          1421           1.5        -1.800    -300.0E-03
          1422            1.        -1.350    -300.0E-03
          1423            1.        -1.200    -450.0E-03
          1424           1.5        -1.200    -300.0E-03
          1425            1.        -1.050    -300.0E-03
          1426            1.    -900.0E-03    -450.0E-03
          1427           1.5    -900.0E-03    -300.0E-03
          1428            1.     -750.E-03    -300.0E-03
          1429            1.    -600.0E-03    -450.0E-03
          1430           1.5    -600.0E-03    -300.0E-03
          1431            1.    -450.0E-03    -300.0E-03
          1432            1.    -300.0E-03    -450.0E-03
          1433           1.5    -300.0E-03    -300.0E-03
          1434            1.    -150.0E-03    -300.0E-03
          1435            1.            0.    -450.0E-03
          1436           1.5            0.    -300.0E-03
          1437            1.        -1.800    -150.0E-03
          1438            1.        -1.650            0.
          1439            1.          -1.5    -150.0E-03
          1440           1.5          -1.5           -0.
          1441           1.5        -1.800           -0.
          1442            1.        -1.350           -0.
          1443            1.        -1.200    -150.0E-03
          1444           1.5        -1.200           -0.
          1445            1.        -1.050           -0.
          1446            1.    -900.0E-03    -150.0E-03
          1447           1.5    -900.0E-03           -0.
          1448            1.     -750.E-03           -0.
          1449            1.    -600.0E-03    -150.0E-03
          1450           1.5    -600.0E-03           -0.
          1451            1.    -450.0E-03            0.
          1452            1.    -300.0E-03    -150.0E-03
          1453           1.5    -300.0E-03            0.
          1454            1.    -150.0E-03            0.
          1455            1.            0.    -150.0E-03
          1456           1.5            0.           -0.
          1457            0.        -1.800        -1.650
          1458     66.67E-33        -1.650          -1.5
          1459     66.67E-33          -1.5        -1.650
          1460            0.        -1.650        -1.800
          1461      500.E-03          -1.5        -1.800
          1462      500.E-03        -1.800        -1.800
          1463      500.E-03          -1.5          -1.5
          1464      500.E-03        -1.800          -1.5
          1465     66.67E-33        -1.350          -1.5
          1466     66.67E-33        -1.200        -1.650
          1467            0.        -1.350        -1.800
          1468      500.E-03        -1.200        -1.800
          1469      500.E-03        -1.200          -1.5
          1470     66.67E-33        -1.050          -1.5
          1471     66.67E-33    -900.0E-03        -1.650
          1472            0.        -1.050        -1.800
          1473      500.E-03    -900.0E-03        -1.800
          1474      500.E-03    -900.0E-03          -1.5
          1475     66.67E-33     -750.E-03          -1.5
          1476     66.67E-33    -600.0E-03        -1.650
          1477            0.     -750.E-03        -1.800
          1478      500.E-03    -600.0E-03        -1.800
          1479      500.E-03    -600.0E-03          -1.5
          1480     66.67E-33    -450.0E-03          -1.5
          1481     66.67E-33    -300.0E-03        -1.650
          1482            0.    -450.0E-03        -1.800
          1483      500.E-03    -300.0E-03        -1.800
          1484      500.E-03    -300.0E-03          -1.5
          1485     66.67E-33    -150.0E-03          -1.5
          1486            0.            0.        -1.650
          1487            0.    -150.0E-03        -1.800
          1488      500.E-03            0.        -1.800
          1489      500.E-03            0.          -1.5
          1490            0.        -1.800        -1.350
          1491     66.67E-33        -1.650        -1.200
          1492     66.67E-33          -1.5        -1.350
          1493      500.E-03          -1.5        -1.200
          1494      500.E-03        -1.800        -1.200
          1495     66.67E-33        -1.350        -1.200
          1496     66.67E-33        -1.200        -1.350
          1497      500.E-03        -1.200        -1.200
          1498     66.67E-33        -1.050        -1.200
          1499     66.67E-33    -900.0E-03        -1.350
          1500      500.E-03    -900.0E-03        -1.200
          1501     66.67E-33     -750.E-03        -1.200
          1502     66.67E-33    -600.0E-03        -1.350
          1503      500.E-03    -600.0E-03        -1.200
          1504     66.67E-33    -450.0E-03        -1.200
          1505     66.67E-33    -300.0E-03        -1.350
          1506      500.E-03    -300.0E-03        -1.200
          1507     66.67E-33    -150.0E-03        -1.200
          1508            0.            0.        -1.350
          1509      500.E-03            0.        -1.200
          1510            0.        -1.800        -1.050
          1511     66.67E-33        -1.650    -900.0E-03
          1512     66.67E-33          -1.5        -1.050
          1513      500.E-03          -1.5    -900.0E-03
          1514      500.E-03        -1.800    -900.0E-03
          1515     66.67E-33        -1.350    -900.0E-03
          1516     66.67E-33        -1.200        -1.050
          1517      500.E-03        -1.200    -900.0E-03
          1518     66.67E-33        -1.050    -900.0E-03
          1519     66.67E-33    -900.0E-03        -1.050
          1520      500.E-03    -900.0E-03    -900.0E-03
          1521     66.67E-33     -750.E-03    -900.0E-03
          1522     66.67E-33    -600.0E-03        -1.050
          1523      500.E-03    -600.0E-03    -900.0E-03
          1524     66.67E-33    -450.0E-03    -900.0E-03
          1525     66.67E-33    -300.0E-03        -1.050
          1526      500.E-03    -300.0E-03    -900.0E-03
          1527     66.67E-33    -150.0E-03    -900.0E-03
          1528            0.            0.        -1.050
          1529      500.E-03            0.    -900.0E-03
          1530            0.        -1.800     -750.E-03
          1531     66.67E-33        -1.650    -600.0E-03
          1532     66.67E-33          -1.5     -750.E-03
          1533      500.E-03          -1.5    -600.0E-03
          1534      500.E-03        -1.800    -600.0E-03
          1535     66.67E-33        -1.350    -600.0E-03
          1536     66.67E-33        -1.200     -750.E-03
          1537      500.E-03        -1.200    -600.0E-03
          1538     66.67E-33        -1.050    -600.0E-03
          1539     66.67E-33    -900.0E-03     -750.E-03
          1540      500.E-03    -900.0E-03    -600.0E-03
          1541     66.67E-33     -750.E-03    -600.0E-03
          1542     66.67E-33    -600.0E-03     -750.E-03
          1543      500.E-03    -600.0E-03    -600.0E-03
          1544     66.67E-33    -450.0E-03    -600.0E-03
          1545     66.67E-33    -300.0E-03     -750.E-03
          1546      500.E-03    -300.0E-03    -600.0E-03
          1547     66.67E-33    -150.0E-03    -600.0E-03
          1548            0.            0.     -750.E-03
          1549      500.E-03            0.    -600.0E-03
          1550            0.        -1.800    -450.0E-03
          1551     66.67E-33        -1.650    -300.0E-03
          1552     66.67E-33          -1.5    -450.0E-03
          1553      500.E-03          -1.5    -300.0E-03
          1554      500.E-03        -1.800    -300.0E-03
          1555     66.67E-33        -1.350    -300.0E-03
          1556     66.67E-33        -1.200    -450.0E-03
          1557      500.E-03        -1.200    -300.0E-03
          1558     66.67E-33        -1.050    -300.0E-03
          1559     66.67E-33    -900.0E-03    -450.0E-03
          1560      500.E-03    -900.0E-03    -300.0E-03
          1561     66.67E-33     -750.E-03    -300.0E-03
          1562     66.67E-33    -600.0E-03    -450.0E-03
          1563      500.E-03    -600.0E-03    -300.0E-03
          1564     66.67E-33    -450.0E-03    -300.0E-03
          1565     66.67E-33    -300.0E-03    -450.0E-03
          1566      500.E-03    -300.0E-03    -300.0E-03
          1567     66.67E-33    -150.0E-03    -300.0E-03
          1568            0.            0.    -450.0E-03
          1569      500.E-03            0.    -300.0E-03
          1570            0.        -1.800    -150.0E-03
          1571            0.        -1.650           -0.
          1572     66.67E-33          -1.5    -150.0E-03
          1573      500.E-03          -1.5            0.
          1574      500.E-03        -1.800           -0.
          1575            0.        -1.350           -0.
          1576     66.67E-33        -1.200    -150.0E-03
          1577      500.E-03        -1.200           -0.
          1578            0.        -1.050           -0.
          1579     66.67E-33    -900.0E-03    -150.0E-03
          1580      500.E-03    -900.0E-03            0.
          1581            0.     -750.E-03            0.
          1582     66.67E-33    -600.0E-03    -150.0E-03
          1583      500.E-03    -600.0E-03            0.
          1584            0.    -450.0E-03            0.
          1585     66.67E-33    -300.0E-03    -150.0E-03
          1586      500.E-03    -300.0E-03            0.
          1587            0.    -150.0E-03            0.
          1588            0.            0.    -150.0E-03
          1589      500.E-03            0.            0.


  Minimum         -50.00E-33        -1.800        -1.800
       At Node           433          1574          1488

  Maximum                 8.            0.            0.
       At Node           657          1589          1589

         Total     6.356E+03    -1.430E+03    -1.430E+03


