0.0000000000000000E+00
0.0000000000000000E+00
0.0000000000000000E+00
0.0000000000000000E+00
0.0000000000000000E+00
0.0000000000000000E+00
0.0000000000000000E+00
0.0000000000000000E+00
0.0000000000000000E+00
0.0000000000000000E+00
0.0000000000000000E+00
0.0000000000000000E+00
0.0000000000000000E+00
0.0000000000000000E+00
0.0000000000000000E+00
0.0000000000000000E+00
0.0000000000000000E+00
-1.5000000000000746E-01
-1.5000000000000754E-01
-1.5000000000000718E-01
-1.5000000000000716E-01
-1.5000000000000566E-01
-1.5000000000000613E-01
-1.5000000000000599E-01
-1.5000000000000588E-01
-1.5000000000000549E-01
-1.5000000000000382E-01
-1.5000000000000277E-01
-1.5000000000000305E-01
-1.5000000000000038E-01
-1.5000000000000016E-01
-1.5000000000000066E-01
-1.5000000000000011E-01
-1.4999999999999927E-01
-3.0000000000001487E-01
-3.0000000000001509E-01
-3.0000000000001414E-01
-3.0000000000001353E-01
-3.0000000000001176E-01
-3.0000000000001170E-01
-3.0000000000001165E-01
-3.0000000000000959E-01
-3.0000000000000854E-01
-3.0000000000000882E-01
-3.0000000000000632E-01
-3.0000000000000410E-01
-3.0000000000000188E-01
-2.9999999999999966E-01
-3.0000000000000032E-01
-3.0000000000000054E-01
-3.0000000000000376E-01
-4.5000000000002283E-01
-4.5000000000002288E-01
-4.5000000000002116E-01
-4.5000000000002061E-01
-4.5000000000001833E-01
-4.5000000000001766E-01
-4.5000000000001544E-01
-4.5000000000001450E-01
-4.5000000000001128E-01
-4.5000000000001306E-01
-4.5000000000001017E-01
-4.5000000000000667E-01
-4.5000000000000229E-01
-4.5000000000000062E-01
-4.4999999999999840E-01
-4.5000000000000229E-01
-4.5000000000000179E-01
-6.0000000000003051E-01
-6.0000000000003006E-01
-6.0000000000002829E-01
-6.0000000000002685E-01
-6.0000000000002385E-01
-6.0000000000002196E-01
-6.0000000000001896E-01
-6.0000000000001752E-01
-6.0000000000001430E-01
-6.0000000000001463E-01
-6.0000000000001352E-01
-6.0000000000000997E-01
-6.0000000000000575E-01
-6.0000000000000209E-01
-6.0000000000000053E-01
-6.0000000000000164E-01
-6.0000000000000231E-01
-7.5000000000003741E-01
-7.5000000000003786E-01
-7.5000000000003642E-01
-7.5000000000003397E-01
-7.5000000000003053E-01
-7.5000000000002787E-01
-7.5000000000002376E-01
-7.5000000000002309E-01
-7.5000000000001854E-01
-7.5000000000001932E-01
-7.5000000000001443E-01
-7.5000000000001366E-01
-7.5000000000000677E-01
-7.5000000000000333E-01
-7.4999999999999978E-01
-7.5000000000000033E-01
-7.5000000000000178E-01
-9.0000000000004521E-01
-9.0000000000004476E-01
-9.0000000000004432E-01
-9.0000000000004043E-01
-9.0000000000003677E-01
-9.0000000000003355E-01
-9.0000000000002989E-01
-9.0000000000002789E-01
-9.0000000000002600E-01
-9.0000000000002167E-01
-9.0000000000001945E-01
-9.0000000000001568E-01
-9.0000000000001035E-01
-9.0000000000000346E-01
-9.0000000000000224E-01
-8.9999999999999658E-01
-8.9999999999999825E-01
-1.0500000000000507E+00
-1.0500000000000524E+00
-1.0500000000000491E+00
-1.0500000000000491E+00
-1.0500000000000422E+00
-1.0500000000000411E+00
-1.0500000000000349E+00
-1.0500000000000318E+00
-1.0500000000000260E+00
-1.0500000000000271E+00
-1.0500000000000200E+00
-1.0500000000000174E+00
-1.0500000000000109E+00
-1.0500000000000067E+00
-1.0499999999999994E+00
-1.0499999999999965E+00
-1.0499999999999921E+00
-1.2000000000000541E+00
-1.2000000000000584E+00
-1.2000000000000546E+00
-1.2000000000000546E+00
-1.2000000000000512E+00
-1.2000000000000459E+00
-1.2000000000000419E+00
-1.2000000000000353E+00
-1.2000000000000293E+00
-1.2000000000000288E+00
-1.2000000000000208E+00
-1.2000000000000166E+00
-1.2000000000000133E+00
-1.2000000000000044E+00
-1.1999999999999982E+00
-1.1999999999999946E+00
-1.1999999999999904E+00
-1.3500000000000609E+00
-1.3500000000000631E+00
-1.3500000000000607E+00
-1.3500000000000600E+00
-1.3500000000000540E+00
-1.3500000000000523E+00
-1.3500000000000456E+00
-1.3500000000000418E+00
-1.3500000000000356E+00
-1.3500000000000303E+00
-1.3500000000000218E+00
-1.3500000000000174E+00
-1.3500000000000092E+00
-1.3500000000000036E+00
-1.3499999999999939E+00
-1.3499999999999928E+00
-1.3499999999999865E+00
-1.5000000000000653E+00
-1.5000000000000651E+00
-1.5000000000000646E+00
-1.5000000000000626E+00
-1.5000000000000588E+00
-1.5000000000000564E+00
-1.5000000000000488E+00
-1.5000000000000426E+00
-1.5000000000000389E+00
-1.5000000000000306E+00
-1.5000000000000238E+00
-1.5000000000000135E+00
-1.5000000000000051E+00
-1.4999999999999998E+00
-1.4999999999999929E+00
-1.4999999999999865E+00
-1.4999999999999856E+00
-1.6500000000000685E+00
-1.6500000000000705E+00
-1.6500000000000674E+00
-1.6500000000000674E+00
-1.6500000000000619E+00
-1.6500000000000594E+00
-1.6500000000000496E+00
-1.6500000000000450E+00
-1.6500000000000361E+00
-1.6500000000000332E+00
-1.6500000000000237E+00
-1.6500000000000166E+00
-1.6500000000000035E+00
-1.6499999999999988E+00
-1.6499999999999873E+00
-1.6499999999999859E+00
-1.6499999999999808E+00
-1.8000000000000715E+00
-1.8000000000000707E+00
-1.8000000000000698E+00
-1.8000000000000678E+00
-1.8000000000000638E+00
-1.8000000000000593E+00
-1.8000000000000516E+00
-1.8000000000000451E+00
-1.8000000000000322E+00
-1.8000000000000302E+00
-1.8000000000000234E+00
-1.8000000000000136E+00
-1.8000000000000038E+00
-1.7999999999999960E+00
-1.7999999999999841E+00
-1.7999999999999801E+00
-1.7999999999999716E+00
0.0000000000000000E+00
0.0000000000000000E+00
0.0000000000000000E+00
0.0000000000000000E+00
0.0000000000000000E+00
0.0000000000000000E+00
0.0000000000000000E+00
0.0000000000000000E+00
0.0000000000000000E+00
0.0000000000000000E+00
0.0000000000000000E+00
0.0000000000000000E+00
0.0000000000000000E+00
0.0000000000000000E+00
0.0000000000000000E+00
0.0000000000000000E+00
0.0000000000000000E+00
-1.5000000000000749E-01
-1.5000000000000732E-01
-1.5000000000000741E-01
-1.5000000000000674E-01
-1.5000000000000674E-01
-1.5000000000000616E-01
-1.5000000000000649E-01
-1.5000000000000591E-01
-1.5000000000000599E-01
-1.5000000000000380E-01
-1.5000000000000210E-01
-1.5000000000000238E-01
-1.5000000000000108E-01
-1.4999999999999991E-01
-1.5000000000000002E-01
-1.5000000000000019E-01
-1.5000000000000224E-01
-3.0000000000001492E-01
-3.0000000000001475E-01
-3.0000000000001448E-01
-3.0000000000001315E-01
-3.0000000000001281E-01
-3.0000000000001231E-01
-3.0000000000001054E-01
-3.0000000000001115E-01
-3.0000000000001176E-01
-3.0000000000000698E-01
-3.0000000000000471E-01
-3.0000000000000482E-01
-3.0000000000000171E-01
-3.0000000000000004E-01
-2.9999999999999877E-01
-3.0000000000000132E-01
-3.0000000000000249E-01
-4.5000000000002299E-01
-4.5000000000002227E-01
-4.5000000000002138E-01
-4.5000000000002005E-01
-4.5000000000001850E-01
-4.5000000000001700E-01
-4.5000000000001567E-01
-4.5000000000001344E-01
-4.5000000000001383E-01
-4.5000000000001256E-01
-4.5000000000001006E-01
-4.5000000000000623E-01
-4.5000000000000329E-01
-4.4999999999999979E-01
-4.4999999999999879E-01
-4.5000000000000212E-01
-4.5000000000000462E-01
-6.0000000000003073E-01
-6.0000000000002962E-01
-6.0000000000002762E-01
-6.0000000000002740E-01
-6.0000000000002396E-01
-6.0000000000002185E-01
-6.0000000000001996E-01
-6.0000000000001696E-01
-6.0000000000001363E-01
-6.0000000000001597E-01
-6.0000000000001252E-01
-6.0000000000000864E-01
-6.0000000000000508E-01
-6.0000000000000120E-01
-5.9999999999999953E-01
-6.0000000000000153E-01
-6.0000000000000231E-01
-7.5000000000003797E-01
-7.5000000000003730E-01
-7.5000000000003542E-01
-7.5000000000003308E-01
-7.5000000000002898E-01
-7.5000000000002742E-01
-7.5000000000002409E-01
-7.5000000000002176E-01
-7.5000000000002076E-01
-7.5000000000001765E-01
-7.5000000000001554E-01
-7.5000000000001144E-01
-7.5000000000000788E-01
-7.5000000000000311E-01
-7.4999999999999956E-01
-7.5000000000000011E-01
-7.5000000000000300E-01
-9.0000000000004632E-01
-9.0000000000004432E-01
-9.0000000000004288E-01
-9.0000000000004021E-01
-9.0000000000003566E-01
-9.0000000000003311E-01
-9.0000000000002900E-01
-9.0000000000002545E-01
-9.0000000000002400E-01
-9.0000000000002212E-01
-9.0000000000001845E-01
-9.0000000000001457E-01
-9.0000000000000746E-01
-9.0000000000000446E-01
-8.9999999999999725E-01
-8.9999999999999891E-01
-8.9999999999999636E-01
-1.0500000000000522E+00
-1.0500000000000509E+00
-1.0500000000000498E+00
-1.0500000000000471E+00
-1.0500000000000429E+00
-1.0500000000000396E+00
-1.0500000000000358E+00
-1.0500000000000302E+00
-1.0500000000000298E+00
-1.0500000000000245E+00
-1.0500000000000220E+00
-1.0500000000000147E+00
-1.0500000000000118E+00
-1.0500000000000060E+00
-1.0499999999999998E+00
-1.0499999999999934E+00
-1.0499999999999925E+00
-1.2000000000000575E+00
-1.2000000000000564E+00
-1.2000000000000559E+00
-1.2000000000000544E+00
-1.2000000000000479E+00
-1.2000000000000470E+00
-1.2000000000000408E+00
-1.2000000000000346E+00
-1.2000000000000293E+00
-1.2000000000000277E+00
-1.2000000000000204E+00
-1.2000000000000157E+00
-1.2000000000000124E+00
-1.2000000000000055E+00
-1.1999999999999957E+00
-1.1999999999999922E+00
-1.1999999999999929E+00
-1.3500000000000620E+00
-1.3500000000000614E+00
-1.3500000000000596E+00
-1.3500000000000578E+00
-1.3500000000000545E+00
-1.3500000000000496E+00
-1.3500000000000456E+00
-1.3500000000000389E+00
-1.3500000000000327E+00
-1.3500000000000294E+00
-1.3500000000000227E+00
-1.3500000000000154E+00
-1.3500000000000087E+00
-1.3500000000000016E+00
-1.3499999999999965E+00
-1.3499999999999914E+00
-1.3499999999999905E+00
-1.5000000000000653E+00
-1.5000000000000655E+00
-1.5000000000000626E+00
-1.5000000000000626E+00
-1.5000000000000588E+00
-1.5000000000000542E+00
-1.5000000000000491E+00
-1.5000000000000417E+00
-1.5000000000000364E+00
-1.5000000000000322E+00
-1.5000000000000251E+00
-1.5000000000000158E+00
-1.5000000000000044E+00
-1.4999999999999991E+00
-1.4999999999999929E+00
-1.4999999999999889E+00
-1.4999999999999865E+00
-1.6500000000000687E+00
-1.6500000000000672E+00
-1.6500000000000683E+00
-1.6500000000000654E+00
-1.6500000000000634E+00
-1.6500000000000568E+00
-1.6500000000000510E+00
-1.6500000000000421E+00
-1.6500000000000341E+00
-1.6500000000000310E+00
-1.6500000000000243E+00
-1.6500000000000143E+00
-1.6500000000000032E+00
-1.6499999999999959E+00
-1.6499999999999886E+00
-1.6499999999999828E+00
-1.6499999999999815E+00
-1.8000000000000698E+00
-1.8000000000000704E+00
-1.8000000000000691E+00
-1.8000000000000675E+00
-1.8000000000000642E+00
-1.8000000000000600E+00
-1.8000000000000502E+00
-1.8000000000000442E+00
-1.8000000000000365E+00
-1.8000000000000298E+00
-1.8000000000000214E+00
-1.8000000000000138E+00
-1.8000000000000012E+00
-1.7999999999999940E+00
-1.7999999999999836E+00
-1.7999999999999781E+00
-1.7999999999999745E+00
0.0000000000000000E+00
0.0000000000000000E+00
0.0000000000000000E+00
0.0000000000000000E+00
0.0000000000000000E+00
0.0000000000000000E+00
0.0000000000000000E+00
0.0000000000000000E+00
0.0000000000000000E+00
0.0000000000000000E+00
0.0000000000000000E+00
0.0000000000000000E+00
0.0000000000000000E+00
0.0000000000000000E+00
0.0000000000000000E+00
0.0000000000000000E+00
0.0000000000000000E+00
-1.5000000000000749E-01
-1.5000000000000749E-01
-1.5000000000000741E-01
-1.5000000000000668E-01
-1.5000000000000591E-01
-1.5000000000000635E-01
-1.5000000000000607E-01
-1.5000000000000566E-01
-1.5000000000000654E-01
-1.5000000000000410E-01
-1.5000000000000174E-01
-1.5000000000000221E-01
-1.5000000000000047E-01
-1.4999999999999952E-01
-1.4999999999999974E-01
-1.5000000000000002E-01
-1.4999999999999802E-01
-3.0000000000001498E-01
-3.0000000000001492E-01
-3.0000000000001470E-01
-3.0000000000001414E-01
-3.0000000000001226E-01
-3.0000000000001192E-01
-3.0000000000001170E-01
-3.0000000000000993E-01
-3.0000000000001037E-01
-3.0000000000000854E-01
-3.0000000000000421E-01
-3.0000000000000415E-01
-3.0000000000000332E-01
-3.0000000000000149E-01
-2.9999999999999866E-01
-3.0000000000000121E-01
-3.0000000000000043E-01
-4.5000000000002222E-01
-4.5000000000002233E-01
-4.5000000000002144E-01
-4.5000000000002127E-01
-4.5000000000001850E-01
-4.5000000000001700E-01
-4.5000000000001467E-01
-4.5000000000001428E-01
-4.5000000000001233E-01
-4.5000000000001217E-01
-4.5000000000000956E-01
-4.5000000000000628E-01
-4.5000000000000345E-01
-4.5000000000000295E-01
-4.5000000000000073E-01
-4.5000000000000251E-01
-4.5000000000000423E-01
-6.0000000000002884E-01
-6.0000000000002929E-01
-6.0000000000002818E-01
-6.0000000000002707E-01
-6.0000000000002340E-01
-6.0000000000002174E-01
-6.0000000000001852E-01
-6.0000000000001741E-01
-6.0000000000001819E-01
-6.0000000000001519E-01
-6.0000000000001541E-01
-6.0000000000000708E-01
-6.0000000000000331E-01
-6.0000000000000364E-01
-6.0000000000000209E-01
-6.0000000000000298E-01
-6.0000000000000397E-01
-7.5000000000003730E-01
-7.5000000000003697E-01
-7.5000000000003464E-01
-7.5000000000003286E-01
-7.5000000000002953E-01
-7.5000000000002653E-01
-7.5000000000002365E-01
-7.5000000000002121E-01
-7.5000000000002132E-01
-7.5000000000002032E-01
-7.5000000000001399E-01
-7.5000000000001121E-01
-7.5000000000000622E-01
-7.5000000000000411E-01
-7.5000000000000178E-01
-7.5000000000000011E-01
-7.5000000000000488E-01
-9.0000000000004454E-01
-9.0000000000004376E-01
-9.0000000000004199E-01
-9.0000000000003821E-01
-9.0000000000003488E-01
-9.0000000000003033E-01
-9.0000000000002967E-01
-9.0000000000002300E-01
-9.0000000000002645E-01
-9.0000000000002278E-01
-9.0000000000001901E-01
-9.0000000000001379E-01
-9.0000000000001001E-01
-9.0000000000000391E-01
-9.0000000000000324E-01
-8.9999999999999647E-01
-9.0000000000000080E-01
-1.0500000000000500E+00
-1.0500000000000509E+00
-1.0500000000000480E+00
-1.0500000000000458E+00
-1.0500000000000409E+00
-1.0500000000000369E+00
-1.0500000000000340E+00
-1.0500000000000296E+00
-1.0500000000000262E+00
-1.0500000000000245E+00
-1.0500000000000222E+00
-1.0500000000000147E+00
-1.0500000000000094E+00
-1.0500000000000054E+00
-1.0499999999999989E+00
-1.0499999999999965E+00
-1.0499999999999932E+00
-1.2000000000000557E+00
-1.2000000000000568E+00
-1.2000000000000544E+00
-1.2000000000000486E+00
-1.2000000000000484E+00
-1.2000000000000417E+00
-1.2000000000000404E+00
-1.2000000000000344E+00
-1.2000000000000293E+00
-1.2000000000000268E+00
-1.2000000000000206E+00
-1.2000000000000153E+00
-1.2000000000000113E+00
-1.2000000000000031E+00
-1.1999999999999971E+00
-1.1999999999999920E+00
-1.1999999999999948E+00
-1.3500000000000616E+00
-1.3500000000000603E+00
-1.3500000000000580E+00
-1.3500000000000574E+00
-1.3500000000000500E+00
-1.3500000000000489E+00
-1.3500000000000423E+00
-1.3500000000000369E+00
-1.3500000000000316E+00
-1.3500000000000278E+00
-1.3500000000000190E+00
-1.3500000000000161E+00
-1.3500000000000101E+00
-1.3500000000000025E+00
-1.3499999999999914E+00
-1.3499999999999901E+00
-1.3499999999999883E+00
-1.5000000000000637E+00
-1.5000000000000624E+00
-1.5000000000000620E+00
-1.5000000000000613E+00
-1.5000000000000584E+00
-1.5000000000000528E+00
-1.5000000000000473E+00
-1.5000000000000384E+00
-1.5000000000000322E+00
-1.5000000000000280E+00
-1.5000000000000189E+00
-1.5000000000000144E+00
-1.5000000000000053E+00
-1.5000000000000013E+00
-1.4999999999999896E+00
-1.4999999999999856E+00
-1.4999999999999865E+00
-1.6500000000000661E+00
-1.6500000000000663E+00
-1.6500000000000639E+00
-1.6500000000000643E+00
-1.6500000000000605E+00
-1.6500000000000563E+00
-1.6500000000000488E+00
-1.6500000000000410E+00
-1.6500000000000317E+00
-1.6500000000000286E+00
-1.6500000000000201E+00
-1.6500000000000139E+00
-1.6499999999999981E+00
-1.6499999999999966E+00
-1.6499999999999837E+00
-1.6499999999999813E+00
-1.6499999999999777E+00
-1.8000000000000682E+00
-1.8000000000000671E+00
-1.8000000000000675E+00
-1.8000000000000655E+00
-1.8000000000000620E+00
-1.8000000000000578E+00
-1.8000000000000504E+00
-1.8000000000000416E+00
-1.8000000000000294E+00
-1.8000000000000242E+00
-1.8000000000000203E+00
-1.8000000000000138E+00
-1.7999999999999958E+00
-1.7999999999999963E+00
-1.7999999999999863E+00
-1.7999999999999752E+00
-1.7999999999999647E+00
0.0000000000000000E+00
0.0000000000000000E+00
0.0000000000000000E+00
0.0000000000000000E+00
0.0000000000000000E+00
0.0000000000000000E+00
0.0000000000000000E+00
0.0000000000000000E+00
0.0000000000000000E+00
0.0000000000000000E+00
0.0000000000000000E+00
0.0000000000000000E+00
0.0000000000000000E+00
0.0000000000000000E+00
0.0000000000000000E+00
0.0000000000000000E+00
0.0000000000000000E+00
-1.5000000000000746E-01
-1.5000000000000738E-01
-1.5000000000000727E-01
-1.5000000000000738E-01
-1.5000000000000638E-01
-1.5000000000000616E-01
-1.5000000000000668E-01
-1.5000000000000560E-01
-1.5000000000000493E-01
-1.5000000000000446E-01
-1.5000000000000427E-01
-1.5000000000000263E-01
-1.5000000000000210E-01
-1.5000000000000008E-01
-1.4999999999999974E-01
-1.5000000000000019E-01
-1.5000000000000069E-01
-3.0000000000001475E-01
-3.0000000000001464E-01
-3.0000000000001464E-01
-3.0000000000001403E-01
-3.0000000000001320E-01
-3.0000000000001181E-01
-3.0000000000001098E-01
-3.0000000000001092E-01
-3.0000000000001037E-01
-3.0000000000000865E-01
-3.0000000000000676E-01
-3.0000000000000421E-01
-3.0000000000000410E-01
-3.0000000000000171E-01
-3.0000000000000071E-01
-3.0000000000000110E-01
-3.0000000000000265E-01
-4.5000000000002160E-01
-4.5000000000002222E-01
-4.5000000000002194E-01
-4.5000000000002105E-01
-4.5000000000001938E-01
-4.5000000000001750E-01
-4.5000000000001539E-01
-4.5000000000001439E-01
-4.5000000000001433E-01
-4.5000000000001200E-01
-4.5000000000001134E-01
-4.5000000000000667E-01
-4.5000000000000417E-01
-4.5000000000000334E-01
-4.5000000000000190E-01
-4.5000000000000273E-01
-4.5000000000000429E-01
-6.0000000000002862E-01
-6.0000000000002862E-01
-6.0000000000002851E-01
-6.0000000000002640E-01
-6.0000000000002474E-01
-6.0000000000002185E-01
-6.0000000000002074E-01
-6.0000000000001685E-01
-6.0000000000001796E-01
-6.0000000000001708E-01
-6.0000000000001319E-01
-6.0000000000000842E-01
-6.0000000000000542E-01
-6.0000000000000386E-01
-6.0000000000000364E-01
-6.0000000000000242E-01
-6.0000000000000475E-01
-7.5000000000003619E-01
-7.5000000000003519E-01
-7.5000000000003431E-01
-7.5000000000003164E-01
-7.5000000000003031E-01
-7.5000000000002631E-01
-7.5000000000002431E-01
-7.5000000000002165E-01
-7.5000000000001910E-01
-7.5000000000001854E-01
-7.5000000000001643E-01
-7.5000000000001121E-01
-7.5000000000000921E-01
-7.5000000000000411E-01
-7.5000000000000278E-01
-7.5000000000000044E-01
-7.5000000000000144E-01
-9.0000000000004354E-01
-9.0000000000004188E-01
-9.0000000000003999E-01
-9.0000000000003710E-01
-9.0000000000003400E-01
-9.0000000000003133E-01
-9.0000000000002878E-01
-9.0000000000002656E-01
-9.0000000000002101E-01
-9.0000000000002223E-01
-9.0000000000001901E-01
-9.0000000000001545E-01
-9.0000000000000802E-01
-9.0000000000000469E-01
-8.9999999999999825E-01
-8.9999999999999791E-01
-8.9999999999999492E-01
-1.0500000000000502E+00
-1.0500000000000489E+00
-1.0500000000000465E+00
-1.0500000000000427E+00
-1.0500000000000418E+00
-1.0500000000000365E+00
-1.0500000000000349E+00
-1.0500000000000291E+00
-1.0500000000000269E+00
-1.0500000000000242E+00
-1.0500000000000189E+00
-1.0500000000000154E+00
-1.0500000000000114E+00
-1.0500000000000043E+00
-1.0499999999999992E+00
-1.0499999999999938E+00
-1.0499999999999929E+00
-1.2000000000000555E+00
-1.2000000000000550E+00
-1.2000000000000528E+00
-1.2000000000000488E+00
-1.2000000000000459E+00
-1.2000000000000424E+00
-1.2000000000000370E+00
-1.2000000000000337E+00
-1.2000000000000328E+00
-1.2000000000000237E+00
-1.2000000000000177E+00
-1.2000000000000148E+00
-1.2000000000000137E+00
-1.2000000000000044E+00
-1.1999999999999944E+00
-1.1999999999999911E+00
-1.1999999999999893E+00
-1.3500000000000609E+00
-1.3500000000000605E+00
-1.3500000000000576E+00
-1.3500000000000536E+00
-1.3500000000000514E+00
-1.3500000000000476E+00
-1.3500000000000429E+00
-1.3500000000000369E+00
-1.3500000000000352E+00
-1.3500000000000247E+00
-1.3500000000000205E+00
-1.3500000000000152E+00
-1.3500000000000125E+00
-1.3500000000000019E+00
-1.3499999999999948E+00
-1.3499999999999894E+00
-1.3499999999999874E+00
-1.5000000000000642E+00
-1.5000000000000633E+00
-1.5000000000000611E+00
-1.5000000000000582E+00
-1.5000000000000542E+00
-1.5000000000000535E+00
-1.5000000000000469E+00
-1.5000000000000380E+00
-1.5000000000000335E+00
-1.5000000000000264E+00
-1.5000000000000195E+00
-1.5000000000000127E+00
-1.5000000000000062E+00
-1.4999999999999987E+00
-1.4999999999999936E+00
-1.4999999999999836E+00
-1.4999999999999820E+00
-1.6500000000000665E+00
-1.6500000000000645E+00
-1.6500000000000636E+00
-1.6500000000000614E+00
-1.6500000000000565E+00
-1.6500000000000552E+00
-1.6500000000000492E+00
-1.6500000000000399E+00
-1.6500000000000306E+00
-1.6500000000000237E+00
-1.6500000000000188E+00
-1.6500000000000101E+00
-1.6500000000000030E+00
-1.6499999999999955E+00
-1.6499999999999904E+00
-1.6499999999999808E+00
-1.6499999999999828E+00
-1.8000000000000678E+00
-1.8000000000000660E+00
-1.8000000000000662E+00
-1.8000000000000633E+00
-1.8000000000000578E+00
-1.8000000000000560E+00
-1.8000000000000496E+00
-1.8000000000000420E+00
-1.8000000000000274E+00
-1.8000000000000231E+00
-1.8000000000000163E+00
-1.8000000000000134E+00
-1.7999999999999998E+00
-1.7999999999999929E+00
-1.7999999999999876E+00
-1.7999999999999790E+00
-1.7999999999999783E+00
0.0000000000000000E+00
0.0000000000000000E+00
0.0000000000000000E+00
0.0000000000000000E+00
0.0000000000000000E+00
0.0000000000000000E+00
0.0000000000000000E+00
0.0000000000000000E+00
0.0000000000000000E+00
0.0000000000000000E+00
0.0000000000000000E+00
0.0000000000000000E+00
0.0000000000000000E+00
0.0000000000000000E+00
0.0000000000000000E+00
0.0000000000000000E+00
0.0000000000000000E+00
-1.5000000000000721E-01
-1.5000000000000691E-01
-1.5000000000000749E-01
-1.5000000000000696E-01
-1.5000000000000666E-01
-1.5000000000000668E-01
-1.5000000000000549E-01
-1.5000000000000527E-01
-1.5000000000000446E-01
-1.5000000000000513E-01
-1.5000000000000471E-01
-1.5000000000000258E-01
-1.5000000000000102E-01
-1.5000000000000105E-01
-1.5000000000000055E-01
-1.5000000000000108E-01
-1.4999999999999961E-01
-3.0000000000001392E-01
-3.0000000000001398E-01
-3.0000000000001381E-01
-3.0000000000001431E-01
-3.0000000000001359E-01
-3.0000000000001303E-01
-3.0000000000001126E-01
-3.0000000000001092E-01
-3.0000000000000876E-01
-3.0000000000000843E-01
-3.0000000000000809E-01
-3.0000000000000437E-01
-3.0000000000000271E-01
-3.0000000000000193E-01
-3.0000000000000226E-01
-3.0000000000000310E-01
-3.0000000000000482E-01
-4.5000000000002055E-01
-4.5000000000002066E-01
-4.5000000000002061E-01
-4.5000000000002094E-01
-4.5000000000001922E-01
-4.5000000000001850E-01
-4.5000000000001694E-01
-4.5000000000001483E-01
-4.5000000000001350E-01
-4.5000000000001311E-01
-4.5000000000000900E-01
-4.5000000000000812E-01
-4.5000000000000345E-01
-4.5000000000000362E-01
-4.5000000000000318E-01
-4.5000000000000351E-01
-4.5000000000000334E-01
-6.0000000000002740E-01
-6.0000000000002707E-01
-6.0000000000002762E-01
-6.0000000000002629E-01
-6.0000000000002529E-01
-6.0000000000002240E-01
-6.0000000000002007E-01
-6.0000000000001896E-01
-6.0000000000001563E-01
-6.0000000000001608E-01
-6.0000000000001252E-01
-6.0000000000000975E-01
-6.0000000000000575E-01
-6.0000000000000409E-01
-6.0000000000000064E-01
-6.0000000000000342E-01
-6.0000000000000409E-01
-7.5000000000003453E-01
-7.5000000000003386E-01
-7.5000000000003342E-01
-7.5000000000003175E-01
-7.5000000000002975E-01
-7.5000000000002787E-01
-7.5000000000002565E-01
-7.5000000000002276E-01
-7.5000000000002054E-01
-7.5000000000002021E-01
-7.5000000000001554E-01
-7.5000000000001221E-01
-7.5000000000000788E-01
-7.5000000000000544E-01
-7.4999999999999978E-01
-7.5000000000000089E-01
-7.5000000000000289E-01
-9.0000000000004243E-01
-9.0000000000003977E-01
-9.0000000000003966E-01
-9.0000000000003766E-01
-9.0000000000003511E-01
-9.0000000000003355E-01
-9.0000000000003211E-01
-9.0000000000002600E-01
-9.0000000000002267E-01
-9.0000000000002023E-01
-9.0000000000002034E-01
-9.0000000000001368E-01
-9.0000000000000735E-01
-9.0000000000000258E-01
-9.0000000000000024E-01
-8.9999999999999714E-01
-8.9999999999999869E-01
-1.0500000000000471E+00
-1.0500000000000476E+00
-1.0500000000000451E+00
-1.0500000000000440E+00
-1.0500000000000409E+00
-1.0500000000000402E+00
-1.0500000000000331E+00
-1.0500000000000305E+00
-1.0500000000000211E+00
-1.0500000000000218E+00
-1.0500000000000187E+00
-1.0500000000000149E+00
-1.0500000000000091E+00
-1.0500000000000045E+00
-1.0499999999999996E+00
-1.0499999999999943E+00
-1.0499999999999865E+00
-1.2000000000000546E+00
-1.2000000000000521E+00
-1.2000000000000510E+00
-1.2000000000000484E+00
-1.2000000000000481E+00
-1.2000000000000415E+00
-1.2000000000000368E+00
-1.2000000000000324E+00
-1.2000000000000286E+00
-1.2000000000000226E+00
-1.2000000000000184E+00
-1.2000000000000142E+00
-1.2000000000000137E+00
-1.2000000000000024E+00
-1.1999999999999966E+00
-1.1999999999999877E+00
-1.1999999999999924E+00
-1.3500000000000585E+00
-1.3500000000000585E+00
-1.3500000000000536E+00
-1.3500000000000529E+00
-1.3500000000000505E+00
-1.3500000000000476E+00
-1.3500000000000414E+00
-1.3500000000000356E+00
-1.3500000000000323E+00
-1.3500000000000234E+00
-1.3500000000000159E+00
-1.3500000000000152E+00
-1.3500000000000112E+00
-1.3500000000000005E+00
-1.3499999999999892E+00
-1.3499999999999897E+00
-1.3499999999999885E+00
-1.5000000000000628E+00
-1.5000000000000608E+00
-1.5000000000000577E+00
-1.5000000000000577E+00
-1.5000000000000548E+00
-1.5000000000000497E+00
-1.5000000000000449E+00
-1.5000000000000373E+00
-1.5000000000000284E+00
-1.5000000000000215E+00
-1.5000000000000175E+00
-1.5000000000000104E+00
-1.5000000000000040E+00
-1.4999999999999998E+00
-1.4999999999999936E+00
-1.4999999999999905E+00
-1.4999999999999918E+00
-1.6500000000000645E+00
-1.6500000000000639E+00
-1.6500000000000610E+00
-1.6500000000000592E+00
-1.6500000000000554E+00
-1.6500000000000528E+00
-1.6500000000000477E+00
-1.6500000000000410E+00
-1.6500000000000266E+00
-1.6500000000000234E+00
-1.6500000000000163E+00
-1.6500000000000108E+00
-1.6500000000000004E+00
-1.6500000000000004E+00
-1.6499999999999888E+00
-1.6499999999999881E+00
-1.6499999999999837E+00
-1.8000000000000671E+00
-1.8000000000000649E+00
-1.8000000000000635E+00
-1.8000000000000578E+00
-1.8000000000000553E+00
-1.8000000000000547E+00
-1.8000000000000509E+00
-1.8000000000000413E+00
-1.8000000000000256E+00
-1.8000000000000216E+00
-1.8000000000000165E+00
-1.8000000000000074E+00
-1.8000000000000025E+00
-1.7999999999999936E+00
-1.7999999999999905E+00
-1.7999999999999838E+00
-1.7999999999999754E+00
0.0000000000000000E+00
0.0000000000000000E+00
0.0000000000000000E+00
0.0000000000000000E+00
0.0000000000000000E+00
0.0000000000000000E+00
0.0000000000000000E+00
0.0000000000000000E+00
0.0000000000000000E+00
0.0000000000000000E+00
0.0000000000000000E+00
0.0000000000000000E+00
0.0000000000000000E+00
0.0000000000000000E+00
0.0000000000000000E+00
0.0000000000000000E+00
0.0000000000000000E+00
-1.5000000000000702E-01
-1.5000000000000677E-01
-1.5000000000000663E-01
-1.5000000000000688E-01
-1.5000000000000666E-01
-1.5000000000000646E-01
-1.5000000000000638E-01
-1.5000000000000527E-01
-1.5000000000000549E-01
-1.5000000000000546E-01
-1.5000000000000352E-01
-1.5000000000000235E-01
-1.5000000000000044E-01
-1.5000000000000022E-01
-1.5000000000000274E-01
-1.5000000000000083E-01
-1.4999999999999938E-01
-3.0000000000001398E-01
-3.0000000000001359E-01
-3.0000000000001353E-01
-3.0000000000001326E-01
-3.0000000000001303E-01
-3.0000000000001287E-01
-3.0000000000001203E-01
-3.0000000000000959E-01
-3.0000000000001181E-01
-3.0000000000001048E-01
-3.0000000000000637E-01
-3.0000000000000443E-01
-3.0000000000000215E-01
-3.0000000000000110E-01
-3.0000000000000254E-01
-3.0000000000000299E-01
-3.0000000000000365E-01
-4.5000000000002066E-01
-4.5000000000002027E-01
-4.5000000000002044E-01
-4.5000000000002005E-01
-4.5000000000001950E-01
-4.5000000000001816E-01
-4.5000000000001689E-01
-4.5000000000001583E-01
-4.5000000000001561E-01
-4.5000000000001217E-01
-4.5000000000000995E-01
-4.5000000000000584E-01
-4.5000000000000517E-01
-4.5000000000000212E-01
-4.5000000000000323E-01
-4.5000000000000256E-01
-4.5000000000000628E-01
-6.0000000000002673E-01
-6.0000000000002640E-01
-6.0000000000002673E-01
-6.0000000000002707E-01
-6.0000000000002551E-01
-6.0000000000002263E-01
-6.0000000000002129E-01
-6.0000000000002029E-01
-6.0000000000001774E-01
-6.0000000000001552E-01
-6.0000000000001197E-01
-6.0000000000000886E-01
-6.0000000000000575E-01
-6.0000000000000286E-01
-6.0000000000000409E-01
-6.0000000000000253E-01
-6.0000000000000342E-01
-7.5000000000003442E-01
-7.5000000000003308E-01
-7.5000000000003342E-01
-7.5000000000003220E-01
-7.5000000000003031E-01
-7.5000000000002787E-01
-7.5000000000002620E-01
-7.5000000000002365E-01
-7.5000000000002121E-01
-7.5000000000002054E-01
-7.5000000000001521E-01
-7.5000000000001210E-01
-7.5000000000000755E-01
-7.5000000000000089E-01
-7.5000000000000033E-01
-7.5000000000000233E-01
-7.5000000000000633E-01
-9.0000000000004154E-01
-9.0000000000004154E-01
-9.0000000000003721E-01
-9.0000000000003577E-01
-9.0000000000003511E-01
-9.0000000000003411E-01
-9.0000000000003066E-01
-9.0000000000002800E-01
-9.0000000000002311E-01
-9.0000000000002356E-01
-9.0000000000001756E-01
-9.0000000000001368E-01
-9.0000000000000902E-01
-9.0000000000000124E-01
-8.9999999999999591E-01
-8.9999999999999891E-01
-9.0000000000000602E-01
-1.0500000000000482E+00
-1.0500000000000471E+00
-1.0500000000000447E+00
-1.0500000000000420E+00
-1.0500000000000420E+00
-1.0500000000000387E+00
-1.0500000000000356E+00
-1.0500000000000298E+00
-1.0500000000000262E+00
-1.0500000000000236E+00
-1.0500000000000200E+00
-1.0500000000000143E+00
-1.0500000000000098E+00
-1.0500000000000065E+00
-1.0500000000000045E+00
-1.0499999999999932E+00
-1.0499999999999934E+00
-1.2000000000000512E+00
-1.2000000000000521E+00
-1.2000000000000490E+00
-1.2000000000000481E+00
-1.2000000000000455E+00
-1.2000000000000428E+00
-1.2000000000000375E+00
-1.2000000000000297E+00
-1.2000000000000266E+00
-1.2000000000000248E+00
-1.2000000000000182E+00
-1.2000000000000144E+00
-1.2000000000000117E+00
-1.2000000000000051E+00
-1.2000000000000015E+00
-1.1999999999999929E+00
-1.1999999999999860E+00
-1.3500000000000576E+00
-1.3500000000000556E+00
-1.3500000000000540E+00
-1.3500000000000523E+00
-1.3500000000000520E+00
-1.3500000000000452E+00
-1.3500000000000398E+00
-1.3500000000000325E+00
-1.3500000000000278E+00
-1.3500000000000221E+00
-1.3500000000000192E+00
-1.3500000000000145E+00
-1.3500000000000103E+00
-1.3500000000000028E+00
-1.3499999999999936E+00
-1.3499999999999912E+00
-1.3499999999999943E+00
-1.5000000000000593E+00
-1.5000000000000597E+00
-1.5000000000000562E+00
-1.5000000000000546E+00
-1.5000000000000520E+00
-1.5000000000000488E+00
-1.5000000000000420E+00
-1.5000000000000369E+00
-1.5000000000000291E+00
-1.5000000000000222E+00
-1.5000000000000153E+00
-1.5000000000000129E+00
-1.5000000000000113E+00
-1.5000000000000016E+00
-1.4999999999999949E+00
-1.4999999999999902E+00
-1.4999999999999876E+00
-1.6500000000000632E+00
-1.6500000000000612E+00
-1.6500000000000585E+00
-1.6500000000000563E+00
-1.6500000000000521E+00
-1.6500000000000492E+00
-1.6500000000000454E+00
-1.6500000000000370E+00
-1.6500000000000294E+00
-1.6500000000000206E+00
-1.6500000000000168E+00
-1.6500000000000106E+00
-1.6500000000000066E+00
-1.6499999999999995E+00
-1.6499999999999939E+00
-1.6499999999999866E+00
-1.6499999999999870E+00
-1.8000000000000635E+00
-1.8000000000000629E+00
-1.8000000000000593E+00
-1.8000000000000593E+00
-1.8000000000000524E+00
-1.8000000000000518E+00
-1.8000000000000462E+00
-1.8000000000000393E+00
-1.8000000000000280E+00
-1.8000000000000203E+00
-1.8000000000000131E+00
-1.8000000000000136E+00
-1.7999999999999992E+00
-1.7999999999999967E+00
-1.7999999999999909E+00
-1.7999999999999849E+00
-1.7999999999999825E+00
0.0000000000000000E+00
0.0000000000000000E+00
0.0000000000000000E+00
0.0000000000000000E+00
0.0000000000000000E+00
0.0000000000000000E+00
0.0000000000000000E+00
0.0000000000000000E+00
0.0000000000000000E+00
0.0000000000000000E+00
0.0000000000000000E+00
0.0000000000000000E+00
0.0000000000000000E+00
0.0000000000000000E+00
0.0000000000000000E+00
0.0000000000000000E+00
0.0000000000000000E+00
-1.5000000000000682E-01
-1.5000000000000666E-01
-1.5000000000000613E-01
-1.5000000000000654E-01
-1.5000000000000660E-01
-1.5000000000000688E-01
-1.5000000000000530E-01
-1.5000000000000580E-01
-1.5000000000000635E-01
-1.5000000000000602E-01
-1.5000000000000521E-01
-1.5000000000000008E-01
-1.4999999999999752E-01
-1.5000000000000185E-01
-1.5000000000000105E-01
-1.5000000000000041E-01
-1.4999999999999852E-01
-3.0000000000001287E-01
-3.0000000000001409E-01
-3.0000000000001265E-01
-3.0000000000001242E-01
-3.0000000000001398E-01
-3.0000000000001192E-01
-3.0000000000001004E-01
-3.0000000000001176E-01
-3.0000000000001226E-01
-3.0000000000001037E-01
-3.0000000000000820E-01
-3.0000000000000282E-01
-2.9999999999999816E-01
-2.9999999999999699E-01
-3.0000000000000154E-01
-3.0000000000000215E-01
-3.0000000000000354E-01
-4.5000000000001950E-01
-4.5000000000001977E-01
-4.5000000000001922E-01
-4.5000000000001977E-01
-4.5000000000001950E-01
-4.5000000000001705E-01
-4.5000000000001666E-01
-4.5000000000001594E-01
-4.5000000000001766E-01
-4.5000000000001333E-01
-4.5000000000000806E-01
-4.5000000000000656E-01
-4.4999999999999979E-01
-4.4999999999999907E-01
-4.5000000000000029E-01
-4.5000000000000373E-01
-4.5000000000000029E-01
-6.0000000000002662E-01
-6.0000000000002540E-01
-6.0000000000002562E-01
-6.0000000000002607E-01
-6.0000000000002585E-01
-6.0000000000002096E-01
-6.0000000000002174E-01
-6.0000000000002074E-01
-6.0000000000001785E-01
-6.0000000000001563E-01
-6.0000000000001041E-01
-6.0000000000001041E-01
-6.0000000000000275E-01
-5.9999999999999842E-01
-5.9999999999999920E-01
-6.0000000000000409E-01
-6.0000000000000842E-01
-7.5000000000003286E-01
-7.5000000000003253E-01
-7.5000000000003175E-01
-7.5000000000003197E-01
-7.5000000000003075E-01
-7.5000000000002776E-01
-7.5000000000002576E-01
-7.5000000000002520E-01
-7.5000000000002109E-01
-7.5000000000002187E-01
-7.5000000000001366E-01
-7.5000000000001077E-01
-7.5000000000000311E-01
-7.5000000000000089E-01
-7.4999999999999989E-01
-7.5000000000000289E-01
-7.5000000000000677E-01
-9.0000000000004010E-01
-9.0000000000003832E-01
-9.0000000000003866E-01
-9.0000000000003677E-01
-9.0000000000003588E-01
-9.0000000000003255E-01
-9.0000000000003100E-01
-9.0000000000002811E-01
-9.0000000000002456E-01
-9.0000000000002267E-01
-9.0000000000001601E-01
-9.0000000000001412E-01
-9.0000000000000446E-01
-9.0000000000000091E-01
-8.9999999999999913E-01
-9.0000000000000036E-01
-9.0000000000001001E-01
-1.0500000000000456E+00
-1.0500000000000447E+00
-1.0500000000000407E+00
-1.0500000000000418E+00
-1.0500000000000393E+00
-1.0500000000000376E+00
-1.0500000000000305E+00
-1.0500000000000322E+00
-1.0500000000000256E+00
-1.0500000000000236E+00
-1.0500000000000200E+00
-1.0500000000000154E+00
-1.0500000000000065E+00
-1.0500000000000074E+00
-1.0499999999999989E+00
-1.0499999999999994E+00
-1.0499999999999963E+00
-1.2000000000000492E+00
-1.2000000000000521E+00
-1.2000000000000459E+00
-1.2000000000000453E+00
-1.2000000000000457E+00
-1.2000000000000379E+00
-1.2000000000000346E+00
-1.2000000000000333E+00
-1.2000000000000244E+00
-1.2000000000000277E+00
-1.2000000000000259E+00
-1.2000000000000166E+00
-1.2000000000000060E+00
-1.2000000000000111E+00
-1.2000000000000033E+00
-1.1999999999999948E+00
-1.1999999999999875E+00
-1.3500000000000532E+00
-1.3500000000000560E+00
-1.3500000000000483E+00
-1.3500000000000507E+00
-1.3500000000000461E+00
-1.3500000000000416E+00
-1.3500000000000398E+00
-1.3500000000000341E+00
-1.3500000000000270E+00
-1.3500000000000285E+00
-1.3500000000000163E+00
-1.3500000000000165E+00
-1.3500000000000147E+00
-1.3500000000000074E+00
-1.3499999999999941E+00
-1.3499999999999945E+00
-1.3499999999999865E+00
-1.5000000000000588E+00
-1.5000000000000535E+00
-1.5000000000000540E+00
-1.5000000000000511E+00
-1.5000000000000524E+00
-1.5000000000000446E+00
-1.5000000000000426E+00
-1.5000000000000313E+00
-1.5000000000000271E+00
-1.5000000000000213E+00
-1.5000000000000195E+00
-1.5000000000000102E+00
-1.5000000000000124E+00
-1.5000000000000040E+00
-1.4999999999999909E+00
-1.4999999999999900E+00
-1.4999999999999900E+00
-1.6500000000000563E+00
-1.6500000000000603E+00
-1.6500000000000572E+00
-1.6500000000000545E+00
-1.6500000000000523E+00
-1.6500000000000463E+00
-1.6500000000000445E+00
-1.6500000000000363E+00
-1.6500000000000239E+00
-1.6500000000000175E+00
-1.6500000000000157E+00
-1.6500000000000183E+00
-1.6500000000000004E+00
-1.6500000000000041E+00
-1.6499999999999893E+00
-1.6499999999999875E+00
-1.6499999999999833E+00
-1.8000000000000604E+00
-1.8000000000000620E+00
-1.8000000000000616E+00
-1.8000000000000553E+00
-1.8000000000000549E+00
-1.8000000000000480E+00
-1.8000000000000440E+00
-1.8000000000000416E+00
-1.8000000000000194E+00
-1.8000000000000163E+00
-1.8000000000000236E+00
-1.8000000000000116E+00
-1.8000000000000123E+00
-1.7999999999999969E+00
-1.7999999999999967E+00
-1.7999999999999792E+00
-1.7999999999999825E+00
0.0000000000000000E+00
0.0000000000000000E+00
0.0000000000000000E+00
0.0000000000000000E+00
0.0000000000000000E+00
0.0000000000000000E+00
0.0000000000000000E+00
0.0000000000000000E+00
0.0000000000000000E+00
0.0000000000000000E+00
0.0000000000000000E+00
0.0000000000000000E+00
0.0000000000000000E+00
0.0000000000000000E+00
0.0000000000000000E+00
0.0000000000000000E+00
0.0000000000000000E+00
-1.5000000000000679E-01
-1.5000000000000657E-01
-1.5000000000000632E-01
-1.5000000000000571E-01
-1.5000000000000602E-01
-1.5000000000000605E-01
-1.5000000000000444E-01
-1.5000000000000491E-01
-1.5000000000000571E-01
-1.5000000000000535E-01
-1.5000000000000349E-01
-1.5000000000000108E-01
-1.5000000000000011E-01
-1.4999999999999958E-01
-1.5000000000000061E-01
-1.4999999999999900E-01
-1.4999999999999786E-01
-3.0000000000001348E-01
-3.0000000000001320E-01
-3.0000000000001248E-01
-3.0000000000001220E-01
-3.0000000000001231E-01
-3.0000000000001170E-01
-3.0000000000001048E-01
-3.0000000000000981E-01
-3.0000000000001131E-01
-3.0000000000001054E-01
-3.0000000000000576E-01
-3.0000000000000215E-01
-2.9999999999999921E-01
-2.9999999999999838E-01
-2.9999999999999977E-01
-2.9999999999999971E-01
-2.9999999999999744E-01
-4.5000000000002022E-01
-4.5000000000001983E-01
-4.5000000000001927E-01
-4.5000000000001905E-01
-4.5000000000001839E-01
-4.5000000000001650E-01
-4.5000000000001728E-01
-4.5000000000001589E-01
-4.5000000000001500E-01
-4.5000000000001267E-01
-4.5000000000000817E-01
-4.5000000000000506E-01
-4.5000000000000168E-01
-4.4999999999999785E-01
-4.5000000000000046E-01
-4.5000000000000029E-01
-4.4999999999999979E-01
-6.0000000000002629E-01
-6.0000000000002685E-01
-6.0000000000002518E-01
-6.0000000000002496E-01
-6.0000000000002307E-01
-6.0000000000002218E-01
-6.0000000000002085E-01
-6.0000000000002207E-01
-6.0000000000001763E-01
-6.0000000000001408E-01
-6.0000000000001108E-01
-6.0000000000000975E-01
-6.0000000000000409E-01
-5.9999999999999953E-01
-5.9999999999999865E-01
-6.0000000000000187E-01
-6.0000000000000409E-01
-7.5000000000003297E-01
-7.5000000000003186E-01
-7.5000000000003131E-01
-7.5000000000003042E-01
-7.5000000000002964E-01
-7.5000000000002776E-01
-7.5000000000002565E-01
-7.5000000000002498E-01
-7.5000000000002165E-01
-7.5000000000001610E-01
-7.5000000000001532E-01
-7.5000000000001155E-01
-7.5000000000000899E-01
-7.5000000000000278E-01
-7.4999999999999967E-01
-7.5000000000000078E-01
-7.5000000000000466E-01
-9.0000000000003844E-01
-9.0000000000003733E-01
-9.0000000000003488E-01
-9.0000000000003499E-01
-9.0000000000003388E-01
-9.0000000000003244E-01
-9.0000000000002811E-01
-9.0000000000002789E-01
-9.0000000000002423E-01
-9.0000000000002001E-01
-9.0000000000001457E-01
-9.0000000000001468E-01
-9.0000000000000924E-01
-9.0000000000000424E-01
-9.0000000000000047E-01
-9.0000000000000135E-01
-9.0000000000000036E-01
-1.0500000000000442E+00
-1.0500000000000436E+00
-1.0500000000000425E+00
-1.0500000000000393E+00
-1.0500000000000400E+00
-1.0500000000000356E+00
-1.0500000000000325E+00
-1.0500000000000302E+00
-1.0500000000000274E+00
-1.0500000000000220E+00
-1.0500000000000203E+00
-1.0500000000000147E+00
-1.0500000000000120E+00
-1.0500000000000069E+00
-1.0500000000000005E+00
-1.0499999999999994E+00
-1.0499999999999983E+00
-1.2000000000000504E+00
-1.2000000000000486E+00
-1.2000000000000464E+00
-1.2000000000000444E+00
-1.2000000000000417E+00
-1.2000000000000404E+00
-1.2000000000000370E+00
-1.2000000000000337E+00
-1.2000000000000295E+00
-1.2000000000000244E+00
-1.2000000000000186E+00
-1.2000000000000159E+00
-1.2000000000000124E+00
-1.2000000000000108E+00
-1.2000000000000013E+00
-1.1999999999999971E+00
-1.1999999999999913E+00
-1.3500000000000554E+00
-1.3500000000000523E+00
-1.3500000000000512E+00
-1.3500000000000487E+00
-1.3500000000000469E+00
-1.3500000000000418E+00
-1.3500000000000396E+00
-1.3500000000000352E+00
-1.3500000000000334E+00
-1.3500000000000256E+00
-1.3500000000000223E+00
-1.3500000000000154E+00
-1.3500000000000116E+00
-1.3500000000000070E+00
-1.3500000000000014E+00
-1.3499999999999936E+00
-1.3499999999999919E+00
-1.5000000000000566E+00
-1.5000000000000564E+00
-1.5000000000000520E+00
-1.5000000000000537E+00
-1.5000000000000497E+00
-1.5000000000000431E+00
-1.5000000000000429E+00
-1.5000000000000384E+00
-1.5000000000000322E+00
-1.5000000000000280E+00
-1.5000000000000215E+00
-1.5000000000000144E+00
-1.5000000000000098E+00
-1.5000000000000051E+00
-1.4999999999999964E+00
-1.4999999999999920E+00
-1.4999999999999871E+00
-1.6500000000000594E+00
-1.6500000000000576E+00
-1.6500000000000559E+00
-1.6500000000000530E+00
-1.6500000000000496E+00
-1.6500000000000465E+00
-1.6500000000000463E+00
-1.6500000000000394E+00
-1.6500000000000319E+00
-1.6500000000000239E+00
-1.6500000000000206E+00
-1.6500000000000143E+00
-1.6500000000000103E+00
-1.6500000000000026E+00
-1.6499999999999946E+00
-1.6499999999999868E+00
-1.6499999999999841E+00
-1.8000000000000602E+00
-1.8000000000000604E+00
-1.8000000000000582E+00
-1.8000000000000533E+00
-1.8000000000000511E+00
-1.8000000000000498E+00
-1.8000000000000462E+00
-1.8000000000000407E+00
-1.8000000000000314E+00
-1.8000000000000200E+00
-1.8000000000000189E+00
-1.8000000000000140E+00
-1.8000000000000060E+00
-1.8000000000000009E+00
-1.7999999999999894E+00
-1.7999999999999849E+00
-1.7999999999999825E+00
0.0000000000000000E+00
0.0000000000000000E+00
0.0000000000000000E+00
0.0000000000000000E+00
0.0000000000000000E+00
0.0000000000000000E+00
0.0000000000000000E+00
0.0000000000000000E+00
0.0000000000000000E+00
0.0000000000000000E+00
0.0000000000000000E+00
0.0000000000000000E+00
0.0000000000000000E+00
0.0000000000000000E+00
0.0000000000000000E+00
0.0000000000000000E+00
0.0000000000000000E+00
-1.5000000000000691E-01
-1.5000000000000660E-01
-1.5000000000000635E-01
-1.5000000000000599E-01
-1.5000000000000621E-01
-1.5000000000000535E-01
-1.5000000000000552E-01
-1.5000000000000577E-01
-1.5000000000000610E-01
-1.5000000000000521E-01
-1.5000000000000249E-01
-1.5000000000000102E-01
-1.5000000000000099E-01
-1.5000000000000038E-01
-1.4999999999999997E-01
-1.4999999999999811E-01
-1.4999999999999813E-01
-3.0000000000001359E-01
-3.0000000000001320E-01
-3.0000000000001315E-01
-3.0000000000001192E-01
-3.0000000000001181E-01
-3.0000000000001176E-01
-3.0000000000000976E-01
-3.0000000000001192E-01
-3.0000000000001154E-01
-3.0000000000000854E-01
-3.0000000000000554E-01
-3.0000000000000343E-01
-3.0000000000000038E-01
-2.9999999999999949E-01
-3.0000000000000082E-01
-2.9999999999999755E-01
-2.9999999999999860E-01
-4.5000000000001994E-01
-4.5000000000002077E-01
-4.5000000000001877E-01
-4.5000000000001833E-01
-4.5000000000001733E-01
-4.5000000000001722E-01
-4.5000000000001672E-01
-4.5000000000001678E-01
-4.5000000000001478E-01
-4.5000000000001283E-01
-4.5000000000000728E-01
-4.5000000000000506E-01
-4.5000000000000168E-01
-4.5000000000000051E-01
-4.4999999999999962E-01
-4.4999999999999951E-01
-4.4999999999999885E-01
-6.0000000000002707E-01
-6.0000000000002640E-01
-6.0000000000002529E-01
-6.0000000000002385E-01
-6.0000000000002263E-01
-6.0000000000002229E-01
-6.0000000000002152E-01
-6.0000000000002063E-01
-6.0000000000001741E-01
-6.0000000000001541E-01
-6.0000000000001197E-01
-6.0000000000000875E-01
-6.0000000000000453E-01
-6.0000000000000098E-01
-5.9999999999999842E-01
-5.9999999999999798E-01
-6.0000000000000375E-01
-7.5000000000003131E-01
-7.5000000000003264E-01
-7.5000000000003009E-01
-7.5000000000002931E-01
-7.5000000000002842E-01
-7.5000000000002798E-01
-7.5000000000002509E-01
-7.5000000000002376E-01
-7.5000000000001910E-01
-7.5000000000001810E-01
-7.5000000000001388E-01
-7.5000000000001232E-01
-7.5000000000000611E-01
-7.5000000000000355E-01
-7.5000000000000000E-01
-7.5000000000000011E-01
-7.4999999999999956E-01
-9.0000000000003755E-01
-9.0000000000003633E-01
-9.0000000000003677E-01
-9.0000000000003333E-01
-9.0000000000003388E-01
-9.0000000000003322E-01
-9.0000000000002822E-01
-9.0000000000002756E-01
-9.0000000000002378E-01
-9.0000000000001867E-01
-9.0000000000001634E-01
-9.0000000000001323E-01
-9.0000000000000935E-01
-9.0000000000000591E-01
-9.0000000000000291E-01
-9.0000000000000113E-01
-9.0000000000000002E-01
-1.0500000000000429E+00
-1.0500000000000425E+00
-1.0500000000000416E+00
-1.0500000000000400E+00
-1.0500000000000378E+00
-1.0500000000000371E+00
-1.0500000000000314E+00
-1.0500000000000318E+00
-1.0500000000000278E+00
-1.0500000000000236E+00
-1.0500000000000180E+00
-1.0500000000000156E+00
-1.0500000000000094E+00
-1.0500000000000087E+00
-1.0500000000000014E+00
-1.0499999999999998E+00
-1.0499999999999969E+00
-1.2000000000000479E+00
-1.2000000000000477E+00
-1.2000000000000459E+00
-1.2000000000000448E+00
-1.2000000000000417E+00
-1.2000000000000419E+00
-1.2000000000000370E+00
-1.2000000000000348E+00
-1.2000000000000277E+00
-1.2000000000000253E+00
-1.2000000000000210E+00
-1.2000000000000157E+00
-1.2000000000000117E+00
-1.2000000000000062E+00
-1.2000000000000015E+00
-1.1999999999999971E+00
-1.2000000000000004E+00
-1.3500000000000532E+00
-1.3500000000000525E+00
-1.3500000000000489E+00
-1.3500000000000487E+00
-1.3500000000000443E+00
-1.3500000000000425E+00
-1.3500000000000416E+00
-1.3500000000000381E+00
-1.3500000000000294E+00
-1.3500000000000265E+00
-1.3500000000000203E+00
-1.3500000000000174E+00
-1.3500000000000092E+00
-1.3500000000000056E+00
-1.3500000000000008E+00
-1.3499999999999956E+00
-1.3499999999999905E+00
-1.5000000000000575E+00
-1.5000000000000555E+00
-1.5000000000000548E+00
-1.5000000000000493E+00
-1.5000000000000506E+00
-1.5000000000000457E+00
-1.5000000000000457E+00
-1.5000000000000393E+00
-1.5000000000000331E+00
-1.5000000000000273E+00
-1.5000000000000218E+00
-1.5000000000000153E+00
-1.5000000000000075E+00
-1.5000000000000040E+00
-1.4999999999999993E+00
-1.4999999999999913E+00
-1.4999999999999873E+00
-1.6500000000000583E+00
-1.6500000000000605E+00
-1.6500000000000565E+00
-1.6500000000000554E+00
-1.6500000000000521E+00
-1.6500000000000490E+00
-1.6500000000000474E+00
-1.6500000000000430E+00
-1.6500000000000361E+00
-1.6500000000000279E+00
-1.6500000000000217E+00
-1.6500000000000166E+00
-1.6500000000000072E+00
-1.6500000000000028E+00
-1.6499999999999937E+00
-1.6499999999999919E+00
-1.6499999999999886E+00
-1.8000000000000624E+00
-1.8000000000000613E+00
-1.8000000000000600E+00
-1.8000000000000560E+00
-1.8000000000000562E+00
-1.8000000000000500E+00
-1.8000000000000513E+00
-1.8000000000000420E+00
-1.8000000000000420E+00
-1.8000000000000269E+00
-1.8000000000000251E+00
-1.8000000000000156E+00
-1.8000000000000096E+00
-1.7999999999999996E+00
-1.7999999999999918E+00
-1.7999999999999869E+00
-1.7999999999999892E+00
0.0000000000000000E+00
0.0000000000000000E+00
0.0000000000000000E+00
0.0000000000000000E+00
0.0000000000000000E+00
0.0000000000000000E+00
0.0000000000000000E+00
0.0000000000000000E+00
0.0000000000000000E+00
0.0000000000000000E+00
0.0000000000000000E+00
0.0000000000000000E+00
0.0000000000000000E+00
0.0000000000000000E+00
0.0000000000000000E+00
0.0000000000000000E+00
0.0000000000000000E+00
-1.5000000000000688E-01
-1.5000000000000677E-01
-1.5000000000000605E-01
-1.5000000000000627E-01
-1.5000000000000577E-01
-1.5000000000000582E-01
-1.5000000000000602E-01
-1.5000000000000591E-01
-1.5000000000000574E-01
-1.5000000000000402E-01
-1.5000000000000369E-01
-1.5000000000000266E-01
-1.5000000000000133E-01
-1.4999999999999952E-01
-1.4999999999999930E-01
-1.4999999999999863E-01
-1.5000000000000088E-01
-3.0000000000001437E-01
-3.0000000000001370E-01
-3.0000000000001276E-01
-3.0000000000001231E-01
-3.0000000000001142E-01
-3.0000000000001126E-01
-3.0000000000001159E-01
-3.0000000000001087E-01
-3.0000000000001148E-01
-3.0000000000000859E-01
-3.0000000000000610E-01
-3.0000000000000349E-01
-3.0000000000000182E-01
-2.9999999999999993E-01
-2.9999999999999688E-01
-2.9999999999999855E-01
-2.9999999999999832E-01
-4.5000000000002127E-01
-4.5000000000002111E-01
-4.5000000000001944E-01
-4.5000000000001850E-01
-4.5000000000001672E-01
-4.5000000000001628E-01
-4.5000000000001628E-01
-4.5000000000001572E-01
-4.5000000000001528E-01
-4.5000000000001289E-01
-4.5000000000000795E-01
-4.5000000000000356E-01
-4.5000000000000284E-01
-4.5000000000000118E-01
-4.4999999999999990E-01
-4.4999999999999868E-01
-4.4999999999999812E-01
-6.0000000000002762E-01
-6.0000000000002685E-01
-6.0000000000002529E-01
-6.0000000000002374E-01
-6.0000000000002174E-01
-6.0000000000002163E-01
-6.0000000000002129E-01
-6.0000000000001941E-01
-6.0000000000001685E-01
-6.0000000000001663E-01
-6.0000000000001041E-01
-6.0000000000000575E-01
-6.0000000000000442E-01
-6.0000000000000397E-01
-6.0000000000000109E-01
-5.9999999999999920E-01
-5.9999999999999698E-01
-7.5000000000003386E-01
-7.5000000000003275E-01
-7.5000000000003131E-01
-7.5000000000002975E-01
-7.5000000000002798E-01
-7.5000000000002787E-01
-7.5000000000002709E-01
-7.5000000000002232E-01
-7.5000000000002154E-01
-7.5000000000001787E-01
-7.5000000000001621E-01
-7.5000000000000966E-01
-7.5000000000000755E-01
-7.5000000000000566E-01
-7.5000000000000222E-01
-7.5000000000000011E-01
-7.5000000000000056E-01
-9.0000000000003733E-01
-9.0000000000003744E-01
-9.0000000000003544E-01
-9.0000000000003599E-01
-9.0000000000003477E-01
-9.0000000000003277E-01
-9.0000000000003122E-01
-9.0000000000002656E-01
-9.0000000000002323E-01
-9.0000000000002101E-01
-9.0000000000001634E-01
-9.0000000000001312E-01
-9.0000000000000913E-01
-9.0000000000000691E-01
-9.0000000000000269E-01
-8.9999999999999936E-01
-9.0000000000000024E-01
-1.0500000000000442E+00
-1.0500000000000425E+00
-1.0500000000000427E+00
-1.0500000000000413E+00
-1.0500000000000416E+00
-1.0500000000000371E+00
-1.0500000000000347E+00
-1.0500000000000302E+00
-1.0500000000000278E+00
-1.0500000000000238E+00
-1.0500000000000194E+00
-1.0500000000000147E+00
-1.0500000000000127E+00
-1.0500000000000071E+00
-1.0500000000000023E+00
-1.0499999999999974E+00
-1.0499999999999967E+00
-1.2000000000000479E+00
-1.2000000000000497E+00
-1.2000000000000468E+00
-1.2000000000000457E+00
-1.2000000000000446E+00
-1.2000000000000401E+00
-1.2000000000000377E+00
-1.2000000000000326E+00
-1.2000000000000308E+00
-1.2000000000000250E+00
-1.2000000000000206E+00
-1.2000000000000164E+00
-1.2000000000000108E+00
-1.2000000000000060E+00
-1.1999999999999988E+00
-1.1999999999999962E+00
-1.1999999999999951E+00
-1.3500000000000549E+00
-1.3500000000000536E+00
-1.3500000000000525E+00
-1.3500000000000498E+00
-1.3500000000000472E+00
-1.3500000000000458E+00
-1.3500000000000421E+00
-1.3500000000000378E+00
-1.3500000000000303E+00
-1.3500000000000261E+00
-1.3500000000000230E+00
-1.3500000000000187E+00
-1.3500000000000105E+00
-1.3500000000000059E+00
-1.3500000000000005E+00
-1.3499999999999952E+00
-1.3499999999999950E+00
-1.5000000000000577E+00
-1.5000000000000564E+00
-1.5000000000000551E+00
-1.5000000000000542E+00
-1.5000000000000508E+00
-1.5000000000000493E+00
-1.5000000000000460E+00
-1.5000000000000411E+00
-1.5000000000000322E+00
-1.5000000000000275E+00
-1.5000000000000211E+00
-1.5000000000000173E+00
-1.5000000000000104E+00
-1.5000000000000042E+00
-1.4999999999999982E+00
-1.4999999999999938E+00
-1.4999999999999909E+00
-1.6500000000000605E+00
-1.6500000000000590E+00
-1.6500000000000588E+00
-1.6500000000000556E+00
-1.6500000000000563E+00
-1.6500000000000516E+00
-1.6500000000000492E+00
-1.6500000000000430E+00
-1.6500000000000361E+00
-1.6500000000000294E+00
-1.6500000000000234E+00
-1.6500000000000157E+00
-1.6500000000000106E+00
-1.6500000000000024E+00
-1.6499999999999946E+00
-1.6499999999999901E+00
-1.6499999999999908E+00
-1.8000000000000613E+00
-1.8000000000000616E+00
-1.8000000000000602E+00
-1.8000000000000591E+00
-1.8000000000000556E+00
-1.8000000000000544E+00
-1.8000000000000491E+00
-1.8000000000000431E+00
-1.8000000000000360E+00
-1.8000000000000327E+00
-1.8000000000000234E+00
-1.8000000000000160E+00
-1.8000000000000034E+00
-1.8000000000000023E+00
-1.7999999999999896E+00
-1.7999999999999869E+00
-1.7999999999999896E+00
0.0000000000000000E+00
0.0000000000000000E+00
0.0000000000000000E+00
0.0000000000000000E+00
0.0000000000000000E+00
0.0000000000000000E+00
0.0000000000000000E+00
0.0000000000000000E+00
0.0000000000000000E+00
0.0000000000000000E+00
0.0000000000000000E+00
0.0000000000000000E+00
0.0000000000000000E+00
0.0000000000000000E+00
0.0000000000000000E+00
0.0000000000000000E+00
0.0000000000000000E+00
-1.5000000000000679E-01
-1.5000000000000652E-01
-1.5000000000000663E-01
-1.5000000000000671E-01
-1.5000000000000568E-01
-1.5000000000000580E-01
-1.5000000000000566E-01
-1.5000000000000516E-01
-1.5000000000000435E-01
-1.5000000000000452E-01
-1.5000000000000235E-01
-1.5000000000000174E-01
-1.5000000000000302E-01
-1.5000000000000133E-01
-1.4999999999999902E-01
-1.5000000000000047E-01
-1.4999999999999869E-01
-3.0000000000001398E-01
-3.0000000000001398E-01
-3.0000000000001248E-01
-3.0000000000001298E-01
-3.0000000000001148E-01
-3.0000000000001087E-01
-3.0000000000001031E-01
-3.0000000000000987E-01
-3.0000000000001031E-01
-3.0000000000000898E-01
-3.0000000000000548E-01
-3.0000000000000315E-01
-3.0000000000000271E-01
-3.0000000000000210E-01
-3.0000000000000326E-01
-2.9999999999999960E-01
-3.0000000000000349E-01
-4.5000000000002149E-01
-4.5000000000002111E-01
-4.5000000000002033E-01
-4.5000000000001866E-01
-4.5000000000001744E-01
-4.5000000000001722E-01
-4.5000000000001522E-01
-4.5000000000001622E-01
-4.5000000000001400E-01
-4.5000000000001256E-01
-4.5000000000000945E-01
-4.5000000000000473E-01
-4.5000000000000062E-01
-4.5000000000000190E-01
-4.5000000000000112E-01
-4.5000000000000112E-01
-4.4999999999999923E-01
-6.0000000000002851E-01
-6.0000000000002662E-01
-6.0000000000002685E-01
-6.0000000000002407E-01
-6.0000000000002296E-01
-6.0000000000002274E-01
-6.0000000000002218E-01
-6.0000000000001996E-01
-6.0000000000001885E-01
-6.0000000000001441E-01
-6.0000000000001197E-01
-6.0000000000000653E-01
-6.0000000000000331E-01
-6.0000000000000198E-01
-6.0000000000000220E-01
-6.0000000000000075E-01
-6.0000000000000098E-01
-7.5000000000003275E-01
-7.5000000000003297E-01
-7.5000000000003053E-01
-7.5000000000003031E-01
-7.5000000000002875E-01
-7.5000000000002820E-01
-7.5000000000002509E-01
-7.5000000000002387E-01
-7.5000000000002176E-01
-7.5000000000002054E-01
-7.5000000000001465E-01
-7.5000000000001077E-01
-7.5000000000000500E-01
-7.5000000000000533E-01
-7.5000000000000189E-01
-7.5000000000000022E-01
-7.4999999999999911E-01
-9.0000000000003944E-01
-9.0000000000003821E-01
-9.0000000000003810E-01
-9.0000000000003699E-01
-9.0000000000003499E-01
-9.0000000000003366E-01
-9.0000000000003133E-01
-9.0000000000002611E-01
-9.0000000000002722E-01
-9.0000000000002378E-01
-9.0000000000002001E-01
-9.0000000000001201E-01
-9.0000000000000502E-01
-9.0000000000000757E-01
-9.0000000000000402E-01
-8.9999999999999847E-01
-8.9999999999999780E-01
-1.0500000000000438E+00
-1.0500000000000453E+00
-1.0500000000000429E+00
-1.0500000000000429E+00
-1.0500000000000393E+00
-1.0500000000000387E+00
-1.0500000000000367E+00
-1.0500000000000334E+00
-1.0500000000000282E+00
-1.0500000000000242E+00
-1.0500000000000171E+00
-1.0500000000000136E+00
-1.0500000000000091E+00
-1.0500000000000069E+00
-1.0500000000000018E+00
-1.0499999999999989E+00
-1.0499999999999916E+00
-1.2000000000000506E+00
-1.2000000000000492E+00
-1.2000000000000486E+00
-1.2000000000000466E+00
-1.2000000000000450E+00
-1.2000000000000421E+00
-1.2000000000000379E+00
-1.2000000000000368E+00
-1.2000000000000308E+00
-1.2000000000000253E+00
-1.2000000000000188E+00
-1.2000000000000151E+00
-1.2000000000000095E+00
-1.2000000000000051E+00
-1.1999999999999995E+00
-1.1999999999999984E+00
-1.1999999999999933E+00
-1.3500000000000545E+00
-1.3500000000000538E+00
-1.3500000000000518E+00
-1.3500000000000523E+00
-1.3500000000000492E+00
-1.3500000000000465E+00
-1.3500000000000409E+00
-1.3500000000000369E+00
-1.3500000000000354E+00
-1.3500000000000250E+00
-1.3500000000000207E+00
-1.3500000000000165E+00
-1.3500000000000065E+00
-1.3500000000000041E+00
-1.3499999999999948E+00
-1.3499999999999943E+00
-1.3499999999999910E+00
-1.5000000000000580E+00
-1.5000000000000566E+00
-1.5000000000000573E+00
-1.5000000000000544E+00
-1.5000000000000533E+00
-1.5000000000000500E+00
-1.5000000000000446E+00
-1.5000000000000382E+00
-1.5000000000000397E+00
-1.5000000000000282E+00
-1.5000000000000229E+00
-1.5000000000000162E+00
-1.5000000000000078E+00
-1.5000000000000011E+00
-1.4999999999999958E+00
-1.4999999999999909E+00
-1.4999999999999878E+00
-1.6500000000000603E+00
-1.6500000000000612E+00
-1.6500000000000594E+00
-1.6500000000000605E+00
-1.6500000000000552E+00
-1.6500000000000528E+00
-1.6500000000000454E+00
-1.6500000000000434E+00
-1.6500000000000385E+00
-1.6500000000000314E+00
-1.6500000000000239E+00
-1.6500000000000170E+00
-1.6500000000000070E+00
-1.6500000000000026E+00
-1.6499999999999924E+00
-1.6499999999999901E+00
-1.6499999999999866E+00
-1.8000000000000631E+00
-1.8000000000000607E+00
-1.8000000000000631E+00
-1.8000000000000611E+00
-1.8000000000000576E+00
-1.8000000000000513E+00
-1.8000000000000493E+00
-1.8000000000000456E+00
-1.8000000000000431E+00
-1.8000000000000298E+00
-1.8000000000000282E+00
-1.8000000000000147E+00
-1.8000000000000094E+00
-1.7999999999999974E+00
-1.7999999999999905E+00
-1.7999999999999863E+00
-1.7999999999999827E+00
0.0000000000000000E+00
0.0000000000000000E+00
0.0000000000000000E+00
0.0000000000000000E+00
0.0000000000000000E+00
0.0000000000000000E+00
0.0000000000000000E+00
0.0000000000000000E+00
0.0000000000000000E+00
0.0000000000000000E+00
0.0000000000000000E+00
0.0000000000000000E+00
0.0000000000000000E+00
0.0000000000000000E+00
0.0000000000000000E+00
0.0000000000000000E+00
0.0000000000000000E+00
-1.5000000000000724E-01
-1.5000000000000721E-01
-1.5000000000000707E-01
-1.5000000000000710E-01
-1.5000000000000652E-01
-1.5000000000000518E-01
-1.5000000000000530E-01
-1.5000000000000532E-01
-1.5000000000000557E-01
-1.5000000000000407E-01
-1.5000000000000294E-01
-1.5000000000000263E-01
-1.5000000000000183E-01
-1.5000000000000055E-01
-1.5000000000000199E-01
-1.5000000000000044E-01
-1.4999999999999733E-01
-3.0000000000001448E-01
-3.0000000000001448E-01
-3.0000000000001387E-01
-3.0000000000001348E-01
-3.0000000000001231E-01
-3.0000000000001104E-01
-3.0000000000000998E-01
-3.0000000000000970E-01
-3.0000000000001065E-01
-3.0000000000000954E-01
-3.0000000000000498E-01
-3.0000000000000471E-01
-3.0000000000000138E-01
-3.0000000000000182E-01
-3.0000000000000149E-01
-3.0000000000000077E-01
-3.0000000000000027E-01
-4.5000000000002160E-01
-4.5000000000002083E-01
-4.5000000000002049E-01
-4.5000000000001900E-01
-4.5000000000001772E-01
-4.5000000000001716E-01
-4.5000000000001594E-01
-4.5000000000001539E-01
-4.5000000000001433E-01
-4.5000000000001183E-01
-4.5000000000000928E-01
-4.5000000000000584E-01
-4.5000000000000268E-01
-4.5000000000000051E-01
-4.5000000000000129E-01
-4.5000000000000079E-01
-4.5000000000000273E-01
-6.0000000000002784E-01
-6.0000000000002707E-01
-6.0000000000002629E-01
-6.0000000000002474E-01
-6.0000000000002374E-01
-6.0000000000002285E-01
-6.0000000000002196E-01
-6.0000000000002118E-01
-6.0000000000001674E-01
-6.0000000000001497E-01
-6.0000000000001152E-01
-6.0000000000000753E-01
-6.0000000000000209E-01
-5.9999999999999964E-01
-6.0000000000000042E-01
-6.0000000000000187E-01
-6.0000000000000142E-01
-7.5000000000003442E-01
-7.5000000000003353E-01
-7.5000000000003231E-01
-7.5000000000003064E-01
-7.5000000000002853E-01
-7.5000000000002898E-01
-7.5000000000002698E-01
-7.5000000000002498E-01
-7.5000000000002209E-01
-7.5000000000001776E-01
-7.5000000000001510E-01
-7.5000000000000844E-01
-7.5000000000000211E-01
-7.5000000000000067E-01
-7.5000000000000000E-01
-7.4999999999999900E-01
-7.4999999999999856E-01
-9.0000000000003988E-01
-9.0000000000003955E-01
-9.0000000000003766E-01
-9.0000000000003566E-01
-9.0000000000003466E-01
-9.0000000000003355E-01
-9.0000000000003100E-01
-9.0000000000002911E-01
-9.0000000000002589E-01
-9.0000000000002145E-01
-9.0000000000001490E-01
-9.0000000000001101E-01
-9.0000000000000635E-01
-9.0000000000000291E-01
-9.0000000000000024E-01
-8.9999999999999625E-01
-8.9999999999999492E-01
-1.0500000000000458E+00
-1.0500000000000449E+00
-1.0500000000000436E+00
-1.0500000000000407E+00
-1.0500000000000398E+00
-1.0500000000000376E+00
-1.0500000000000347E+00
-1.0500000000000307E+00
-1.0500000000000300E+00
-1.0500000000000231E+00
-1.0500000000000183E+00
-1.0500000000000131E+00
-1.0500000000000114E+00
-1.0500000000000027E+00
-1.0499999999999996E+00
-1.0499999999999943E+00
-1.0499999999999958E+00
-1.2000000000000499E+00
-1.2000000000000492E+00
-1.2000000000000468E+00
-1.2000000000000453E+00
-1.2000000000000444E+00
-1.2000000000000404E+00
-1.2000000000000381E+00
-1.2000000000000333E+00
-1.2000000000000302E+00
-1.2000000000000250E+00
-1.2000000000000191E+00
-1.2000000000000157E+00
-1.2000000000000099E+00
-1.2000000000000031E+00
-1.1999999999999953E+00
-1.1999999999999940E+00
-1.1999999999999951E+00
-1.3500000000000545E+00
-1.3500000000000534E+00
-1.3500000000000514E+00
-1.3500000000000487E+00
-1.3500000000000489E+00
-1.3500000000000438E+00
-1.3500000000000396E+00
-1.3500000000000332E+00
-1.3500000000000307E+00
-1.3500000000000272E+00
-1.3500000000000221E+00
-1.3500000000000150E+00
-1.3500000000000094E+00
-1.3500000000000008E+00
-1.3499999999999945E+00
-1.3499999999999917E+00
-1.3499999999999930E+00
-1.5000000000000577E+00
-1.5000000000000562E+00
-1.5000000000000542E+00
-1.5000000000000531E+00
-1.5000000000000522E+00
-1.5000000000000473E+00
-1.5000000000000400E+00
-1.5000000000000373E+00
-1.5000000000000291E+00
-1.5000000000000300E+00
-1.5000000000000215E+00
-1.5000000000000158E+00
-1.5000000000000049E+00
-1.5000000000000000E+00
-1.4999999999999913E+00
-1.4999999999999893E+00
-1.4999999999999873E+00
-1.6500000000000605E+00
-1.6500000000000590E+00
-1.6500000000000603E+00
-1.6500000000000576E+00
-1.6500000000000554E+00
-1.6500000000000488E+00
-1.6500000000000437E+00
-1.6500000000000401E+00
-1.6500000000000365E+00
-1.6500000000000310E+00
-1.6500000000000234E+00
-1.6500000000000126E+00
-1.6500000000000044E+00
-1.6499999999999968E+00
-1.6499999999999930E+00
-1.6499999999999861E+00
-1.6499999999999859E+00
-1.8000000000000613E+00
-1.8000000000000609E+00
-1.8000000000000607E+00
-1.8000000000000607E+00
-1.8000000000000573E+00
-1.8000000000000518E+00
-1.8000000000000449E+00
-1.8000000000000445E+00
-1.8000000000000405E+00
-1.8000000000000318E+00
-1.8000000000000216E+00
-1.8000000000000125E+00
-1.8000000000000025E+00
-1.7999999999999954E+00
-1.7999999999999907E+00
-1.7999999999999849E+00
-1.7999999999999841E+00
0.0000000000000000E+00
0.0000000000000000E+00
0.0000000000000000E+00
0.0000000000000000E+00
0.0000000000000000E+00
0.0000000000000000E+00
0.0000000000000000E+00
0.0000000000000000E+00
0.0000000000000000E+00
0.0000000000000000E+00
0.0000000000000000E+00
0.0000000000000000E+00
0.0000000000000000E+00
0.0000000000000000E+00
0.0000000000000000E+00
0.0000000000000000E+00
0.0000000000000000E+00
-1.5000000000000790E-01
-1.5000000000000774E-01
-1.5000000000000746E-01
-1.5000000000000724E-01
-1.5000000000000646E-01
-1.5000000000000510E-01
-1.5000000000000441E-01
-1.5000000000000538E-01
-1.5000000000000618E-01
-1.5000000000000391E-01
-1.5000000000000344E-01
-1.5000000000000233E-01
-1.5000000000000038E-01
-1.5000000000000080E-01
-1.4999999999999969E-01
-1.4999999999999961E-01
-1.4999999999999833E-01
-3.0000000000001431E-01
-3.0000000000001481E-01
-3.0000000000001376E-01
-3.0000000000001448E-01
-3.0000000000001281E-01
-3.0000000000001081E-01
-3.0000000000000959E-01
-3.0000000000000943E-01
-3.0000000000001015E-01
-3.0000000000000920E-01
-3.0000000000000854E-01
-3.0000000000000515E-01
-3.0000000000000177E-01
-2.9999999999999877E-01
-3.0000000000000199E-01
-2.9999999999999905E-01
-2.9999999999999855E-01
-4.5000000000002172E-01
-4.5000000000002099E-01
-4.5000000000002061E-01
-4.5000000000001961E-01
-4.5000000000001805E-01
-4.5000000000001800E-01
-4.5000000000001644E-01
-4.5000000000001494E-01
-4.5000000000001467E-01
-4.5000000000001200E-01
-4.5000000000001039E-01
-4.5000000000000601E-01
-4.5000000000000223E-01
-4.4999999999999851E-01
-4.4999999999999757E-01
-4.4999999999999846E-01
-4.4999999999999929E-01
-6.0000000000002840E-01
-6.0000000000002762E-01
-6.0000000000002673E-01
-6.0000000000002407E-01
-6.0000000000002307E-01
-6.0000000000002329E-01
-6.0000000000002418E-01
-6.0000000000002107E-01
-6.0000000000001941E-01
-6.0000000000001252E-01
-6.0000000000001252E-01
-6.0000000000000764E-01
-6.0000000000000198E-01
-5.9999999999999731E-01
-5.9999999999999321E-01
-5.9999999999999598E-01
-6.0000000000000087E-01
-7.5000000000003419E-01
-7.5000000000003419E-01
-7.5000000000003286E-01
-7.5000000000003175E-01
-7.5000000000002998E-01
-7.5000000000002731E-01
-7.5000000000002820E-01
-7.5000000000002554E-01
-7.5000000000002032E-01
-7.5000000000001688E-01
-7.5000000000001332E-01
-7.5000000000000822E-01
-7.5000000000000466E-01
-7.4999999999999822E-01
-7.4999999999999711E-01
-7.4999999999999578E-01
-7.4999999999999478E-01
-9.0000000000004188E-01
-9.0000000000004043E-01
-9.0000000000003832E-01
-9.0000000000003699E-01
-9.0000000000003511E-01
-9.0000000000003244E-01
-9.0000000000003111E-01
-9.0000000000002722E-01
-9.0000000000002500E-01
-9.0000000000001978E-01
-9.0000000000001501E-01
-9.0000000000001013E-01
-9.0000000000000324E-01
-9.0000000000000080E-01
-8.9999999999999869E-01
-8.9999999999999325E-01
-8.9999999999999225E-01
-1.0500000000000456E+00
-1.0500000000000447E+00
-1.0500000000000422E+00
-1.0500000000000407E+00
-1.0500000000000391E+00
-1.0500000000000358E+00
-1.0500000000000318E+00
-1.0500000000000311E+00
-1.0500000000000287E+00
-1.0500000000000211E+00
-1.0500000000000151E+00
-1.0500000000000127E+00
-1.0500000000000063E+00
-1.0500000000000007E+00
-1.0499999999999940E+00
-1.0499999999999914E+00
-1.0499999999999894E+00
-1.2000000000000490E+00
-1.2000000000000484E+00
-1.2000000000000461E+00
-1.2000000000000444E+00
-1.2000000000000426E+00
-1.2000000000000404E+00
-1.2000000000000337E+00
-1.2000000000000326E+00
-1.2000000000000259E+00
-1.2000000000000242E+00
-1.2000000000000175E+00
-1.2000000000000119E+00
-1.2000000000000086E+00
-1.1999999999999973E+00
-1.1999999999999926E+00
-1.1999999999999893E+00
-1.1999999999999864E+00
-1.3500000000000536E+00
-1.3500000000000516E+00
-1.3500000000000514E+00
-1.3500000000000489E+00
-1.3500000000000472E+00
-1.3500000000000432E+00
-1.3500000000000367E+00
-1.3500000000000327E+00
-1.3500000000000267E+00
-1.3500000000000258E+00
-1.3500000000000212E+00
-1.3500000000000116E+00
-1.3500000000000079E+00
-1.3499999999999965E+00
-1.3499999999999903E+00
-1.3499999999999883E+00
-1.3499999999999861E+00
-1.5000000000000564E+00
-1.5000000000000555E+00
-1.5000000000000564E+00
-1.5000000000000513E+00
-1.5000000000000495E+00
-1.5000000000000442E+00
-1.5000000000000395E+00
-1.5000000000000326E+00
-1.5000000000000304E+00
-1.5000000000000244E+00
-1.5000000000000233E+00
-1.5000000000000115E+00
-1.5000000000000044E+00
-1.4999999999999938E+00
-1.4999999999999907E+00
-1.4999999999999851E+00
-1.4999999999999882E+00
-1.6500000000000576E+00
-1.6500000000000585E+00
-1.6500000000000576E+00
-1.6500000000000543E+00
-1.6500000000000496E+00
-1.6500000000000468E+00
-1.6500000000000397E+00
-1.6500000000000357E+00
-1.6500000000000250E+00
-1.6500000000000272E+00
-1.6500000000000188E+00
-1.6500000000000106E+00
-1.6500000000000012E+00
-1.6499999999999957E+00
-1.6499999999999879E+00
-1.6499999999999837E+00
-1.6499999999999815E+00
-1.8000000000000587E+00
-1.8000000000000591E+00
-1.8000000000000600E+00
-1.8000000000000547E+00
-1.8000000000000509E+00
-1.8000000000000465E+00
-1.8000000000000425E+00
-1.8000000000000376E+00
-1.8000000000000287E+00
-1.8000000000000251E+00
-1.8000000000000187E+00
-1.8000000000000076E+00
-1.8000000000000027E+00
-1.7999999999999947E+00
-1.7999999999999905E+00
-1.7999999999999805E+00
-1.7999999999999765E+00
