0.0000000000000000E+00
0.0000000000000000E+00
0.0000000000000000E+00
0.0000000000000000E+00
0.0000000000000000E+00
0.0000000000000000E+00
0.0000000000000000E+00
0.0000000000000000E+00
0.0000000000000000E+00
0.0000000000000000E+00
0.0000000000000000E+00
0.0000000000000000E+00
0.0000000000000000E+00
0.0000000000000000E+00
0.0000000000000000E+00
0.0000000000000000E+00
0.0000000000000000E+00
-1.5000000000000036E-01
-1.5000000000000038E-01
-1.5000000000000036E-01
-1.5000000000000016E-01
-1.4999999999999983E-01
-1.4999999999999988E-01
-1.5000000000000041E-01
-1.5000000000000044E-01
-1.5000000000000041E-01
-1.5000000000000074E-01
-1.5000000000000061E-01
-1.4999999999999936E-01
-1.4999999999999969E-01
-1.5000000000000002E-01
-1.5000000000000027E-01
-1.5000000000000158E-01
-1.5000000000000255E-01
-3.0000000000000066E-01
-3.0000000000000093E-01
-3.0000000000000071E-01
-3.0000000000000021E-01
-2.9999999999999966E-01
-2.9999999999999977E-01
-3.0000000000000032E-01
-3.0000000000000060E-01
-3.0000000000000049E-01
-3.0000000000000077E-01
-3.0000000000000054E-01
-3.0000000000000077E-01
-2.9999999999999966E-01
-2.9999999999999910E-01
-3.0000000000000143E-01
-3.0000000000000332E-01
-3.0000000000000543E-01
-4.5000000000000134E-01
-4.5000000000000134E-01
-4.5000000000000118E-01
-4.5000000000000018E-01
-4.4999999999999940E-01
-4.4999999999999918E-01
-4.4999999999999962E-01
-4.5000000000000023E-01
-4.5000000000000046E-01
-4.5000000000000034E-01
-4.5000000000000073E-01
-4.5000000000000157E-01
-4.5000000000000084E-01
-4.5000000000000145E-01
-4.5000000000000229E-01
-4.5000000000000323E-01
-4.5000000000000467E-01
-6.0000000000000209E-01
-6.0000000000000209E-01
-6.0000000000000164E-01
-6.0000000000000064E-01
-5.9999999999999920E-01
-5.9999999999999876E-01
-5.9999999999999831E-01
-5.9999999999999942E-01
-6.0000000000000053E-01
-6.0000000000000020E-01
-6.0000000000000064E-01
-6.0000000000000231E-01
-6.0000000000000320E-01
-6.0000000000000420E-01
-6.0000000000000353E-01
-6.0000000000000253E-01
-6.0000000000000042E-01
-7.5000000000000322E-01
-7.5000000000000311E-01
-7.5000000000000266E-01
-7.5000000000000178E-01
-7.4999999999999956E-01
-7.4999999999999856E-01
-7.4999999999999833E-01
-7.4999999999999922E-01
-7.4999999999999967E-01
-7.5000000000000022E-01
-7.5000000000000078E-01
-7.5000000000000333E-01
-7.5000000000000466E-01
-7.5000000000000389E-01
-7.5000000000000322E-01
-7.5000000000000266E-01
-7.5000000000000111E-01
-9.0000000000000435E-01
-9.0000000000000413E-01
-9.0000000000000391E-01
-9.0000000000000302E-01
-9.0000000000000080E-01
-8.9999999999999902E-01
-8.9999999999999847E-01
-8.9999999999999913E-01
-9.0000000000000002E-01
-9.0000000000000047E-01
-9.0000000000000124E-01
-9.0000000000000346E-01
-9.0000000000000424E-01
-9.0000000000000402E-01
-9.0000000000000291E-01
-9.0000000000000235E-01
-9.0000000000000446E-01
-1.0500000000000063E+00
-1.0500000000000063E+00
-1.0500000000000054E+00
-1.0500000000000043E+00
-1.0500000000000025E+00
-1.0500000000000007E+00
-1.0500000000000012E+00
-1.0499999999999994E+00
-1.0500000000000003E+00
-1.0500000000000007E+00
-1.0500000000000018E+00
-1.0500000000000023E+00
-1.0500000000000027E+00
-1.0500000000000023E+00
-1.0500000000000020E+00
-1.0500000000000023E+00
-1.0500000000000040E+00
-1.2000000000000093E+00
-1.2000000000000084E+00
-1.2000000000000077E+00
-1.2000000000000062E+00
-1.2000000000000048E+00
-1.2000000000000033E+00
-1.2000000000000020E+00
-1.2000000000000008E+00
-1.2000000000000004E+00
-1.2000000000000011E+00
-1.2000000000000013E+00
-1.2000000000000011E+00
-1.2000000000000008E+00
-1.2000000000000015E+00
-1.2000000000000004E+00
-1.2000000000000008E+00
-1.2000000000000017E+00
-1.3500000000000112E+00
-1.3500000000000103E+00
-1.3500000000000101E+00
-1.3500000000000085E+00
-1.3500000000000065E+00
-1.3500000000000045E+00
-1.3500000000000032E+00
-1.3500000000000028E+00
-1.3500000000000023E+00
-1.3500000000000012E+00
-1.3500000000000021E+00
-1.3500000000000014E+00
-1.3500000000000005E+00
-1.3499999999999994E+00
-1.3499999999999996E+00
-1.3499999999999983E+00
-1.3499999999999985E+00
-1.5000000000000131E+00
-1.5000000000000124E+00
-1.5000000000000120E+00
-1.5000000000000104E+00
-1.5000000000000073E+00
-1.5000000000000051E+00
-1.5000000000000038E+00
-1.5000000000000033E+00
-1.5000000000000027E+00
-1.5000000000000016E+00
-1.5000000000000022E+00
-1.5000000000000009E+00
-1.4999999999999991E+00
-1.4999999999999982E+00
-1.4999999999999973E+00
-1.4999999999999964E+00
-1.4999999999999956E+00
-1.6500000000000148E+00
-1.6500000000000148E+00
-1.6500000000000135E+00
-1.6500000000000123E+00
-1.6500000000000097E+00
-1.6500000000000072E+00
-1.6500000000000057E+00
-1.6500000000000037E+00
-1.6500000000000032E+00
-1.6500000000000017E+00
-1.6500000000000012E+00
-1.6499999999999997E+00
-1.6499999999999986E+00
-1.6499999999999979E+00
-1.6499999999999972E+00
-1.6499999999999968E+00
-1.6499999999999968E+00
-1.8000000000000163E+00
-1.8000000000000156E+00
-1.8000000000000145E+00
-1.8000000000000138E+00
-1.8000000000000111E+00
-1.8000000000000087E+00
-1.8000000000000067E+00
-1.8000000000000052E+00
-1.8000000000000025E+00
-1.8000000000000014E+00
-1.7999999999999992E+00
-1.7999999999999996E+00
-1.7999999999999965E+00
-1.7999999999999972E+00
-1.7999999999999960E+00
-1.7999999999999967E+00
-1.7999999999999980E+00
