t_end=3.000000
time_step=0.005000
-75.055910
-75.055910
-74.838998
-74.328978
-73.369658
-71.730886
-69.150621
-65.438715
-60.635479
-55.163648
-49.909808
-46.047511
-44.618422
-46.047511
-49.909808
-55.163648
-60.635479
-65.438715
-69.150621
-71.730886
-73.369658
-74.328978
-74.838998
-75.055910
-75.055910
-75.055910
-75.055910
-74.838998
-74.328978
-73.369658
-71.730886
-69.150621
-65.438715
-60.635479
-55.163648
-49.909808
-46.047511
-44.618422
-46.047511
-49.909808
-55.163648
-60.635479
-65.438715
-69.150621
-71.730886
-73.369658
-74.328978
-74.838998
-75.055910
-75.055910
-74.838998
-74.838998
-74.479119
-73.610185
-71.914816
-68.900008
-63.970819
-56.669601
-47.076121
-36.186985
-26.092025
-18.989785
-16.439511
-18.989785
-26.092025
-36.186985
-47.076121
-56.669601
-63.970819
-68.900008
-71.914816
-73.610185
-74.479119
-74.838998
-74.838998
-74.328978
-74.328978
-73.610185
-71.819589
-68.175639
-61.404696
-49.951288
-32.929209
-11.965290
7.388047
18.799614
23.535192
24.754458
23.535192
18.799614
7.388047
-11.965290
-32.929209
-49.951288
-61.404696
-68.175639
-71.819589
-73.610185
-74.328978
-74.328978
-73.369658
-73.369658
-71.914816
-68.175639
-60.252016
-45.035036
-19.899699
9.185189
24.716858
29.414723
30.548781
30.643891
30.595866
30.643891
30.548781
29.414723
24.716858
9.185189
-19.899699
-45.035036
-60.252016
-68.175639
-71.914816
-73.369658
-73.369658
-71.730886
-71.730886
-68.900008
-61.404696
-45.035036
-14.799887
17.502011
28.936193
30.641538
29.689549
28.298215
27.239668
26.851648
27.239668
28.298215
29.689549
30.641538
28.936193
17.502011
-14.799887
-45.035036
-61.404696
-68.900008
-71.730886
-71.730886
-69.150621
-69.150621
-63.970819
-49.951288
-19.899699
17.502011
29.729142
30.292595
28.041963
25.286714
22.843599
21.173332
20.578076
21.173332
22.843599
25.286714
28.041963
30.292595
29.729142
17.502011
-19.899699
-49.951288
-63.970819
-69.150621
-69.150621
-65.438715
-65.438715
-56.669601
-32.929209
9.185189
28.936193
30.292595
27.355972
23.443981
19.540276
16.203835
13.916786
13.092029
13.916786
16.203835
19.540276
23.443981
27.355972
30.292595
28.936193
9.185189
-32.929209
-56.669601
-65.438715
-65.438715
-60.635479
-60.635479
-47.076121
-11.965290
24.716858
30.641538
28.041963
23.443981
18.326242
13.328947
8.993446
5.927470
4.781680
5.927470
8.993446
13.328947
18.326242
23.443981
28.041963
30.641538
24.716858
-11.965290
-47.076121
-60.635479
-60.635479
-55.163648
-55.163648
-36.186985
7.388047
29.414723
29.689549
25.286714
19.540276
13.328947
7.176556
1.648427
-2.482319
-4.146511
-2.482319
1.648427
7.176556
13.328947
19.540276
25.286714
29.689549
29.414723
7.388047
-36.186985
-55.163648
-55.163648
-49.909808
-49.909808
-26.092025
18.799614
30.548781
28.298215
22.843599
16.203835
8.993446
1.648427
-5.278722
-10.886491
-13.486086
-10.886491
-5.278722
1.648427
8.993446
16.203835
22.843599
28.298215
30.548781
18.799614
-26.092025
-49.909808
-49.909808
-46.047511
-46.047511
-18.989785
23.535192
30.643891
27.239668
21.173332
13.916786
5.927470
-2.482319
-10.886491
-18.387528
-22.633991
-18.387528
-10.886491
-2.482319
5.927470
13.916786
21.173332
27.239668
30.643891
23.535192
-18.989785
-46.047511
-46.047511
-44.618422
-44.618422
-16.439511
24.754458
30.595866
26.851648
20.578076
13.092029
4.781680
-4.146511
-13.486086
-22.633991
-28.417145
-22.633991
-13.486086
-4.146511
4.781680
13.092029
20.578076
26.851648
30.595866
24.754458
-16.439511
-44.618422
-44.618422
-46.047511
-46.047511
-18.989785
23.535192
30.643891
27.239668
21.173332
13.916786
5.927470
-2.482319
-10.886491
-18.387528
-22.633991
-18.387528
-10.886491
-2.482319
5.927470
13.916786
21.173332
27.239668
30.643891
23.535192
-18.989785
-46.047511
-46.047511
-49.909808
-49.909808
-26.092025
18.799614
30.548781
28.298215
22.843599
16.203835
8.993446
1.648427
-5.278722
-10.886491
-13.486086
-10.886491
-5.278722
1.648427
8.993446
16.203835
22.843599
28.298215
30.548781
18.799614
-26.092025
-49.909808
-49.909808
-55.163648
-55.163648
-36.186985
7.388047
29.414723
29.689549
25.286714
19.540276
13.328947
7.176556
1.648427
-2.482319
-4.146511
-2.482319
1.648427
7.176556
13.328947
19.540276
25.286714
29.689549
29.414723
7.388047
-36.186985
-55.163648
-55.163648
-60.635479
-60.635479
-47.076121
-11.965290
24.716858
30.641538
28.041963
23.443981
18.326242
13.328947
8.993446
5.927470
4.781680
5.927470
8.993446
13.328947
18.326242
23.443981
28.041963
30.641538
24.716858
-11.965290
-47.076121
-60.635479
-60.635479
-65.438715
-65.438715
-56.669601
-32.929209
9.185189
28.936193
30.292595
27.355972
23.443981
19.540276
16.203835
13.916786
13.092029
13.916786
16.203835
19.540276
23.443981
27.355972
30.292595
28.936193
9.185189
-32.929209
-56.669601
-65.438715
-65.438715
-69.150621
-69.150621
-63.970819
-49.951288
-19.899699
17.502011
29.729142
30.292595
28.041963
25.286714
22.843599
21.173332
20.578076
21.173332
22.843599
25.286714
28.041963
30.292595
29.729142
17.502011
-19.899699
-49.951288
-63.970819
-69.150621
-69.150621
-71.730886
-71.730886
-68.900008
-61.404696
-45.035036
-14.799887
17.502011
28.936193
30.641538
29.689549
28.298215
27.239668
26.851648
27.239668
28.298215
29.689549
30.641538
28.936193
17.502011
-14.799887
-45.035036
-61.404696
-68.900008
-71.730886
-71.730886
-73.369658
-73.369658
-71.914816
-68.175639
-60.252016
-45.035036
-19.899699
9.185189
24.716858
29.414723
30.548781
30.643891
30.595866
30.643891
30.548781
29.414723
24.716858
9.185189
-19.899699
-45.035036
-60.252016
-68.175639
-71.914816
-73.369658
-73.369658
-74.328978
-74.328978
-73.610185
-71.819589
-68.175639
-61.404696
-49.951288
-32.929209
-11.965290
7.388047
18.799614
23.535192
24.754458
23.535192
18.799614
7.388047
-11.965290
-32.929209
-49.951288
-61.404696
-68.175639
-71.819589
-73.610185
-74.328978
-74.328978
-74.838998
-74.838998
-74.479119
-73.610185
-71.914816
-68.900008
-63.970819
-56.669601
-47.076121
-36.186985
-26.092025
-18.989785
-16.439511
-18.989785
-26.092025
-36.186985
-47.076121
-56.669601
-63.970819
-68.900008
-71.914816
-73.610185
-74.479119
-74.838998
-74.838998
-75.055910
-75.055910
-74.838998
-74.328978
-73.369658
-71.730886
-69.150621
-65.438715
-60.635479
-55.163648
-49.909808
-46.047511
-44.618422
-46.047511
-49.909808
-55.163648
-60.635479
-65.438715
-69.150621
-71.730886
-73.369658
-74.328978
-74.838998
-75.055910
-75.055910
-75.055910
-75.055910
-74.838998
-74.328978
-73.369658
-71.730886
-69.150621
-65.438715
-60.635479
-55.163648
-49.909808
-46.047511
-44.618422
-46.047511
-49.909808
-55.163648
-60.635479
-65.438715
-69.150621
-71.730886
-73.369658
-74.328978
-74.838998
-75.055910
-75.055910
