t_end=3.000000
time_step=0.050000
-75.096436
-75.096436
-74.937656
-74.577535
-73.932039
-72.884178
-71.311265
-69.141072
-66.432158
-63.447063
-60.657501
-58.643533
-57.905691
-58.643533
-60.657501
-63.447063
-66.432158
-69.141072
-71.311265
-72.884178
-73.932039
-74.577535
-74.937656
-75.096436
-75.096436
-75.096436
-75.096436
-74.937656
-74.577535
-73.932039
-72.884178
-71.311265
-69.141072
-66.432158
-63.447063
-60.657501
-58.643533
-57.905691
-58.643533
-60.657501
-63.447063
-66.432158
-69.141072
-71.311265
-72.884178
-73.932039
-74.577535
-74.937656
-75.096436
-75.096436
-74.937656
-74.937656
-74.691995
-74.122326
-73.068345
-71.293810
-68.529473
-64.583873
-59.521333
-53.845422
-48.485945
-44.584808
-43.151975
-44.584808
-48.485945
-53.845422
-59.521333
-64.583873
-68.529473
-71.293810
-73.068345
-74.122326
-74.691995
-74.937656
-74.937656
-74.577535
-74.577535
-74.122326
-73.037576
-70.952252
-67.286758
-61.333155
-52.545801
-41.070771
-28.405249
-16.866820
-8.803718
-5.960880
-8.803718
-16.866820
-28.405249
-41.070771
-52.545801
-61.333155
-67.286758
-70.952252
-73.037576
-74.122326
-74.577535
-74.577535
-73.932039
-73.932039
-73.068345
-70.952252
-66.724105
-58.974135
-45.961435
-26.792859
-3.971394
13.341267
21.002184
23.851956
24.592427
23.851956
21.002184
13.341267
-3.971394
-26.792859
-45.961435
-58.974135
-66.724105
-70.952252
-73.068345
-73.932039
-73.932039
-72.884178
-72.884178
-71.293810
-67.286758
-58.974135
-43.233774
-17.456426
10.642487
23.478108
27.563254
28.380550
28.240978
28.108672
28.240978
28.380550
27.563254
23.478108
10.642487
-17.456426
-43.233774
-58.974135
-67.286758
-71.293810
-72.884178
-72.884178
-71.311265
-71.311265
-68.529473
-61.333155
-45.961435
-17.456426
14.351751
26.239679
28.388956
27.422243
25.755744
24.415372
23.912300
24.415372
25.755744
27.422243
28.388956
26.239679
14.351751
-17.456426
-45.961435
-61.333155
-68.529473
-71.311265
-71.311265
-69.141072
-69.141072
-64.583873
-52.545801
-26.792859
10.642487
26.239679
28.319412
26.230484
23.063064
20.043504
17.886879
17.097097
17.886879
20.043504
23.063064
26.230484
28.319412
26.239679
10.642487
-26.792859
-52.545801
-64.583873
-69.141072
-69.141072
-66.432158
-66.432158
-59.521333
-41.070771
-3.971394
23.478108
28.388956
26.230484
21.999999
17.351364
13.144547
10.113718
8.972648
10.113718
13.144547
17.351364
21.999999
26.230484
28.388956
23.478108
-3.971394
-41.070771
-59.521333
-66.432158
-66.432158
-63.447063
-63.447063
-53.845422
-28.405249
13.341267
27.563254
27.422243
23.063064
17.351364
11.360938
5.843606
1.671849
-0.014971
1.671849
5.843606
11.360938
17.351364
23.063064
27.422243
27.563254
13.341267
-28.405249
-53.845422
-63.447063
-63.447063
-60.657501
-60.657501
-48.485945
-16.866820
21.002184
28.380550
25.755744
20.043504
13.144547
5.843606
-1.177785
-6.915018
-9.574415
-6.915018
-1.177785
5.843606
13.144547
20.043504
25.755744
28.380550
21.002184
-16.866820
-48.485945
-60.657501
-60.657501
-58.643533
-58.643533
-44.584808
-8.803718
23.851956
28.240978
24.415372
17.886879
10.113718
1.671849
-6.915018
-14.654714
-19.051117
-14.654714
-6.915018
1.671849
10.113718
17.886879
24.415372
28.240978
23.851956
-8.803718
-44.584808
-58.643533
-58.643533
-57.905691
-57.905691
-43.151975
-5.960880
24.592427
28.108672
23.912300
17.097097
8.972648
-0.014971
-9.574415
-19.051117
-25.192842
-19.051117
-9.574415
-0.014971
8.972648
17.097097
23.912300
28.108672
24.592427
-5.960880
-43.151975
-57.905691
-57.905691
-58.643533
-58.643533
-44.584808
-8.803718
23.851956
28.240978
24.415372
17.886879
10.113718
1.671849
-6.915018
-14.654714
-19.051117
-14.654714
-6.915018
1.671849
10.113718
17.886879
24.415372
28.240978
23.851956
-8.803718
-44.584808
-58.643533
-58.643533
-60.657501
-60.657501
-48.485945
-16.866820
21.002184
28.380550
25.755744
20.043504
13.144547
5.843606
-1.177785
-6.915018
-9.574415
-6.915018
-1.177785
5.843606
13.144547
20.043504
25.755744
28.380550
21.002184
-16.866820
-48.485945
-60.657501
-60.657501
-63.447063
-63.447063
-53.845422
-28.405249
13.341267
27.563254
27.422243
23.063064
17.351364
11.360938
5.843606
1.671849
-0.014971
1.671849
5.843606
11.360938
17.351364
23.063064
27.422243
27.563254
13.341267
-28.405249
-53.845422
-63.447063
-63.447063
-66.432158
-66.432158
-59.521333
-41.070771
-3.971394
23.478108
28.388956
26.230484
21.999999
17.351364
13.144547
10.113718
8.972648
10.113718
13.144547
17.351364
21.999999
26.230484
28.388956
23.478108
-3.971394
-41.070771
-59.521333
-66.432158
-66.432158
-69.141072
-69.141072
-64.583873
-52.545801
-26.792859
10.642487
26.239679
28.319412
26.230484
23.063064
20.043504
17.886879
17.097097
17.886879
20.043504
23.063064
26.230484
28.319412
26.239679
10.642487
-26.792859
-52.545801
-64.583873
-69.141072
-69.141072
-71.311265
-71.311265
-68.529473
-61.333155
-45.961435
-17.456426
14.351751
26.239679
28.388956
27.422243
25.755744
24.415372
23.912300
24.415372
25.755744
27.422243
28.388956
26.239679
14.351751
-17.456426
-45.961435
-61.333155
-68.529473
-71.311265
-71.311265
-72.884178
-72.884178
-71.293810
-67.286758
-58.974135
-43.233774
-17.456426
10.642487
23.478108
27.563254
28.380550
28.240978
28.108672
28.240978
28.380550
27.563254
23.478108
10.642487
-17.456426
-43.233774
-58.974135
-67.286758
-71.293810
-72.884178
-72.884178
-73.932039
-73.932039
-73.068345
-70.952252
-66.724105
-58.974135
-45.961435
-26.792859
-3.971394
13.341267
21.002184
23.851956
24.592427
23.851956
21.002184
13.341267
-3.971394
-26.792859
-45.961435
-58.974135
-66.724105
-70.952252
-73.068345
-73.932039
-73.932039
-74.577535
-74.577535
-74.122326
-73.037576
-70.952252
-67.286758
-61.333155
-52.545801
-41.070771
-28.405249
-16.866820
-8.803718
-5.960880
-8.803718
-16.866820
-28.405249
-41.070771
-52.545801
-61.333155
-67.286758
-70.952252
-73.037576
-74.122326
-74.577535
-74.577535
-74.937656
-74.937656
-74.691995
-74.122326
-73.068345
-71.293810
-68.529473
-64.583873
-59.521333
-53.845422
-48.485945
-44.584808
-43.151975
-44.584808
-48.485945
-53.845422
-59.521333
-64.583873
-68.529473
-71.293810
-73.068345
-74.122326
-74.691995
-74.937656
-74.937656
-75.096436
-75.096436
-74.937656
-74.577535
-73.932039
-72.884178
-71.311265
-69.141072
-66.432158
-63.447063
-60.657501
-58.643533
-57.905691
-58.643533
-60.657501
-63.447063
-66.432158
-69.141072
-71.311265
-72.884178
-73.932039
-74.577535
-74.937656
-75.096436
-75.096436
-75.096436
-75.096436
-74.937656
-74.577535
-73.932039
-72.884178
-71.311265
-69.141072
-66.432158
-63.447063
-60.657501
-58.643533
-57.905691
-58.643533
-60.657501
-63.447063
-66.432158
-69.141072
-71.311265
-72.884178
-73.932039
-74.577535
-74.937656
-75.096436
-75.096436
