0.0000000000000000E+00
8.6226513530891735E-01
1.8014013818857211E+00
2.8707514253624744E+00
4.0000000000000124E+00
5.1292485746375478E+00
6.1985986181142989E+00
7.1377348646910974E+00
8.0000000000000000E+00
0.0000000000000000E+00
7.0120446481535315E-01
1.7012874690878876E+00
2.8174148021170078E+00
4.0000000000000115E+00
5.1825851978830144E+00
6.2987125309121312E+00
7.2987955351846603E+00
8.0000000000000000E+00
0.0000000000000000E+00
6.8687865927713698E-01
1.6514712611544364E+00
2.7881019334436314E+00
4.0000000000000115E+00
5.2118980665563921E+00
6.3485287388455829E+00
7.3131213407228763E+00
8.0000000000000000E+00
0.0000000000000000E+00
6.9026573806648361E-01
1.6433225075492628E+00
2.7788298175296458E+00
4.0000000000000107E+00
5.2211701824703756E+00
6.3566774924507579E+00
7.3097342619335279E+00
8.0000000000000000E+00
0.0000000000000000E+00
6.8687865927713698E-01
1.6514712611544364E+00
2.7881019334436301E+00
4.0000000000000089E+00
5.2118980665563912E+00
6.3485287388455829E+00
7.3131213407228737E+00
8.0000000000000000E+00
0.0000000000000000E+00
7.0120446481535303E-01
1.7012874690878870E+00
2.8174148021170069E+00
4.0000000000000107E+00
5.1825851978830118E+00
6.2987125309121312E+00
7.2987955351846567E+00
8.0000000000000000E+00
0.0000000000000000E+00
8.6226513530891724E-01
1.8014013818857202E+00
2.8707514253624740E+00
4.0000000000000098E+00
5.1292485746375451E+00
6.1985986181142954E+00
7.1377348646910930E+00
8.0000000000000000E+00
