0.0000000000000000E+00
1.1629423071835361E+00
2.1303795831175543E+00
3.1279527780263723E+00
4.1410751794549174E+00
5.1990745299981302E+00
6.2960733606503849E+00
7.4349750766401677E+00
8.6116494087227800E+00
9.8239286471619423E+00
1.1067621535427536E+01
1.2339081286858246E+01
1.3633841198229943E+01
1.4947593332924802E+01
1.6275655669058960E+01
1.7613382200906514E+01
1.8955977846757403E+01
2.0298648526894407E+01
2.1636601013421256E+01
2.2965028987191111E+01
2.4279275614978388E+01
2.5574629950530809E+01
2.6846746946133635E+01
2.8091091275207898E+01
2.9303886227215607E+01
3.0480785993115848E+01
3.1619027058741064E+01
3.2714288164591487E+01
3.3765725127824211E+01
3.4769122512309629E+01
3.5723214018979867E+01
3.6637154147231065E+01
3.7406227980336560E+01
0.0000000000000000E+00
8.5352418668332863E-01
1.8679430987195316E+00
2.8693894076162265E+00
3.9129004579678401E+00
4.9912768278390818E+00
6.1107901522417318E+00
7.2694587615335884E+00
8.4658512163810595E+00
9.6968763750442761E+00
1.0959181724606831E+01
1.2248864134854861E+01
1.3561778028119152E+01
1.4893528951926864E+01
1.6239562840188821E+01
1.7595208969613502E+01
1.8955717957061704E+01
2.0316305449915124E+01
2.1672183152547628E+01
2.3018596584699601E+01
2.4350858750259942E+01
2.5664396699863371E+01
2.6954772092543461E+01
2.8217784785617209E+01
2.9449411107364693E+01
3.0646113230918985E+01
3.1804449573892775E+01
3.2922141792823801E+01
3.3996283691876286E+01
3.5027682260300857E+01
3.6009762090456611E+01
3.6948244850121242E+01
3.7735499951124403E+01
0.0000000000000000E+00
7.4204630565103202E-01
1.6529757672806913E+00
2.6635886027106483E+00
3.7144274239837207E+00
4.8093530656021395E+00
5.9452093123549208E+00
7.1207461462813111E+00
8.3339051288429022E+00
9.5815766545597576E+00
1.0860461697394371E+01
1.2166627737563859E+01
1.3495990937991001E+01
1.4844145635863288E+01
1.6206569555646116E+01
1.7578589509796920E+01
1.8955469160049475E+01
2.0332427962020894E+01
2.1704680621799550E+01
2.3067486157912761E+01
2.4416153259135832E+01
2.5746140999815974E+01
2.7052993633000799E+01
2.8332575401800465E+01
2.9580802906023731E+01
3.0794234365372468E+01
3.1969203117715185E+01
3.3103316846003722E+01
3.4192737304190310E+01
3.5234801901606204E+01
3.6220636992418527E+01
3.7113089352067590E+01
3.7854408232168289E+01
0.0000000000000000E+00
6.9219048471840650E-01
1.5511108993402130E+00
2.5223544383208094E+00
3.5661147378415330E+00
4.6625230310453523E+00
5.8068093728346586E+00
6.9932432433143994E+00
8.2190182818992952E+00
9.4800762354712340E+00
1.0772906701803164E+01
1.2093300343249526E+01
1.3437112288547327E+01
1.4799829765542787E+01
1.6176907642357442E+01
1.7563623334336395E+01
1.8955223148915977E+01
2.0346900336460877E+01
2.1733843568175182E+01
2.3111292522349391E+01
2.4474505800777344E+01
2.5818912856431339E+01
2.7139952216396534E+01
2.8433405008907791E+01
2.9694941922119771E+01
3.0920826322717080E+01
3.2106732739872378E+01
3.3249109754022761E+01
3.4341994920458205E+01
3.5378601004605329E+01
3.6342518685646723E+01
3.7204056240014687E+01
3.7930932492904148E+01
0.0000000000000000E+00
6.7419980796635093E-01
1.4971526152808374E+00
2.4371804944171518E+00
3.4612932479815903E+00
4.5520226901313929E+00
5.6968319850513094E+00
6.8887439144525855E+00
8.1225870641370683E+00
9.3935327823442432E+00
1.0697364554232612E+01
1.2029513048783146E+01
1.3385580022694695E+01
1.4760880559583629E+01
1.6150757597229486E+01
1.7550397162959168E+01
1.8954979860044563E+01
2.0359636789579216E+01
2.1759494932285609E+01
2.3149726212203412E+01
2.4525497397378885E+01
2.5882121599806588E+01
2.7214864974125053E+01
2.8519254105415026E+01
2.9790603768544553E+01
3.1024540831456854E+01
3.2215976910329097E+01
3.3359644549381699E+01
3.4448200024701379E+01
3.5470973251410271E+01
3.6412884930932250E+01
3.7251617895744978E+01
3.7967455060904413E+01
0.0000000000000000E+00
6.6979434034499485E-01
1.4726500051900344E+00
2.3883737515205992E+00
3.3944315548970589E+00
4.4740695511372355E+00
5.6146365554808328E+00
6.8071222896035044E+00
8.0449760934893835E+00
9.3223393729037252E+00
1.0634226351151085E+01
1.1975585197640973E+01
1.3341644730447648E+01
1.4727477045291193E+01
1.6128235602205788E+01
1.7538968797165445E+01
1.8954742932995675E+01
2.0370588031993073E+01
2.1781530956410798E+01
2.3182628232461621E+01
2.4568911180562193E+01
2.5935502766812181E+01
2.7277436192079968E+01
2.8589871130987053E+01
2.9867691241696829E+01
3.1105793008002269E+01
3.2298311825699834E+01
3.3438710682711886E+01
3.4518640223974650E+01
3.5527055370333599E+01
3.6450702410408873E+01
3.7273447500829903E+01
3.7982851816490083E+01
0.0000000000000000E+00
6.7259413982116223E-01
1.4645524247824495E+00
2.3636426654038432E+00
3.3539832682656958E+00
4.4221240524142713E+00
5.5558184951687331E+00
6.7459216967032365E+00
7.9847062312163333E+00
9.2656694749453425E+00
1.0583027322682900E+01
1.1931267430686701E+01
1.3305179712144200E+01
1.4699559643267930E+01
1.6109318676325802E+01
1.7529333969327478E+01
1.8954520095282142E+01
2.0379775030840616E+01
2.1799994826252114E+01
2.3210085165323488E+01
2.4604910514604725E+01
2.5979358068352187E+01
2.7328197563918945E+01
2.8646177098178050E+01
2.9927756846880008E+01
3.1167142487348997E+01
3.2357905288731693E+01
3.3492658458679962E+01
3.4562923276515910E+01
3.5558189081129854E+01
3.6467412722694995E+01
3.7278736708938084E+01
3.7983651640778007E+01
0.0000000000000000E+00
6.7819100015966782E-01
1.4650911505558135E+00
2.3531868543972916E+00
3.3315398277355670E+00
4.3893164158841858E+00
5.5157673860978083E+00
6.7019273617907880E+00
7.9397219773302981E+00
9.2221764533394737E+00
1.0542922785371879E+01
1.1896027925750502E+01
1.3275861978812094E+01
1.4676937768161434E+01
1.6093904395761967E+01
1.7521451389514461E+01
1.8954319547583061E+01
2.0387256317992072E+01
2.1815008533926438E+01
2.3232311156898124E+01
2.4633847676799604E+01
2.6014254086426813E+01
2.7368036066421688E+01
2.8689551648981762E+01
2.9972887609106685E+01
3.1211726046796443E+01
3.2399261838917170E+01
3.3527781927524799E+01
3.4588994733258147E+01
3.5573353384607024E+01
3.6471607892805672E+01
3.7274711007095803E+01
3.7976549689617947E+01
0.0000000000000000E+00
6.8478961516599202E-01
1.4699302555471725E+00
2.3511056692133043E+00
3.3206370942898875E+00
4.3699587023244426E+00
5.4897392687627420E+00
6.6715935782324332E+00
7.9074097105130843E+00
9.1900205123605083E+00
1.0512635638397068E+01
1.1869002532074392E+01
1.3253121708330029E+01
1.4659250373223356E+01
1.6081784115181527E+01
1.7515228444802265E+01
1.8954148360658522E+01
2.0393138538343887E+01
2.1826794385184911E+01
2.3249679531782068E+01
2.4656301065490876E+01
2.6041055684799410E+01
2.7398211136990309E+01
2.8721788305335785E+01
3.0005583597460898E+01
3.1242908038125403E+01
3.2426769309493018E+01
3.3549394418062398E+01
3.4602859870810171E+01
3.5578553083583046E+01
3.6468596637516058E+01
3.7265794236888006E+01
3.7965460575339321E+01
0.0000000000000000E+00
6.9083084515798499E-01
1.4759300914239981E+00
2.3529127601257889E+00
3.3163359663916654E+00
4.3592768576286609E+00
5.4736371881075057E+00
6.6516031334421601E+00
7.8852451998893240E+00
9.1673321471589269E+00
1.0490831749224743E+01
1.1849258412629888E+01
1.3236329620336765E+01
1.4646089809532331E+01
1.6072717864538763E+01
1.7510556345749460E+01
1.8954012050677203E+01
2.0397540988776395E+01
2.1835601045228145E+01
2.3262602623680980E+01
2.4672897363703271E+01
2.6060679044418606E+01
2.7420018756086790E+01
2.8744678899823260E+01
3.0028244150315619E+01
3.1263799678382920E+01
3.2444274151940803E+01
3.3561979351237554E+01
3.4609357367999223E+01
3.5578555873417606E+01
3.6462678920555128E+01
3.7255718692066786E+01
3.7953880902192644E+01
0.0000000000000000E+00
6.9569645620766596E-01
1.4814003183767701E+00
2.3560154782620759E+00
3.3154808093247983E+00
4.3540132455768479E+00
5.4644098088119595E+00
6.6393452280531866E+00
7.8711022597257374E+00
9.1524700258903984E+00
1.0476283188733271E+01
1.1835910498487083E+01
1.3224868805962343E+01
1.4637047639117387E+01
1.6066459646181965E+01
1.7507321165141313E+01
1.8953913406659613E+01
2.0400582121608565E+01
2.1841675803964854E+01
2.3271483735935035E+01
2.4684237432871324E+01
2.6073976033602364E+01
2.7434627337521547E+01
2.8759771208828628E+01
3.0042855993681027E+01
3.1276837236180700E+01
3.2454629728223033E+01
3.3568663632792770E+01
3.4611679644063983E+01
3.5576373075543529E+01
3.6456494707531718E+01
3.7246774451606115E+01
3.7943946722163616E+01
0.0000000000000000E+00
6.9873834066726614E-01
1.4850502832413772E+00
2.3584682584591814E+00
3.3157271382040641E+00
4.3516925932203216E+00
5.4597039756198456E+00
6.6327467195090497E+00
7.8632641159127754E+00
9.1440768584182823E+00
1.0467961416058422E+01
1.1828204942058237E+01
1.3218209406124746E+01
1.4631769057057351E+01
1.6062794722617816E+01
1.7505422468687822E+01
1.8953854033765317E+01
2.0402364514872406E+01
2.1845232332348836E+01
2.3276670263943608E+01
2.4690833609806106E+01
2.6081666976855463E+01
2.7443010207967856E+01
2.8768338047250037E+01
3.0051021576718430E+01
3.1283954049346971E+01
3.2460055685711588E+01
3.3571847343537456E+01
3.4612259491365030E+01
3.5574309936924521E+01
3.6452119335523633E+01
3.7240818443085722E+01
3.7937427081479790E+01
0.0000000000000000E+00
6.9982218627203086E-01
1.4863709172328803E+00
2.3594376614782751E+00
3.3159900258789645E+00
4.3511124296558972E+00
5.4583238342473086E+00
6.6307175117088706E+00
7.8607962299074687E+00
9.1413964233974507E+00
1.0465278099323793E+01
1.1825704119278468E+01
1.3216037710707418E+01
1.4630042219354049E+01
1.6061592955885946E+01
1.7504798998613929E+01
1.8953834188002254E+01
2.0402949235083145E+01
2.1846398317996069E+01
2.3278367449929998E+01
2.4692986269082439E+01
2.6084166539430054E+01
2.7445719460175003E+01
2.8771084412013078E+01
3.0053608850570484E+01
3.1286167550015310E+01
3.2461685759218263E+01
3.3572718925862524E+01
3.4612261705120112E+01
3.5573440240196632E+01
3.6450492930489361E+01
3.7238678179575608E+01
3.7935104089144907E+01
0.0000000000000000E+00
6.9873834066726603E-01
1.4850502832413774E+00
2.3584682584591805E+00
3.3157271382040587E+00
4.3516925932203181E+00
5.4597039756198367E+00
6.6327467195090408E+00
7.8632641159127656E+00
9.1440768584182877E+00
1.0467961416058417E+01
1.1828204942058239E+01
1.3218209406124753E+01
1.4631769057057360E+01
1.6062794722617820E+01
1.7505422468687826E+01
1.8953854033765317E+01
2.0402364514872410E+01
2.1845232332348832E+01
2.3276670263943604E+01
2.4690833609806102E+01
2.6081666976855477E+01
2.7443010207967848E+01
2.8768338047250051E+01
3.0051021576718430E+01
3.1283954049346988E+01
3.2460055685711581E+01
3.3571847343537435E+01
3.4612259491364973E+01
3.5574309936924479E+01
3.6452119335523577E+01
3.7240818443085701E+01
3.7937427081479768E+01
0.0000000000000000E+00
6.9569645620766629E-01
1.4814003183767701E+00
2.3560154782620741E+00
3.3154808093247965E+00
4.3540132455768417E+00
5.4644098088119515E+00
6.6393452280531777E+00
7.8711022597257188E+00
9.1524700258904002E+00
1.0476283188733261E+01
1.1835910498487088E+01
1.3224868805962352E+01
1.4637047639117410E+01
1.6066459646181976E+01
1.7507321165141313E+01
1.8953913406659609E+01
2.0400582121608590E+01
2.1841675803964840E+01
2.3271483735935039E+01
2.4684237432871328E+01
2.6073976033602385E+01
2.7434627337521576E+01
2.8759771208828635E+01
3.0042855993681041E+01
3.1276837236180732E+01
3.2454629728223026E+01
3.3568663632792749E+01
3.4611679644063926E+01
3.5576373075543444E+01
3.6456494707531625E+01
3.7246774451606058E+01
3.7943946722163581E+01
0.0000000000000000E+00
6.9083084515798476E-01
1.4759300914239972E+00
2.3529127601257858E+00
3.3163359663916623E+00
4.3592768576286547E+00
5.4736371881074941E+00
6.6516031334421433E+00
7.8852451998893089E+00
9.1673321471589286E+00
1.0490831749224744E+01
1.1849258412629894E+01
1.3236329620336781E+01
1.4646089809532349E+01
1.6072717864538770E+01
1.7510556345749468E+01
1.8954012050677218E+01
2.0397540988776424E+01
2.1835601045228152E+01
2.3262602623681001E+01
2.4672897363703292E+01
2.6060679044418638E+01
2.7420018756086808E+01
2.8744678899823278E+01
3.0028244150315647E+01
3.1263799678382945E+01
3.2444274151940782E+01
3.3561979351237511E+01
3.4609357367999159E+01
3.5578555873417500E+01
3.6462678920555028E+01
3.7255718692066715E+01
3.7953880902192580E+01
0.0000000000000000E+00
6.8478961516599135E-01
1.4699302555471718E+00
2.3511056692133021E+00
3.3206370942898835E+00
4.3699587023244355E+00
5.4897392687627331E+00
6.6715935782324163E+00
7.9074097105130745E+00
9.1900205123605136E+00
1.0512635638397068E+01
1.1869002532074406E+01
1.3253121708330053E+01
1.4659250373223374E+01
1.6081784115181545E+01
1.7515228444802279E+01
1.8954148360658561E+01
2.0393138538343923E+01
2.1826794385184922E+01
2.3249679531782093E+01
2.4656301065490922E+01
2.6041055684799442E+01
2.7398211136990351E+01
2.8721788305335828E+01
3.0005583597460927E+01
3.1242908038125400E+01
3.2426769309492983E+01
3.3549394418062327E+01
3.4602859870810086E+01
3.5578553083582932E+01
3.6468596637515951E+01
3.7265794236887913E+01
3.7965460575339229E+01
0.0000000000000000E+00
6.7819100015966649E-01
1.4650911505558115E+00
2.3531868543972871E+00
3.3315398277355603E+00
4.3893164158841778E+00
5.5157673860977985E+00
6.7019273617907764E+00
7.9397219773302883E+00
9.2221764533394737E+00
1.0542922785371879E+01
1.1896027925750513E+01
1.3275861978812118E+01
1.4676937768161453E+01
1.6093904395761999E+01
1.7521451389514489E+01
1.8954319547583093E+01
2.0387256317992108E+01
2.1815008533926473E+01
2.3232311156898174E+01
2.4633847676799654E+01
2.6014254086426892E+01
2.7368036066421741E+01
2.8689551648981830E+01
2.9972887609106685E+01
3.1211726046796436E+01
3.2399261838917106E+01
3.3527781927524735E+01
3.4588994733258048E+01
3.5573353384606904E+01
3.6471607892805551E+01
3.7274711007095682E+01
3.7976549689617819E+01
0.0000000000000000E+00
6.7259413982116023E-01
1.4645524247824451E+00
2.3636426654038365E+00
3.3539832682656900E+00
4.4221240524142660E+00
5.5558184951687242E+00
6.7459216967032312E+00
7.9847062312163262E+00
9.2656694749453461E+00
1.0583027322682899E+01
1.1931267430686709E+01
1.3305179712144218E+01
1.4699559643267948E+01
1.6109318676325859E+01
1.7529333969327514E+01
1.8954520095282177E+01
2.0379775030840658E+01
2.1799994826252160E+01
2.3210085165323544E+01
2.4604910514604807E+01
2.5979358068352283E+01
2.7328197563919012E+01
2.8646177098178132E+01
2.9927756846880033E+01
3.1167142487348976E+01
3.2357905288731637E+01
3.3492658458679884E+01
3.4562923276515782E+01
3.5558189081129719E+01
3.6467412722694839E+01
3.7278736708937949E+01
3.7983651640777857E+01
0.0000000000000000E+00
6.6979434034499297E-01
1.4726500051900271E+00
2.3883737515205912E+00
3.3944315548970523E+00
4.4740695511372301E+00
5.6146365554808249E+00
6.8071222896034955E+00
8.0449760934893728E+00
9.3223393729037234E+00
1.0634226351151078E+01
1.1975585197640969E+01
1.3341644730447657E+01
1.4727477045291227E+01
1.6128235602205827E+01
1.7538968797165495E+01
1.8954742932995725E+01
2.0370588031993130E+01
2.1781530956410851E+01
2.3182628232461685E+01
2.4568911180562303E+01
2.5935502766812302E+01
2.7277436192080064E+01
2.8589871130987131E+01
2.9867691241696857E+01
3.1105793008002227E+01
3.2298311825699756E+01
3.3438710682711800E+01
3.4518640223974508E+01
3.5527055370333436E+01
3.6450702410408717E+01
3.7273447500829732E+01
3.7982851816489926E+01
0.0000000000000000E+00
6.7419980796634837E-01
1.4971526152808305E+00
2.4371804944171447E+00
3.4612932479815810E+00
4.5520226901313876E+00
5.6968319850512987E+00
6.8887439144525828E+00
8.1225870641370612E+00
9.3935327823442449E+00
1.0697364554232609E+01
1.2029513048783137E+01
1.3385580022694713E+01
1.4760880559583667E+01
1.6150757597229532E+01
1.7550397162959204E+01
1.8954979860044620E+01
2.0359636789579291E+01
2.1759494932285666E+01
2.3149726212203504E+01
2.4525497397378995E+01
2.5882121599806737E+01
2.7214864974125188E+01
2.8519254105415111E+01
2.9790603768544553E+01
3.1024540831456804E+01
3.2215976910328997E+01
3.3359644549381599E+01
3.4448200024701215E+01
3.5470973251410093E+01
3.6412884930932051E+01
3.7251617895744801E+01
3.7967455060904214E+01
0.0000000000000000E+00
6.9219048471840328E-01
1.5511108993402050E+00
2.5223544383208010E+00
3.5661147378415219E+00
4.6625230310453416E+00
5.8068093728346497E+00
6.9932432433143932E+00
8.2190182818993023E+00
9.4800762354712376E+00
1.0772906701803166E+01
1.2093300343249524E+01
1.3437112288547336E+01
1.4799829765542817E+01
1.6176907642357477E+01
1.7563623334336445E+01
1.8955223148916033E+01
2.0346900336460951E+01
2.1733843568175253E+01
2.3111292522349490E+01
2.4474505800777457E+01
2.5818912856431503E+01
2.7139952216396665E+01
2.8433405008907876E+01
2.9694941922119778E+01
3.0920826322717005E+01
3.2106732739872292E+01
3.3249109754022633E+01
3.4341994920458042E+01
3.5378601004605130E+01
3.6342518685646510E+01
3.7204056240014467E+01
3.7930932492903928E+01
0.0000000000000000E+00
7.4204630565102803E-01
1.6529757672806831E+00
2.6635886027106395E+00
3.7144274239837056E+00
4.8093530656021226E+00
5.9452093123549119E+00
7.1207461462813093E+00
8.3339051288429040E+00
9.5815766545597647E+00
1.0860461697394371E+01
1.2166627737563861E+01
1.3495990937991010E+01
1.4844145635863308E+01
1.6206569555646155E+01
1.7578589509796981E+01
1.8955469160049542E+01
2.0332427962020962E+01
2.1704680621799614E+01
2.3067486157912864E+01
2.4416153259135957E+01
2.5746140999816152E+01
2.7052993633000952E+01
2.8332575401800558E+01
2.9580802906023738E+01
3.0794234365372390E+01
3.1969203117715061E+01
3.3103316846003601E+01
3.4192737304190139E+01
3.5234801901605998E+01
3.6220636992418285E+01
3.7113089352067348E+01
3.7854408232168026E+01
0.0000000000000000E+00
8.5352418668332375E-01
1.8679430987195262E+00
2.8693894076162163E+00
3.9129004579678233E+00
4.9912768278390613E+00
6.1107901522417185E+00
7.2694587615335884E+00
8.4658512163810702E+00
9.6968763750442868E+00
1.0959181724606839E+01
1.2248864134854871E+01
1.3561778028119171E+01
1.4893528951926882E+01
1.6239562840188853E+01
1.7595208969613548E+01
1.8955717957061776E+01
2.0316305449915202E+01
2.1672183152547710E+01
2.3018596584699687E+01
2.4350858750260056E+01
2.5664396699863541E+01
2.6954772092543610E+01
2.8217784785617265E+01
2.9449411107364661E+01
3.0646113230918889E+01
3.1804449573892644E+01
3.2922141792823659E+01
3.3996283691876116E+01
3.5027682260300651E+01
3.6009762090456377E+01
3.6948244850120993E+01
3.7735499951124140E+01
0.0000000000000000E+00
1.1629423071835308E+00
2.1303795831175489E+00
3.1279527780263607E+00
4.1410751794548988E+00
5.1990745299981063E+00
6.2960733606503680E+00
7.4349750766401650E+00
8.6116494087227871E+00
9.8239286471619529E+00
1.1067621535427547E+01
1.2339081286858264E+01
1.3633841198229954E+01
1.4947593332924823E+01
1.6275655669058985E+01
1.7613382200906564E+01
1.8955977846757463E+01
2.0298648526894482E+01
2.1636601013421345E+01
2.2965028987191193E+01
2.4279275614978499E+01
2.5574629950530976E+01
2.6846746946133752E+01
2.8091091275207951E+01
2.9303886227215557E+01
3.0480785993115745E+01
3.1619027058740937E+01
3.2714288164591338E+01
3.3765725127824020E+01
3.4769122512309437E+01
3.5723214018979633E+01
3.6637154147230817E+01
3.7406227980336297E+01
