0.0000000000000000E+00
6.6666006980020831E-01
1.1771167373978755E+00
1.6747931274297314E+00
2.1565383550806914E+00
2.6440130572147700E+00
3.1365494568809229E+00
3.6387175198480244E+00
4.1503455915698622E+00
4.6726768897816688E+00
5.2054381791384925E+00
5.7489654690602841E+00
6.3028818489647831E+00
6.8671557843823336E+00
7.4413484402192420E+00
8.0252348778556950E+00
8.6183365262037892E+00
9.2203102252544369E+00
9.8306479788613341E+00
1.0448927455647331E+01
1.1074616780763703E+01
1.1707237598241463E+01
1.2346238044017896E+01
1.2991098961677206E+01
1.3641251896076923E+01
1.4296147750397822E+01
1.4955204781207682E+01
1.5617852186609797E+01
1.6283498264288404E+01
1.6951557046413740E+01
1.7621430274250841E+01
1.8292522200691590E+01
1.8964231534075754E+01
1.9635957329334829E+01
2.0307098983529968E+01
2.0977054363480256E+01
2.1645227589357329E+01
2.2311018931931947E+01
2.2973841736219207E+01
2.3633101930832296E+01
2.4288227253457197E+01
2.4938632199372734E+01
2.5583764987748697E+01
2.6223051119741953E+01
2.6855966645762869E+01
2.7481949741750654E+01
2.8100513388516664E+01
2.8711108749748735E+01
2.9313297358413582E+01
2.9906541238069394E+01
3.0490465976118440E+01
3.1064537842375596E+01
3.1628468510776244E+01
3.2181713287486318E+01
3.2724104331916784E+01
3.3255052964619296E+01
3.3774574030928235E+01
3.4281960475806365E+01
3.4777551769994304E+01
3.5260352715207880E+01
3.5731389502097528E+01
3.6189335080632539E+01
3.6634640664524795E+01
3.7072211827340801E+01
3.7450335899199899E+01
0.0000000000000000E+00
4.7890512543374436E-01
1.0138090335870273E+00
1.5101016561760490E+00
2.0061422291164939E+00
2.5016818946431942E+00
3.0034263101374332E+00
3.5129081663846540E+00
4.0316935223962744E+00
4.5603547060908998E+00
5.0992536792242760E+00
5.6484667126944954E+00
6.2079356703001309E+00
6.7774898009509696E+00
7.3568751590000137E+00
7.9457828177569976E+00
8.5438483424907989E+00
9.1506758629502158E+00
9.7658298485755655E+00
1.0388854527820085E+01
1.1019264527789774E+01
1.1656560351324726E+01
1.2300219963491287E+01
1.2949711030640044E+01
1.3604484061993199E+01
1.4263981968192189E+01
1.4927634854109078E+01
1.5594867324857603E+01
1.6265094859318879E+01
1.6937729190204383E+01
1.7612176154780652E+01
1.8287839393568131E+01
1.8964119595348524E+01
1.9640416688939371E+01
2.0316130440740604E+01
2.0990661252136523E+01
2.1663412113927293E+01
2.2333788068578237E+01
2.3001199566771099E+01
2.3665060613789336E+01
2.4324793598218864E+01
2.4979826127298342E+01
2.5629597388739803E+01
2.6273553717062722E+01
2.6911156471580373E+01
2.7541876521219869E+01
2.8165203399687076E+01
2.8780639276988328E+01
2.9387708614397845E+01
2.9985953106851465E+01
3.0574939784074417E+01
3.1154260619436631E+01
3.1723533891568756E+01
3.2282417771234094E+01
3.2830591487823504E+01
3.3367807850703990E+01
3.3893816333914820E+01
3.4408530036584168E+01
3.4911767026216964E+01
3.5403809366044555E+01
3.5884428150102956E+01
3.6355094751206131E+01
3.6813343572988714E+01
3.7262669008883407E+01
3.7649609135039228E+01
0.0000000000000000E+00
4.0322181077366709E-01
8.7249958385452497E-01
1.3709957681076745E+00
1.8683526382932747E+00
2.3704635308096065E+00
2.8784518931056833E+00
3.3942461399087098E+00
3.9190700778290330E+00
4.4534923667500310E+00
4.9979348352788682E+00
5.5524692680930441E+00
6.1171007820092118E+00
6.6916639150155772E+00
7.2759472270630869E+00
7.8696493038110820E+00
8.4724331966266355E+00
9.0839097675173406E+00
9.7036613707480939E+00
1.0331237539669322E+01
1.0966164638752533E+01
1.1607947141517378E+01
1.2256070747512416E+01
1.2910006023438404E+01
1.3569208575060324E+01
1.4233123410932524E+01
1.4901183990868171E+01
1.5572816449557157E+01
1.6247438485597090E+01
1.6924462994555125E+01
1.7603297320854477E+01
1.8283346083375882E+01
1.8964011071008532E+01
1.9644693186648464E+01
2.0324793122321360E+01
2.1003712448051786E+01
2.1680855096648600E+01
2.2355627716688279E+01
2.3027441889857602E+01
2.3695713985508448E+01
2.4359867884963194E+01
2.5019334762673751E+01
2.5673555847594816E+01
2.6321982884560367E+01
2.6964080030281643E+01
2.7599326350919497E+01
2.8227215151550748E+01
2.8847261009966246E+01
2.9458993299762579E+01
3.0061972526317643E+01
3.0655771675943459E+01
3.1240011355867143E+01
3.1814315792474144E+01
3.2378386860885485E+01
3.2931905408035455E+01
3.3474689860622604E+01
3.4006470984351594E+01
3.4527247755042005E+01
3.5036735744067698E+01
3.5535199578563876E+01
3.6021950528583062E+01
3.6496762521420706E+01
3.6956020032176902E+01
3.7381810948114349E+01
3.7745602751627288E+01
0.0000000000000000E+00
3.6302207228333483E-01
7.9533553295342263E-01
1.2668268881009903E+00
1.7570763957486772E+00
2.2572474840776136E+00
2.7673225781362749E+00
3.2864427264220222E+00
3.8154075730628163E+00
4.3542112945263796E+00
4.9031896474113017E+00
5.4622632976437444E+00
6.0314365050523282E+00
6.6104952401954282E+00
7.1992441230994588E+00
7.7973641609338422E+00
8.4045345458777003E+00
9.0203593994116744E+00
9.6444338802682612E+00
1.0276304893013242E+01
1.0915508225543221E+01
1.1561547343896470E+01
1.2213914652865361E+01
1.2872080361864647E+01
1.3535504749295905E+01
1.4203632738889794E+01
1.4875900989252401E+01
1.5551735692017404E+01
1.6230556694065093E+01
1.6911777069661206E+01
1.7594805572372316E+01
1.8279047158760548E+01
1.8963904513202454E+01
1.9648779111703671E+01
2.0333072189071157E+01
2.1016186238145398E+01
2.1697525493267936E+01
2.2376498035240779E+01
2.3052515575754168E+01
2.3724996644174290E+01
2.4393365106067680E+01
2.5057055317341987E+01
2.5715508308046566E+01
2.6368180410216894E+01
2.7014535244752707E+01
2.7654058346123858E+01
2.8286241748398769E+01
2.8910608887749927E+01
2.9526686183025838E+01
3.0134045680136037E+01
3.0732253471882224E+01
3.1320943578151962E+01
3.1899723839647816E+01
3.2468306448407475E+01
3.3026331804357504E+01
3.3573605346029510E+01
3.4109751382939663E+01
3.4634652851056060E+01
3.5147715395401526E+01
3.5648655606688600E+01
3.6135742157974668E+01
3.6606713964542649E+01
3.7054202689318835E+01
3.7464045383178863E+01
3.7820450148399786E+01
0.0000000000000000E+00
3.4175522831083904E-01
7.4606402716380538E-01
1.1947841606343832E+00
1.6702876525665193E+00
2.1643981600262565E+00
2.6721441363368452E+00
3.1917424538971129E+00
3.7225528160941388E+00
4.2640914143986617E+00
4.8163032473200813E+00
5.3789131696456511E+00
5.9518098879227388E+00
6.5346996154977237E+00
7.1273509867916509E+00
7.7294111464492294E+00
8.3405487024910183E+00
8.9603526492084047E+00
9.5884160241078344E+00
1.0224278609121694E+01
1.0867476762392018E+01
1.1517510402852212E+01
1.2173873156777875E+01
1.2836033353804405E+01
1.3503452442559752E+01
1.4175574284196543E+01
1.4851836448941075E+01
1.5531664497049661E+01
1.6214478900801563E+01
1.6899692360128370E+01
1.7586713997386330E+01
1.8274948578593346E+01
1.8963798938654023E+01
1.9652666524438594E+01
2.0340952529977898E+01
2.1028059585289917E+01
2.1713391696993352E+01
2.2396357267910407E+01
2.3076367563956033E+01
2.3752841639242067E+01
2.4425202604777056E+01
2.5092885534645610E+01
2.5755330194748929E+01
2.6411993732592947E+01
2.7062337577669226E+01
2.7705847855032282E+01
2.8342012616260977E+01
2.8970354783515841E+01
2.9590393186407560E+01
3.0201695999254753E+01
3.0803814194144994E+01
3.1396368829019607E+01
3.1978936296772108E+01
3.2551191732484554E+01
3.3112707250034973E+01
3.3663185733266978E+01
3.4202097122864537E+01
3.4729035012851895E+01
3.5243052411252876E+01
3.5743038456855366E+01
3.6226601614629537E+01
3.6689566202956144E+01
3.7125254670020198E+01
3.7523207850947465E+01
3.7873930218962926E+01
0.0000000000000000E+00
3.2945781951228392E-01
7.1517569938759928E-01
1.1449532807227687E+00
1.6064155087682346E+00
2.0912005000895042E+00
2.5938667900188221E+00
3.1112165407935564E+00
3.6417112072612046E+00
4.1842203706205989E+00
4.7382495635285515E+00
5.3032528671644679E+00
5.8789327698310343E+00
6.4648759433751808E+00
7.0607719514257381E+00
7.6662114642113224E+00
8.2808283137255891E+00
8.9041830043407248E+00
9.5358526357015077E+00
1.0175361681819515E+01
1.0822238878275776E+01
1.1475975404723801E+01
1.2136061058917287E+01
1.2801958887605640E+01
1.3473128282526332E+01
1.4149009739709603E+01
1.4829039602365597E+01
1.5512641183327162E+01
1.6199234097074353E+01
1.6888229473258193E+01
1.7579035700914456E+01
1.8271056391753788E+01
1.8963693619404175E+01
1.9656347919744380E+01
2.0348419574350679E+01
2.1039310409754755E+01
2.1728423235324431E+01
2.2415165620577827E+01
2.3098947168848550E+01
2.3779185889167284E+01
2.4455302487032526E+01
2.5126730484577898E+01
2.5792906038418483E+01
2.6453283700053294E+01
2.7107319279175591E+01
2.7754494220333616E+01
2.8394287471001373E+01
2.9026213093018132E+01
2.9649774531736181E+01
3.0264522565185533E+01
3.0869981010463185E+01
3.1465735660505050E+01
3.2051312869640263E+01
3.2626314129171398E+01
3.3190215743508986E+01
3.3742563333217518E+01
3.4282639388716717E+01
3.4809705226517110E+01
3.5322461696197934E+01
3.5819200193911811E+01
3.6297065770779597E+01
3.6751729228380690E+01
3.7177460054158857E+01
3.7566912172030946E+01
3.7914248564520086E+01
0.0000000000000000E+00
3.2264250521401633E-01
6.9571148517634651E-01
1.1111284331433280E+00
1.5598434521837923E+00
2.0349755938006493E+00
2.5309788995504299E+00
3.0443784952400881E+00
3.5728455744313732E+00
4.1148281162578995E+00
4.6693676039538436E+00
5.2356591567230790E+00
5.8131783018865502E+00
6.4013730478126236E+00
6.9998230695239139E+00
7.6080452742415572E+00
8.2256184800568519E+00
8.8520626510806188E+00
9.4869260323925655E+00
1.0129709789806157E+01
1.0779926732258257E+01
1.1437053986571202E+01
1.2100572079462106E+01
1.2769935187901368E+01
1.3444596995777230E+01
1.4123992152482126E+01
1.4807553258250852E+01
1.5494699599328463E+01
1.6184848134894892E+01
1.6877407074624944E+01
1.7571782715994676E+01
1.8267376396914091E+01
1.8963588308334923E+01
1.9659817023515949E+01
2.0355460863675308E+01
2.1049919716281909E+01
2.1742594068351590E+01
2.2432889272318011E+01
2.3120211906157760E+01
2.3803977100031521E+01
2.4483601359466935E+01
2.5158514098474747E+01
2.5828145380910598E+01
2.6491943492752277E+01
2.7149355090842068E+01
2.7799851575863478E+01
2.8442897695174842E+01
2.9077990727587469E+01
2.9704611373325491E+01
3.0322281302276885E+01
3.0930486757742585E+01
3.1528761342966966E+01
3.2116567736589957E+01
3.2693411483367072E+01
3.3258659978066966E+01
3.3811681900579316E+01
3.4351580526450633E+01
3.4877311125166209E+01
3.5387336060832887E+01
3.5879569115506676E+01
3.6351139916607877E+01
3.6798032221739319E+01
3.7215664057258905E+01
3.7598858189781161E+01
3.7943765906807570E+01
0.0000000000000000E+00
3.1899040395897976E-01
6.8363976220345546E-01
1.0883354468750044E+00
1.5265493664219041E+00
1.9926325235736717E+00
2.4816716412314355E+00
2.9901506697531834E+00
3.5154578876819529E+00
4.0557323031692460E+00
4.6096777918093190E+00
5.1762559901286975E+00
5.7547241559343369E+00
6.3443879194513748E+00
6.9447022950087041E+00
7.5551008655436434E+00
8.1750923730704699E+00
8.8041475041464317E+00
9.4417742729894254E+00
1.0087443840687563E+01
1.0740645098975172E+01
1.1400836250597237E+01
1.2067483025351414E+01
1.2740027227063427E+01
1.3417912989959849E+01
1.4100566575709797E+01
1.4787414124907938E+01
1.5477869006433707E+01
1.6171343544519118E+01
1.6867241551995395E+01
1.7564965716741277E+01
1.8263913852900824E+01
1.8963483005884076E+01
1.9663068602485826E+01
2.0362065827598176E+01
2.1059871357511255E+01
2.1755882115128369E+01
2.2449499708672590E+01
2.3140126227790468E+01
2.3827171942371578E+01
2.4510047299049745E+01
2.5188174912509020E+01
2.5860976289596721E+01
2.6527889710845692E+01
2.7188349356996010E+01
2.7841811352420695E+01
2.8487721778595262E+01
2.9125553882132184E+01
2.9754759795729072E+01
3.0374822426297857E+01
3.0985183489510042E+01
3.1585312976498283E+01
3.2174603656507372E+01
3.2752456704858190E+01
3.3318132057792113E+01
3.3870834574731447E+01
3.4409518256943024E+01
3.4932923241299513E+01
3.5439376566671591E+01
3.5926688501743165E+01
3.6392144223623362E+01
3.6832269653184355E+01
3.7243434949241397E+01
3.7621909940995067E+01
3.7965074135975080E+01
0.0000000000000000E+00
3.1751644695936621E-01
6.7665992698788469E-01
1.0735068612433309E+00
1.5032450144514307E+00
1.9613838010231384E+00
2.4437036553059528E+00
2.9469496229568684E+00
3.4684489992596044E+00
4.0062198659542627E+00
4.5587331412750016E+00
5.1247815297154808E+00
5.7034322651435208E+00
6.2938626309196541E+00
6.8954032459344825E+00
7.5074025976525629E+00
8.1292924144648975E+00
8.7604887107379543E+00
9.4004519169239025E+00
1.0048617875898408E+01
1.0704445511377616E+01
1.1367369758731158E+01
1.2036836945556448E+01
1.2712273160020382E+01
1.3393109568717133E+01
1.4078761513573445E+01
1.4768646138746567E+01
1.5462168956985455E+01
1.6158735736639251E+01
1.6857744353362747E+01
1.7558592365123815E+01
1.8260672752301598E+01
1.8963378118519255E+01
1.9666099514545376E+01
2.0368227764274394E+01
2.1069155040517959E+01
2.1768273407078155E+01
2.2464979224772620E+01
2.3158668587001149E+01
2.3848745025257955E+01
2.4534611054995445E+01
2.5215680050756490E+01
2.5891362564491743E+01
2.6561083658808410E+01
2.7224261961994223E+01
2.7880334142411414E+01
2.8528723786466987E+01
2.9168874907141667E+01
2.9800206700343637E+01
3.0422157557949824E+01
3.1034120825666250E+01
3.1635498639546629E+01
3.2225613910192386E+01
3.2803767064376203E+01
3.3369123491759282E+01
3.3920752124048541E+01
3.4457503422735854E+01
3.4977986195646480E+01
3.5480497068029813E+01
3.5962890328078942E+01
3.6422712758799172E+01
3.6857035743043149E+01
3.7262987194986671E+01
3.7637818940539674E+01
3.7979663026064529E+01
0.0000000000000000E+00
3.1741051608485549E-01
6.7311783715601925E-01
1.0642968266563742E+00
1.4873809942519856E+00
1.9388010252080803E+00
2.4150319538352800E+00
2.9131517787745587E+00
3.4306105914358116E+00
3.9654134093175641E+00
4.5159209588906677E+00
5.0808157421845648E+00
5.6590245218077229E+00
6.2496184881190509E+00
6.8518173186908928E+00
7.4648897084545984E+00
8.0881902793753486E+00
8.7210793282863737E+00
9.3629656519808062E+00
1.0013246900696032E+01
1.0671347507496622E+01
1.1336676124364063E+01
1.2008655748215094E+01
1.2686694123302201E+01
1.3370206308703413E+01
1.4058594574895189E+01
1.4751264629363861E+01
1.5447612387476401E+01
1.6147035159867219E+01
1.6848923441073694E+01
1.7552668131410190E+01
1.8257656107888739E+01
1.8963274229269878E+01
1.9668907952011974E+01
2.0373942526576684E+01
2.1077764331818475E+01
2.1779759327791581E+01
2.2479317137981237E+01
2.3175826467589129E+01
2.3868682287982459E+01
2.4557277538624444E+01
2.5241014069850266E+01
2.5919289499368006E+01
2.6591512825727303E+01
2.7257084796017768E+01
2.7915419228948394E+01
2.8565914697474359E+01
2.9207982382812755E+01
2.9841006422471114E+01
3.0464378077571851E+01
3.1077442168239926E+01
3.1679534526985243E+01
3.2269913678246979E+01
3.2847792428217083E+01
3.3412260137839297E+01
3.3962288716669448E+01
3.4496667522563428E+01
3.5013953986022173E+01
3.5512479267194159E+01
3.5990230755056302E+01
3.6445033997840575E+01
3.6874441464729180E+01
3.7276163425762213E+01
3.7648121379050771E+01
3.7988943050859923E+01
0.0000000000000000E+00
3.1828216011873312E-01
6.7202413552704865E-01
1.0592013655960797E+00
1.4771330160360117E+00
1.9229942241974869E+00
2.3938693061899281E+00
2.8872026894993819E+00
3.4006455963463798E+00
3.9322765928284897E+00
4.4804297234281991E+00
5.0437365460025765E+00
5.6210296361585392E+00
6.2113023689754572E+00
6.8136823923089924E+00
7.4273690683670859E+00
8.0516451667835245E+00
8.6858175295242521E+00
9.3292429473776775E+00
9.9812799087819268E+00
1.0641316108804940E+01
1.1308731945913257E+01
1.1982924514300967E+01
1.2663281147896960E+01
1.3349198459007230E+01
1.4040063795650259E+01
1.4735269462041291E+01
1.5434200200096949E+01
1.6136243243867789E+01
1.6840780363265804E+01
1.7547194446133933E+01
1.8254865074488343E+01
1.8963172171369539E+01
1.9671494465793625E+01
2.0379210507181515E+01
2.1085699709573362E+01
2.1790340769622002E+01
2.2492515270966791E+01
2.3191603254110202E+01
2.3886989612264436E+01
2.4578056252465878E+01
2.5264191712625259E+01
2.5944779025811599E+01
2.6619209088359149E+01
2.7286863018825997E+01
2.7947129696182827E+01
2.8599381176189503E+01
2.9242994261922483E+01
2.9877317624424556E+01
3.0501695826899578E+01
3.1115427712475416E+01
3.1717788288014308E+01
3.2307980815340009E+01
3.2885146700983967E+01
3.3448320752807156E+01
3.3996412619409384E+01
3.4528189184170408E+01
3.5042210295513165E+01
3.5536885247588451E+01
3.6010369426187580E+01
3.6460755964257537E+01
3.6885999834058659E+01
3.7284252918852395E+01
3.7653905762004051E+01
3.7993916614169066E+01
0.0000000000000000E+00
3.1976319300855388E-01
6.7259469276347317E-01
1.0570230370915363E+00
1.4710300571691841E+00
1.9123756259246760E+00
2.3786619705276646E+00
2.8676810908499490E+00
3.3773199131820442E+00
3.9057745478014354E+00
4.4514156875708197E+00
5.0128676651760182E+00
5.5889138817579669E+00
6.1784965385183126E+00
6.7806744917309700E+00
7.3945905881767953E+00
8.0194652448767076E+00
8.6545567480479875E+00
9.2991724554778941E+00
9.9526327341285210E+00
1.0614288106933545E+01
1.1283490110914862E+01
1.1959608428954930E+01
1.2642008802139127E+01
1.3330067671405123E+01
1.4023156177735149E+01
1.4720651614726204E+01
1.5421926340022200E+01
1.6126356112368011E+01
1.6833312875302106E+01
1.7542170300197387E+01
1.8252299652681948E+01
1.8963072855185263E+01
1.9673860912259489E+01
2.0384034678604930E+01
2.1092965566247191E+01
2.1800024021049651E+01
2.2504582449297285E+01
2.3206011196130778E+01
2.3903683799488128E+01
2.4596970044025447E+01
2.5285243750318351E+01
2.5967872269451629E+01
2.6644226986383352E+01
2.7313668472697586E+01
2.7975559608450570E+01
2.8629245637077702E+01
2.9274069080651376E+01
2.9909344387457693E+01
3.0534372305227855E+01
3.1148410177306811E+01
3.1750680776309657E+01
3.2340342517538403E+01
3.2916483970145386E+01
3.3478104769009136E+01
3.4024083961998187E+01
3.4553193463923918E+01
3.5064032467684520E+01
3.5555108008846098E+01
3.6024749638215781E+01
3.6471289210584274E+01
3.6893006826906657E+01
3.7288391471018819E+01
3.7656167695172066E+01
3.7995524293897276E+01
0.0000000000000000E+00
3.2166134965877363E-01
6.7432946072382904E-01
1.0569600801585353E+00
1.4680247690166524E+00
1.9057481579819202E+00
2.3681624253760343E+00
2.8533757274310037E+00
3.3595133507037827E+00
3.8849128819595489E+00
4.4280189858612680E+00
4.9874826403698531E+00
5.5620722217130378E+00
6.1507035357917585E+00
6.7523879328325762E+00
7.3662257940976277E+00
7.9913859566937591E+00
8.6270848188977514E+00
9.2725847509242421E+00
9.9271705042687870E+00
1.0590156606393679E+01
1.1260866162869982E+01
1.1938641129094865E+01
1.2622825164241982E+01
1.3312773646625564E+01
1.4007840684169452E+01
1.4707387524542019E+01
1.5410773242184048E+01
1.6117361117375335E+01
1.6826512393965736E+01
1.7537590605818622E+01
1.8249957871097450E+01
1.8962977264267831E+01
1.9676011256076123E+01
2.0388422201910050E+01
2.1099572691989732E+01
2.1808824127557724E+01
2.2515538882033333E+01
2.3219076807137370E+01
2.3918799197140387E+01
2.4614062937819632E+01
2.5304226275691782E+01
2.5988640230827162E+01
2.6666656037005104E+01
2.7337613451110112E+01
2.8000849339377222E+01
2.8655682759348995E+01
2.9301423355372584E+01
2.9937353803994593E+01
3.0562735249020463E+01
3.1176789306417952E+01
3.1778695635131768E+01
3.2367578827699631E+01
3.2942490900356937E+01
3.3502413710623713E+01
3.4046218833247060E+01
3.4572703305114473E+01
3.5080525882715108E+01
3.5568298605923367E+01
3.6034516479916661E+01
3.6477717230791811E+01
3.6896442151840276E+01
3.7289436982588448E+01
3.7655669324129313E+01
3.7994491227416972E+01
0.0000000000000000E+00
3.2377943299753453E-01
6.7680665437468124E-01
1.0583451603170591E+00
1.4672457323795607E+00
1.9021001436809992E+00
2.3612943064841554E+00
2.8432136633801126E+00
3.3462079813420180E+00
3.8687620140555121E+00
4.4094152003589420E+00
4.9668662181539354E+00
5.5398949039635559E+00
6.1274099782359892E+00
6.7283951038497243E+00
7.3419210661772016E+00
7.9671169140355458E+00
8.6031643703384848E+00
9.2492867872299467E+00
9.9047367906831632E+00
1.0568795411804048E+01
1.1240758685863089E+01
1.1919941505973474E+01
1.2605665706102613E+01
1.3297265398003415E+01
1.3994077391689256E+01
1.4695446330153477E+01
1.5400717521386342E+01
1.6109241103614107E+01
1.6820367061450149E+01
1.7533448129268688E+01
1.8247836697433609E+01
1.8962886366323250E+01
1.9677950485319787E+01
2.0392382323632418E+01
2.1105535054780908E+01
2.1816760486540652E+01
2.2525410365793110E+01
2.3230833555704564E+01
2.3932378556790745E+01
2.4629388972410009E+01
2.5321207081355091E+01
2.6007167437587050E+01
2.6686601127755203E+01
2.7358827478848688E+01
2.8023158202706394E+01
2.8678887558555026E+01
2.9325294815251407E+01
2.9961634040238771E+01
3.0587132117826076E+01
3.1200980923831260E+01
3.1802326643134794E+01
3.2390269810293319E+01
3.2963840587949662E+01
3.3522016129586000E+01
3.4063677731584875E+01
3.4587659114131746E+01
3.5092688062115400E+01
3.5577479329456665E+01
3.6040676656539951E+01
3.6480991904203151E+01
3.6897174046324636E+01
3.7288166962997295E+01
3.7653118013725063E+01
3.7991498379823980E+01
0.0000000000000000E+00
3.2601042019071597E-01
6.7974520104226177E-01
1.0607162496965017E+00
1.4680629183050478E+00
1.9006707744445670E+00
2.3572151816811004E+00
2.8363203210342682E+00
3.3365396328849881E+00
3.8565013455069117E+00
4.3948478497364718E+00
4.9503384032088782E+00
5.5217816409197455E+00
6.1080944045117738E+00
6.7082481415534145E+00
7.3212957529464040E+00
7.9463370476568471E+00
8.5825265177365129E+00
9.2290546684645580E+00
9.8851461666090810E+00
1.0550051734996021E+01
1.1223042402881884E+01
1.1903407411139991E+01
1.2590447618901999E+01
1.3283476314914825E+01
1.3981813213365003E+01
1.4684786313365425E+01
1.5391727036886698E+01
1.6101972123632436E+01
1.6814860032725587E+01
1.7529732360891362E+01
1.8245931445380112E+01
1.8962801057710099E+01
1.9679685084564788E+01
2.0395927370398191E+01
2.1110871342174431E+01
2.1823858918750034E+01
2.2534230937326679E+01
2.3241325063786388E+01
2.3944476835976122E+01
2.4643016538455253E+01
2.5336270559612490E+01
2.6023557284563612E+01
2.6704188217872996E+01
2.7377463168997522E+01
2.8042670156641314E+01
2.8699080619053849E+01
2.9345946433816923E+01
2.9982496736535744E+01
3.0607929478944058E+01
3.1221412874618075E+01
3.1822068029429673E+01
3.2408980174749239E+01
3.2981168799533798E+01
3.3537616415430101E+01
3.4077224803081812E+01
3.4598870728887995E+01
3.5101353064292866E+01
3.5583482347461171E+01
3.6044032737098796E+01
3.6481861086713238E+01
3.6895882064649840E+01
3.7285192597335218E+01
3.7649075065624920E+01
3.7987088672634712E+01
0.0000000000000000E+00
3.2823714918454222E-01
6.8289695080183821E-01
1.0636744592371699E+00
1.4699383262102870E+00
1.9008080150201769E+00
2.3551953724150412E+00
2.8319274331471225E+00
3.3297368312392361E+00
3.8473853005615242E+00
4.3836178374236212E+00
4.9372595849640115E+00
5.5071587338149532E+00
6.0922503224529487E+00
6.6915058230815250E+00
7.3039694826219792E+00
7.9287215180079151E+00
8.5648958615725590E+00
9.2116565729596740E+00
9.8682045991565275E+00
1.0533764159359775E+01
1.1207583740582020E+01
1.1888928997333615E+01
1.2577081134910308E+01
1.3271333633250084E+01
1.3970989750874585E+01
1.4675361266223142E+01
1.5383765972099638E+01
1.6095527323090995E+01
1.6809972305293609E+01
1.7526431344005392E+01
1.8244236676342968E+01
1.8962722157205327E+01
1.9681222129343844E+01
2.0399070929621871E+01
2.1115602174606444E+01
2.1830147866514153E+01
2.2542037946544728E+01
2.3250598973680212E+01
2.3955153706193730E+01
2.4655019416222892E+01
2.5349507106182475E+01
2.6037919672957628E+01
2.6719550111015497E+01
2.7393680012861548E+01
2.8059575716962520E+01
2.8716488110072326E+01
2.9363645134701326E+01
3.0000254650047950E+01
3.0625491099960573E+01
3.1238504386002550E+01
3.1838398105110045E+01
3.2424248956084078E+01
3.2995074450844903E+01
3.3549868878011978E+01
3.4087560806614462E+01
3.4607071781099187E+01
3.5107268971511523E+01
3.5587049195975560E+01
3.6045298114834686E+01
3.6480992658713618E+01
3.6893179245879345E+01
3.7281074359604339E+01
3.7644063041205925E+01
3.7981770811626355E+01
0.0000000000000000E+00
3.3039611489092174E-01
6.8609321624898389E-01
1.0669388077995507E+00
1.4724788600434444E+00
1.9020212405129255E+00
2.3546701679794624E+00
2.8294230232311581E+00
3.3251675571257002E+00
3.8407858080441328E+00
4.3751200241900410E+00
4.9270617331572630E+00
5.4955038146925537E+00
6.0794059782498220E+00
6.6777480320291858E+00
7.2895729093865480E+00
7.9139488447925244E+00
8.5499952346653512E+00
9.1968553637970025E+00
9.8537107262103589E+00
1.0519762822763676E+01
1.1194240376218273E+01
1.1876387814360303E+01
1.2565468403119649E+01
1.3260757218249063E+01
1.3961542084040367E+01
1.4667119368873735E+01
1.5376793833031712E+01
1.6089876108290014E+01
1.6805682058808536E+01
1.7523531211507464E+01
1.8242745926761678E+01
1.8962650330809090E+01
1.9682569400806809E+01
2.0401828144532228E+01
2.1119750570646147E+01
2.1835659001975753E+01
2.2548872785150451E+01
2.3258707747389401E+01
2.3964474366954160E+01
2.4665477524712223E+01
2.5361013678560884E+01
2.6050371259465866E+01
2.6732826143038466E+01
2.7407643343595247E+01
2.8074069740725005E+01
2.8731338192117374E+01
2.9378656077315135E+01
3.0015213635846528E+01
3.0640166552475957E+01
3.1252651240389596E+01
3.1851759705442053E+01
3.2436565491653276E+01
3.3006089954045351E+01
3.3559343178287143E+01
3.4095283182405069E+01
3.4612875271148177E+01
3.5111049619216985E+01
3.5588778750564536E+01
3.6045042623925141E+01
3.6478916535138048E+01
3.6889551948639514E+01
3.7276258699271011E+01
3.7638500579508488E+01
3.7975953455714588E+01
0.0000000000000000E+00
3.3241310797756257E-01
6.8917963125996085E-01
1.0702597262219788E+00
1.4753421489830210E+00
1.9038847864696369E+00
2.3551480372242057E+00
2.8282709531585111E+00
3.3222728474640952E+00
3.8361414933614388E+00
4.3688074488794282E+00
4.9192254017097552E+00
5.4863338999812434E+00
6.0691202525003485E+00
6.6665779689773785E+00
7.2777536320545542E+00
7.9017095880073205E+00
8.5375554881316802E+00
9.1844190182839451E+00
9.8414660395427376E+00
1.0507879187502741E+01
1.1182870193800449E+01
1.1865664932669794E+01
1.2555510648136112E+01
1.3251665800158277E+01
1.3953404078329397E+01
1.4660007624758997E+01
1.5370769052881482E+01
1.6084986968872798E+01
1.6801966742198445E+01
1.7521017569941090E+01
1.8241452420358939E+01
1.8962586145534246E+01
1.9683734790417130E+01
2.0404214463885765E+01
2.1123340031140412E+01
2.1840424622552202E+01
2.2554777573437228E+01
2.3265704609502293E+01
2.3972504738344494E+01
2.4674471327582616E+01
2.5370887465731823E+01
2.6061028375013183E+01
2.6744154532410793E+01
2.7419516168054614E+01
2.8086343175432507E+01
2.8743852871868548E+01
2.9391235476598613E+01
3.0027666868450183E+01
3.0652288299166429E+01
3.1264226530871799E+01
3.1862566732605156E+01
3.2446382927639512E+01
3.3014704067924463E+01
3.3566557713841192E+01
3.4100931404071716E+01
3.4616831142328451E+01
3.5113243095997305E+01
3.5589204930840864E+01
3.6043774962678143E+01
3.6476108743598928E+01
3.6885441128927930E+01
3.7271155253624066E+01
3.7632775666320697E+01
3.7970016829351927E+01
0.0000000000000000E+00
3.3424987034568676E-01
6.9205210192656108E-01
1.0734622826933877E+00
1.4782793365058449E+00
1.9060814878372281E+00
2.3562545811105471E+00
2.8280538803792514E+00
3.3206086405476714E+00
3.8329971554874041E+00
4.3642278282332780E+00
4.9133128612624173E+00
5.4792345105612785E+00
6.0610081490777352E+00
6.6576436265712777E+00
7.2681944133320959E+00
7.8917211995730643E+00
8.5273277689274458E+00
9.1741303840590955E+00
9.8312827749283773E+00
1.0497952182909648E+01
1.1173336154210952E+01
1.1856644666783001E+01
1.2547111063555922E+01
1.3243979144731158E+01
1.3946510031052959E+01
1.4653973063398048E+01
1.5365649868896677E+01
1.6080828083641528E+01
1.6798803471782655E+01
1.7518875721415625E+01
1.8240349139632901E+01
1.8962530000944877E+01
1.9684726087383691E+01
2.0406245275866642E+01
2.1126393985404125E+01
2.1844476879832950E+01
2.2559794100178291E+01
2.3271642147090184E+01
2.3979309596383882E+01
2.4682079430507809E+01
2.5379222746776861E+01
2.6070003050261647E+01
2.6753667266025943E+01
2.7429452806581391E+01
2.8096575011886966E+01
2.8754238173448776E+01
2.9401618409114249E+01
3.0037880246112078E+01
3.0662154016053602E+01
3.1273559990388868E+01
3.1871179856464828E+01
3.2454090560661996E+01
3.3021330533075684E+01
3.3571944950300882E+01
3.4104949192104783E+01
3.4619385669123162E+01
3.5114289060707556E+01
3.5588751797365113E+01
3.6041896586102077E+01
3.6472943568872459E+01
3.6881193574250666E+01
3.7266086926520089E+01
3.7627195044969866E+01
3.7964261969671881E+01
0.0000000000000000E+00
3.3585788794065408E-01
6.9461245247492076E-01
1.0763878027208249E+00
1.4810710903562316E+00
1.9083346337393625E+00
2.3576640739307617E+00
2.8284084158557898E+00
3.3197866288339601E+00
3.8309526094994051E+00
4.3609808869930857E+00
4.9089339685018940E+00
5.4738335694237739E+00
6.0547215024807066E+00
6.6506244993611059E+00
7.2606043945739023E+00
7.8837230497460871E+00
8.5190811025317661E+00
9.1657868554366342E+00
9.8229848057160360E+00
1.0489830056031160E+01
1.1165508558428481E+01
1.1849217127506900E+01
1.2540177343858094E+01
1.3237620519624915E+01
1.3940796910663881E+01
1.4648964745985493E+01
1.5361396017642441E+01
1.6077368713661972E+01
1.6796170091113829E+01
1.7517091400317533E+01
1.8239429232003960E+01
1.8962482210981268E+01
1.9685550743185704E+01
2.0407935356358067E+01
2.1128934945450499E+01
2.1847846638028990E+01
2.2563962433016016E+01
2.3276570674187965E+01
2.3984950786433970E+01
2.4688376662312955E+01
2.5386109017680116E+01
2.6077401245121692E+01
2.6761488745348689E+01
2.7437598084056823E+01
2.8104932536918078E+01
2.8762685695530259E+01
2.9410022456131948E+01
3.0046098517243145E+01
3.0670036254229608E+01
3.1280951739047939E+01
3.1877925520797397E+01
3.2460038688217075E+01
3.3026339642551882E+01
3.3575890024064989E+01
3.4107730055029435E+01
3.4620933545028443E+01
3.5114575801131338E+01
3.5587794338326994E+01
3.6039763630375198E+01
3.6469755210488103E+01
3.6877121439359463E+01
3.7261347019765999E+01
3.7622039328644604E+01
3.7958964997574199E+01
0.0000000000000000E+00
3.3721529372264836E-01
6.9679777871497006E-01
1.0789295787823963E+00
1.4835635522172004E+00
1.9104452854682457E+00
2.3591376411903808E+00
2.8290632290980433E+00
3.3195122569792828E+00
3.8296994998785734E+00
4.3587537197632820E+00
4.9057794107490293E+00
5.4698321474904059E+00
6.0499770728716751E+00
6.6452567171194579E+00
7.2547414964188608E+00
7.8774959285979049E+00
8.5126194115753471E+00
9.1592148706472933E+00
9.8164200704310094E+00
1.0483380770666471E+01
1.1159273820808657E+01
1.1843285445728624E+01
1.2534627680565182E+01
1.3232521544780447E+01
1.3936208299587769E+01
1.4644936871939763E+01
1.5357971169267937E+01
1.6074581017621625E+01
1.6794046468833454E+01
1.7515651586631858E+01
1.8238686386704305E+01
1.8962442956593812E+01
1.9686215399937876E+01
2.0409297964756593E+01
2.1130983121777021E+01
2.1850561581623129E+01
2.2567318419365161E+01
2.3280535079348407E+01
2.3989483260532047E+01
2.4693429240241816E+01
2.5391625060883555E+01
2.6083315752795322E+01
2.6767727229049367E+01
2.7444077247519942E+01
2.8111559363660700E+01
2.8769358720276834E+01
2.9416631492456947E+01
3.0052526776176144E+01
3.0676161275846454E+01
3.1286648576735914E+01
3.1883069469299102E+01
3.2464509571934599E+01
3.3030026689902776E+01
3.3578696899222265E+01
3.4109581543482506E+01
3.4621780345575594E+01
3.5114401559170673E+01
3.5586618556237177E+01
3.6037646446442729E+01
3.6466796542905222E+01
3.6873460697216615E+01
3.7257157306383164E+01
3.7617520862294498E+01
3.7954334963831322E+01
0.0000000000000000E+00
3.3829051970223906E-01
6.9854706408482237E-01
1.0809895749967593E+00
1.4856212167101603E+00
1.9122413282751549E+00
2.3604705355497355E+00
2.8297868255733913E+00
3.3195343551357652E+00
3.8289746945840144E+00
4.3572786088533340E+00
4.9035837356288674E+00
5.4669727434438578E+00
6.0465299147722380E+00
6.6413111954045636E+00
7.2503946989201031E+00
7.8728480624201236E+00
8.5077705049210621E+00
9.1542615352135126E+00
9.8114541585201369E+00
1.0478487314610323E+01
1.1154530983875173E+01
1.1838763343193378E+01
1.2530389027850044E+01
1.3228621066365521E+01
1.3932693637607711E+01
1.4641848346785055E+01
1.5355342670813187E+01
1.6072439949750571E+01
1.6792414466503509E+01
1.7514544536004394E+01
1.8238114890234836E+01
1.8962412366265330E+01
1.9686725999004999E+01
2.0410344986027507E+01
2.1132556641466280E+01
2.1852646522451376E+01
2.2569894171709752E+01
2.3283575515284529E+01
2.3992956121530892E+01
2.4697296217754531E+01
2.5395841028652661E+01
2.6087829005252573E+01
2.6772478698452005E+01
2.7449001032974568E+01
2.8116582161850321E+01
2.8774400818066418E+01
2.9421606744312502E+01
3.0057344252412591E+01
3.0680726202427248E+01
3.1290864791943921E+01
3.1886841724957915E+01
3.2467746800115265E+01
3.3032645835720935E+01
3.3580626688408785E+01
3.4110767481007592E+01
3.4622188218609558E+01
3.5114022443076095E+01
3.5585470840314116E+01
3.6035778983176570E+01
3.6464287868722799E+01
3.6870418459719069E+01
3.7253713912374039E+01
3.7613828501566516E+01
3.7950558168992160E+01
0.0000000000000000E+00
3.3907362613982722E-01
6.9982663861621686E-01
1.0825096338839111E+00
1.4871587542250315E+00
1.9136110123335996E+00
2.3615268151237809E+00
2.8304227304605929E+00
3.3196807305079212E+00
3.8285953853808530E+00
4.3563674472001299E+00
4.9021583699669851E+00
5.4650706356504504E+00
6.0442026685696080E+00
6.6386206260604057E+00
7.2474086637833928E+00
7.8696372117566584E+00
8.5044058163447076E+00
9.1508119391306657E+00
9.8079854923398635E+00
1.0475060755766966E+01
1.1151202968082073E+01
1.1835584626128338E+01
1.2527405137074679E+01
1.3225871797377438E+01
1.3930213714749927E+01
1.4639667189830758E+01
1.5353485053474037E+01
1.6070925916445919E+01
1.6791259866683955E+01
1.7513761011371297E+01
1.8237710223175892E+01
1.8962390490544621E+01
1.9687087136804220E+01
2.0411085660591585E+01
2.1133669598697988E+01
2.1854120744980722E+01
2.2571714596996472E+01
2.3285723070417340E+01
2.3995407268940983E+01
2.4700023051692472E+01
2.5398810709615464E+01
2.6091003984224102E+01
2.6775816147915563E+01
2.7452453292604545E+01
2.8120096338667988E+01
2.8777919571074474E+01
2.9425068299149327E+01
3.0060683647569274E+01
3.0683876014861941E+01
3.1293756928166008E+01
3.1889409126558938E+01
3.2469925745861978E+01
3.3034378713704861E+01
3.3581864557207595E+01
3.4111473605792327E+01
3.4622340344163128E+01
3.5113616252198064E+01
3.5584521131991423E+01
3.6034321773345347E+01
3.6462379644990655E+01
3.6868135706142652E+01
3.7251150013359933E+01
3.7611090300716590E+01
3.7947760891131495E+01
0.0000000000000000E+00
3.3954538923488975E-01
7.0060277836923535E-01
1.0834364948969373E+00
1.4881034279302636E+00
1.9144621390634109E+00
2.3621965777008751E+00
2.8308460588756064E+00
3.3198149155452468E+00
3.8284174223831626E+00
4.3558722161393968E+00
4.9013551546619141E+00
5.4639806980224366E+00
6.0428559692502954E+00
6.6370534455126950E+00
7.2456611237662578E+00
7.8677513167099669E+00
8.5024239298908295E+00
9.1487753651893584E+00
9.8059337732781522E+00
1.0473030751191171E+01
1.1149228727670334E+01
1.1833696853760502E+01
1.2525631394021296E+01
1.3224236229597533E+01
1.3928737396475293E+01
1.4638368011163122E+01
1.5352378077498408E+01
1.6070023351890974E+01
1.6790571363588352E+01
1.7513293669299461E+01
1.8237468786318004E+01
1.8962377362563764E+01
1.9687302458554132E+01
2.0411527318487739E+01
2.1134333181972657E+01
2.1854999547366464E+01
2.2572799460930042E+01
2.3287002393995692E+01
2.3996866756715363E+01
2.4701645752251260E+01
2.5400576710969478E+01
2.6092890523121138E+01
2.6777797315441862E+01
2.7454500273814908E+01
2.8122177230931545E+01
2.8779999827828181E+01
2.9427110802997319E+01
3.0062649435517265E+01
3.0685724771964459E+01
3.1295448047319773E+01
3.1890902763770281E+01
3.2471184195333628E+01
3.3035368051721079E+01
3.3582556179900038E+01
3.4111846262368026E+01
3.4622381507102375E+01
3.5113324043836045E+01
3.5583905045066544E+01
3.6033403772235552E+01
3.6461193747974001E+01
3.6866727605642836E+01
3.7249575274046485E+01
3.7609412316639386E+01
3.7946047922165754E+01
0.0000000000000000E+00
3.3970570215226864E-01
7.0086520198347313E-01
1.0837507966977376E+00
1.4884250164148165E+00
1.9147539679206411E+00
2.3624292218235570E+00
2.8309976260324077E+00
3.3198709344109081E+00
3.8283699200620065E+00
4.3557192204483304E+00
4.9010994641490759E+00
5.4636291734596334E+00
6.0424183779309839E+00
6.6365417305248124E+00
7.2450885377717302E+00
7.8671317901442039E+00
8.5017715495362900E+00
9.1481038902706580E+00
9.8052564103653950E+00
1.0472359817085442E+01
1.1148575630480703E+01
1.1833071876607603E+01
1.2525043792736179E+01
1.3223694104579895E+01
1.3928247837293862E+01
1.4637937026974580E+01
1.5352010742088476E+01
1.6069723769793523E+01
1.6790342788295796E+01
1.7513138489311622E+01
1.8237388602476663E+01
1.8962372984414809E+01
1.9687373934906173E+01
2.0411673939528981E+01
2.1134553462076322E+01
2.1855291232717235E+01
2.2573159467305398E+01
2.3287426823729700E+01
2.3997350798556553E+01
2.4702183715761482E+01
2.5401161902253811E+01
2.6093515309394405E+01
2.6778453000617425E+01
2.7455177210575535E+01
2.8122864733837837E+01
2.8780686353399304E+01
2.9427783952627436E+01
3.0063296222889516E+01
3.0686331776868364E+01
3.1296001779603344E+01
3.1891390020199072E+01
3.2471592505052705E+01
3.3035686247161735E+01
3.3582774868096863E+01
3.4111958540295291E+01
3.4622383352914483E+01
3.5113215002949936E+01
3.5583688396825188E+01
3.6033086936909307E+01
3.6460788090606712E+01
3.6866248338271937E+01
3.7249040835507024E+01
3.7608843708442137E+01
3.7945467740124570E+01
0.0000000000000000E+00
3.3954538923488836E-01
7.0060277836923268E-01
1.0834364948969335E+00
1.4881034279302605E+00
1.9144621390634067E+00
2.3621965777008693E+00
2.8308460588756001E+00
3.3198149155452401E+00
3.8284174223831537E+00
4.3558722161393835E+00
4.9013551546618999E+00
5.4639806980224233E+00
6.0428559692502830E+00
6.6370534455126800E+00
7.2456611237662445E+00
7.8677513167099500E+00
8.5024239298908189E+00
9.1487753651893389E+00
9.8059337732781433E+00
1.0473030751191160E+01
1.1149228727670321E+01
1.1833696853760490E+01
1.2525631394021287E+01
1.3224236229597533E+01
1.3928737396475302E+01
1.4638368011163136E+01
1.5352378077498420E+01
1.6070023351890985E+01
1.6790571363588359E+01
1.7513293669299468E+01
1.8237468786318001E+01
1.8962377362563746E+01
1.9687302458554118E+01
2.0411527318487732E+01
2.1134333181972654E+01
2.1854999547366457E+01
2.2572799460930039E+01
2.3287002393995699E+01
2.3996866756715363E+01
2.4701645752251256E+01
2.5400576710969489E+01
2.6092890523121138E+01
2.6777797315441898E+01
2.7454500273814936E+01
2.8122177230931584E+01
2.8779999827828213E+01
2.9427110802997326E+01
3.0062649435517287E+01
3.0685724771964477E+01
3.1295448047319759E+01
3.1890902763770310E+01
3.2471184195333635E+01
3.3035368051721079E+01
3.3582556179900038E+01
3.4111846262368054E+01
3.4622381507102418E+01
3.5113324043836059E+01
3.5583905045066530E+01
3.6033403772235552E+01
3.6461193747973994E+01
3.6866727605642843E+01
3.7249575274046492E+01
3.7609412316639393E+01
3.7946047922165768E+01
0.0000000000000000E+00
3.3907362613982445E-01
6.9982663861621186E-01
1.0825096338839033E+00
1.4871587542250235E+00
1.9136110123335919E+00
2.3615268151237734E+00
2.8304227304605827E+00
3.3196807305079075E+00
3.8285953853808352E+00
4.3563674472001095E+00
4.9021583699669611E+00
5.4650706356504299E+00
6.0442026685695849E+00
6.6386206260603844E+00
7.2474086637833732E+00
7.8696372117566362E+00
8.5044058163446952E+00
9.1508119391306604E+00
9.8079854923398493E+00
1.0475060755766954E+01
1.1151202968082050E+01
1.1835584626128325E+01
1.2527405137074670E+01
1.3225871797377442E+01
1.3930213714749938E+01
1.4639667189830783E+01
1.5353485053474058E+01
1.6070925916445933E+01
1.6791259866683962E+01
1.7513761011371297E+01
1.8237710223175888E+01
1.8962390490544621E+01
1.9687087136804205E+01
2.0411085660591567E+01
2.1133669598697963E+01
2.1854120744980708E+01
2.2571714596996468E+01
2.3285723070417365E+01
2.3995407268940991E+01
2.4700023051692487E+01
2.5398810709615461E+01
2.6091003984224130E+01
2.6775816147915627E+01
2.7452453292604613E+01
2.8120096338668059E+01
2.8777919571074534E+01
2.9425068299149352E+01
3.0060683647569281E+01
3.0683876014861962E+01
3.1293756928166047E+01
3.1889409126558974E+01
3.2469925745862028E+01
3.3034378713704839E+01
3.3581864557207602E+01
3.4111473605792398E+01
3.4622340344163192E+01
3.5113616252198071E+01
3.5584521131991423E+01
3.6034321773345361E+01
3.6462379644990662E+01
3.6868135706142645E+01
3.7251150013359954E+01
3.7611090300716583E+01
3.7947760891131544E+01
0.0000000000000000E+00
3.3829051970223523E-01
6.9854706408481515E-01
1.0809895749967489E+00
1.4856212167101468E+00
1.9122413282751412E+00
2.3604705355497235E+00
2.8297868255733754E+00
3.3195343551357444E+00
3.8289746945839891E+00
4.3572786088533046E+00
4.9035837356288390E+00
5.4669727434438293E+00
6.0465299147722060E+00
6.6413111954045361E+00
7.2503946989200774E+00
7.8728480624200916E+00
8.5077705049210390E+00
9.1542615352134984E+00
9.8114541585201192E+00
1.0478487314610303E+01
1.1154530983875143E+01
1.1838763343193353E+01
1.2530389027850029E+01
1.3228621066365518E+01
1.3932693637607720E+01
1.4641848346785089E+01
1.5355342670813213E+01
1.6072439949750567E+01
1.6792414466503505E+01
1.7514544536004383E+01
1.8238114890234829E+01
1.8962412366265333E+01
1.9686725999004988E+01
2.0410344986027464E+01
2.1132556641466259E+01
2.1852646522451380E+01
2.2569894171709752E+01
2.3283575515284546E+01
2.3992956121530906E+01
2.4697296217754545E+01
2.5395841028652679E+01
2.6087829005252633E+01
2.6772478698452087E+01
2.7449001032974689E+01
2.8116582161850413E+01
2.8774400818066503E+01
2.9421606744312555E+01
3.0057344252412616E+01
3.0680726202427294E+01
3.1290864791943974E+01
3.1886841724957968E+01
3.2467746800115293E+01
3.3032645835720942E+01
3.3580626688408827E+01
3.4110767481007670E+01
3.4622188218609644E+01
3.5114022443076131E+01
3.5585470840314144E+01
3.6035778983176591E+01
3.6464287868722799E+01
3.6870418459719055E+01
3.7253713912374032E+01
3.7613828501566530E+01
3.7950558168992195E+01
0.0000000000000000E+00
3.3721529372264381E-01
6.9679777871496096E-01
1.0789295787823836E+00
1.4835635522171837E+00
1.9104452854682274E+00
2.3591376411903613E+00
2.8290632290980215E+00
3.3195122569792530E+00
3.8296994998785396E+00
4.3587537197632482E+00
4.9057794107489956E+00
5.4698321474903695E+00
6.0499770728716360E+00
6.6452567171194241E+00
7.2547414964188288E+00
7.8774959285978801E+00
8.5126194115753133E+00
9.1592148706472685E+00
9.8164200704309827E+00
1.0483380770666441E+01
1.1159273820808616E+01
1.1843285445728581E+01
1.2534627680565157E+01
1.3232521544780436E+01
1.3936208299587788E+01
1.4644936871939793E+01
1.5357971169267959E+01
1.6074581017621615E+01
1.6794046468833443E+01
1.7515651586631840E+01
1.8238686386704284E+01
1.8962442956593801E+01
1.9686215399937868E+01
2.0409297964756561E+01
2.1130983121777014E+01
2.1850561581623133E+01
2.2567318419365179E+01
2.3280535079348439E+01
2.3989483260532079E+01
2.4693429240241816E+01
2.5391625060883595E+01
2.6083315752795357E+01
2.6767727229049470E+01
2.7444077247520074E+01
2.8111559363660824E+01
2.8769358720276923E+01
2.9416631492457039E+01
3.0052526776176197E+01
3.0676161275846514E+01
3.1286648576735953E+01
3.1883069469299137E+01
3.2464509571934627E+01
3.3030026689902790E+01
3.3578696899222329E+01
3.4109581543482584E+01
3.4621780345575651E+01
3.5114401559170723E+01
3.5586618556237198E+01
3.6037646446442778E+01
3.6466796542905229E+01
3.6873460697216608E+01
3.7257157306383156E+01
3.7617520862294526E+01
3.7954334963831336E+01
0.0000000000000000E+00
3.3585788794064919E-01
6.9461245247491121E-01
1.0763878027208116E+00
1.4810710903562136E+00
1.9083346337393412E+00
2.3576640739307373E+00
2.8284084158557601E+00
3.3197866288339228E+00
3.8309526094993647E+00
4.3609808869930449E+00
4.9089339685018549E+00
5.4738335694237303E+00
6.0547215024806675E+00
6.6506244993610624E+00
7.2606043945738685E+00
7.8837230497460569E+00
8.5190811025317341E+00
9.1657868554366022E+00
9.8229848057160130E+00
1.0489830056031119E+01
1.1165508558428435E+01
1.1849217127506854E+01
1.2540177343858065E+01
1.3237620519624890E+01
1.3940796910663892E+01
1.4648964745985513E+01
1.5361396017642443E+01
1.6077368713661958E+01
1.6796170091113790E+01
1.7517091400317501E+01
1.8239429232003928E+01
1.8962482210981261E+01
1.9685550743185690E+01
2.0407935356358060E+01
2.1128934945450499E+01
2.1847846638029001E+01
2.2563962433016048E+01
2.3276570674187994E+01
2.3984950786433995E+01
2.4688376662312997E+01
2.5386109017680155E+01
2.6077401245121759E+01
2.6761488745348792E+01
2.7437598084056969E+01
2.8104932536918209E+01
2.8762685695530394E+01
2.9410022456132044E+01
3.0046098517243241E+01
3.0670036254229675E+01
3.1280951739047982E+01
3.1877925520797426E+01
3.2460038688217111E+01
3.3026339642551925E+01
3.3575890024065068E+01
3.4107730055029528E+01
3.4620933545028521E+01
3.5114575801131409E+01
3.5587794338327008E+01
3.6039763630375234E+01
3.6469755210488117E+01
3.6877121439359449E+01
3.7261347019765992E+01
3.7622039328644604E+01
3.7958964997574199E+01
0.0000000000000000E+00
3.3424987034568149E-01
6.9205210192655153E-01
1.0734622826933728E+00
1.4782793365058253E+00
1.9060814878372041E+00
2.3562545811105182E+00
2.8280538803792132E+00
3.3206086405476296E+00
3.8329971554873601E+00
4.3642278282332310E+00
4.9133128612623693E+00
5.4792345105612279E+00
6.0610081490776908E+00
6.6576436265712324E+00
7.2681944133320568E+00
7.8917211995730305E+00
8.5273277689274121E+00
9.1741303840590724E+00
9.8312827749283400E+00
1.0497952182909600E+01
1.1173336154210896E+01
1.1856644666782945E+01
1.2547111063555885E+01
1.3243979144731121E+01
1.3946510031052950E+01
1.4653973063398047E+01
1.5365649868896661E+01
1.6080828083641496E+01
1.6798803471782605E+01
1.7518875721415579E+01
1.8240349139632862E+01
1.8962530000944842E+01
1.9684726087383666E+01
2.0406245275866635E+01
2.1126393985404125E+01
2.1844476879832953E+01
2.2559794100178323E+01
2.3271642147090198E+01
2.3979309596383910E+01
2.4682079430507841E+01
2.5379222746776929E+01
2.6070003050261715E+01
2.6753667266026046E+01
2.7429452806581519E+01
2.8096575011887111E+01
2.8754238173448918E+01
2.9401618409114338E+01
3.0037880246112156E+01
3.0662154016053695E+01
3.1273559990388907E+01
3.1871179856464870E+01
3.2454090560662053E+01
3.3021330533075741E+01
3.3571944950300995E+01
3.4104949192104876E+01
3.4619385669123240E+01
3.5114289060707613E+01
3.5588751797365141E+01
3.6041896586102091E+01
3.6472943568872452E+01
3.6881193574250659E+01
3.7266086926520060E+01
3.7627195044969838E+01
3.7964261969671838E+01
0.0000000000000000E+00
3.3241310797755735E-01
6.8917963125994952E-01
1.0702597262219620E+00
1.4753421489829996E+00
1.9038847864696093E+00
2.3551480372241720E+00
2.8282709531584711E+00
3.3222728474640499E+00
3.8361414933613873E+00
4.3688074488793713E+00
4.9192254017096992E+00
5.4863338999811866E+00
6.0691202525002987E+00
6.6665779689773288E+00
7.2777536320545044E+00
7.9017095880072752E+00
8.5375554881316376E+00
9.1844190182839096E+00
9.8414660395426914E+00
1.0507879187502692E+01
1.1182870193800396E+01
1.1865664932669734E+01
1.2555510648136059E+01
1.3251665800158234E+01
1.3953404078329358E+01
1.4660007624758959E+01
1.5370769052881442E+01
1.6084986968872744E+01
1.6801966742198395E+01
1.7521017569941030E+01
1.8241452420358893E+01
1.8962586145534207E+01
1.9683734790417098E+01
2.0404214463885747E+01
2.1123340031140405E+01
2.1840424622552202E+01
2.2554777573437253E+01
2.3265704609502311E+01
2.3972504738344522E+01
2.4674471327582665E+01
2.5370887465731887E+01
2.6061028375013247E+01
2.6744154532410889E+01
2.7419516168054720E+01
2.8086343175432635E+01
2.8743852871868672E+01
2.9391235476598709E+01
3.0027666868450261E+01
3.0652288299166500E+01
3.1264226530871831E+01
3.1862566732605202E+01
3.2446382927639576E+01
3.3014704067924576E+01
3.3566557713841284E+01
3.4100931404071794E+01
3.4616831142328508E+01
3.5113243095997362E+01
3.5589204930840921E+01
3.6043774962678178E+01
3.6476108743598928E+01
3.6885441128927901E+01
3.7271155253624038E+01
3.7632775666320654E+01
3.7970016829351877E+01
0.0000000000000000E+00
3.3039611489091614E-01
6.8609321624897124E-01
1.0669388077995332E+00
1.4724788600434189E+00
1.9020212405128951E+00
2.3546701679794255E+00
2.8294230232311159E+00
3.3251675571256496E+00
3.8407858080440733E+00
4.3751200241899753E+00
4.9270617331571955E+00
5.4955038146924924E+00
6.0794059782497651E+00
6.6777480320291245E+00
7.2895729093864894E+00
7.9139488447924657E+00
8.5499952346652996E+00
9.1968553637969510E+00
9.8537107262103074E+00
1.0519762822763617E+01
1.1194240376218215E+01
1.1876387814360211E+01
1.2565468403119580E+01
1.3260757218248996E+01
1.3961542084040298E+01
1.4667119368873660E+01
1.5376793833031641E+01
1.6089876108289946E+01
1.6805682058808472E+01
1.7523531211507407E+01
1.8242745926761621E+01
1.8962650330809037E+01
1.9682569400806766E+01
2.0401828144532185E+01
2.1119750570646129E+01
2.1835659001975749E+01
2.2548872785150476E+01
2.3258707747389415E+01
2.3964474366954185E+01
2.4665477524712259E+01
2.5361013678560980E+01
2.6050371259465937E+01
2.6732826143038558E+01
2.7407643343595304E+01
2.8074069740725079E+01
2.8731338192117491E+01
2.9378656077315231E+01
3.0015213635846624E+01
3.0640166552476025E+01
3.1252651240389650E+01
3.1851759705442085E+01
3.2436565491653354E+01
3.3006089954045457E+01
3.3559343178287214E+01
3.4095283182405112E+01
3.4612875271148205E+01
3.5111049619217070E+01
3.5588778750564586E+01
3.6045042623925212E+01
3.6478916535138040E+01
3.6889551948639486E+01
3.7276258699270954E+01
3.7638500579508452E+01
3.7975953455714546E+01
0.0000000000000000E+00
3.2823714918453606E-01
6.8289695080182555E-01
1.0636744592371512E+00
1.4699383262102603E+00
1.9008080150201447E+00
2.3551953724150039E+00
2.8319274331470781E+00
3.3297368312391851E+00
3.8473853005614598E+00
4.3836178374235510E+00
4.9372595849639405E+00
5.5071587338148849E+00
6.0922503224528777E+00
6.6915058230814610E+00
7.3039694826219117E+00
7.9287215180078556E+00
8.5648958615724986E+00
9.2116565729596118E+00
9.8682045991564653E+00
1.0533764159359714E+01
1.1207583740581944E+01
1.1888928997333522E+01
1.2577081134910220E+01
1.3271333633249998E+01
1.3970989750874489E+01
1.4675361266223048E+01
1.5383765972099553E+01
1.6095527323090913E+01
1.6809972305293524E+01
1.7526431344005331E+01
1.8244236676342911E+01
1.8962722157205281E+01
1.9681222129343809E+01
2.0399070929621839E+01
2.1115602174606423E+01
2.1830147866514146E+01
2.2542037946544738E+01
2.3250598973680216E+01
2.3955153706193752E+01
2.4655019416222959E+01
2.5349507106182557E+01
2.6037919672957710E+01
2.6719550111015586E+01
2.7393680012861608E+01
2.8059575716962609E+01
2.8716488110072440E+01
2.9363645134701411E+01
3.0000254650048024E+01
3.0625491099960644E+01
3.1238504386002599E+01
3.1838398105110080E+01
3.2424248956084135E+01
3.2995074450844982E+01
3.3549868878012035E+01
3.4087560806614491E+01
3.4607071781099222E+01
3.5107268971511587E+01
3.5587049195975595E+01
3.6045298114834743E+01
3.6480992658713639E+01
3.6893179245879338E+01
3.7281074359604290E+01
3.7644063041205882E+01
3.7981770811626347E+01
0.0000000000000000E+00
3.2601042019070958E-01
6.7974520104224756E-01
1.0607162496964819E+00
1.4680629183050193E+00
1.9006707744445335E+00
2.3572151816810605E+00
2.8363203210342216E+00
3.3365396328849330E+00
3.8565013455068446E+00
4.3948478497363936E+00
4.9503384032088027E+00
5.5217816409196638E+00
6.1080944045116947E+00
6.7082481415533390E+00
7.3212957529463321E+00
7.9463370476567778E+00
8.5825265177364454E+00
9.2290546684644852E+00
9.8851461666090152E+00
1.0550051734995952E+01
1.1223042402881797E+01
1.1903407411139893E+01
1.2590447618901898E+01
1.3283476314914719E+01
1.3981813213364900E+01
1.4684786313365327E+01
1.5391727036886596E+01
1.6101972123632340E+01
1.6814860032725505E+01
1.7529732360891295E+01
1.8245931445380066E+01
1.8962801057710053E+01
1.9679685084564777E+01
2.0395927370398176E+01
2.1110871342174420E+01
2.1823858918749998E+01
2.2534230937326683E+01
2.3241325063786380E+01
2.3944476835976129E+01
2.4643016538455324E+01
2.5336270559612583E+01
2.6023557284563694E+01
2.6704188217873082E+01
2.7377463168997604E+01
2.8042670156641432E+01
2.8699080619053976E+01
2.9345946433817012E+01
2.9982496736535815E+01
3.0607929478944136E+01
3.1221412874618132E+01
3.1822068029429694E+01
3.2408980174749260E+01
3.2981168799533840E+01
3.3537616415430165E+01
3.4077224803081840E+01
3.4598870728888016E+01
3.5101353064292930E+01
3.5583482347461192E+01
3.6044032737098874E+01
3.6481861086713302E+01
3.6895882064649840E+01
3.7285192597335168E+01
3.7649075065624913E+01
3.7987088672634727E+01
0.0000000000000000E+00
3.2377943299752782E-01
6.7680665437466625E-01
1.0583451603170373E+00
1.4672457323795312E+00
1.9021001436809646E+00
2.3612943064841136E+00
2.8432136633800638E+00
3.3462079813419590E+00
3.8687620140554451E+00
4.4094152003588638E+00
4.9668662181538510E+00
5.5398949039634662E+00
6.1274099782359039E+00
6.7283951038496435E+00
7.3419210661771253E+00
7.9671169140354712E+00
8.6031643703384049E+00
9.2492867872298650E+00
9.9047367906830850E+00
1.0568795411803970E+01
1.1240758685862989E+01
1.1919941505973368E+01
1.2605665706102501E+01
1.3297265398003296E+01
1.3994077391689137E+01
1.4695446330153375E+01
1.5400717521386238E+01
1.6109241103614007E+01
1.6820367061450060E+01
1.7533448129268606E+01
1.8247836697433556E+01
1.8962886366323236E+01
1.9677950485319773E+01
2.0392382323632418E+01
2.1105535054780898E+01
2.1816760486540616E+01
2.2525410365793107E+01
2.3230833555704553E+01
2.3932378556790734E+01
2.4629388972410073E+01
2.5321207081355176E+01
2.6007167437587132E+01
2.6686601127755299E+01
2.7358827478848788E+01
2.8023158202706508E+01
2.8678887558555164E+01
2.9325294815251493E+01
2.9961634040238845E+01
3.0587132117826123E+01
3.1200980923831303E+01
3.1802326643134823E+01
3.2390269810293361E+01
3.2963840587949733E+01
3.3522016129586056E+01
3.4063677731584924E+01
3.4587659114131782E+01
3.5092688062115457E+01
3.5577479329456679E+01
3.6040676656540001E+01
3.6480991904203243E+01
3.6897174046324658E+01
3.7288166962997309E+01
3.7653118013725091E+01
3.7991498379824058E+01
0.0000000000000000E+00
3.2166134965876669E-01
6.7432946072381417E-01
1.0569600801585119E+00
1.4680247690166224E+00
1.9057481579818849E+00
2.3681624253759903E+00
2.8533757274309548E+00
3.3595133507037223E+00
3.8849128819594827E+00
4.4280189858611880E+00
4.9874826403697652E+00
5.5620722217129472E+00
6.1507035357916608E+00
6.7523879328324954E+00
7.3662257940975424E+00
7.9913859566936800E+00
8.6270848188976714E+00
9.2725847509241639E+00
9.9271705042687000E+00
1.0590156606393586E+01
1.1260866162869874E+01
1.1938641129094743E+01
1.2622825164241856E+01
1.3312773646625432E+01
1.4007840684169325E+01
1.4707387524541909E+01
1.5410773242183945E+01
1.6117361117375250E+01
1.6826512393965640E+01
1.7537590605818540E+01
1.8249957871097415E+01
1.8962977264267824E+01
1.9676011256076116E+01
2.0388422201910050E+01
2.1099572691989732E+01
2.1808824127557703E+01
2.2515538882033326E+01
2.3219076807137370E+01
2.3918799197140391E+01
2.4614062937819693E+01
2.5304226275691857E+01
2.5988640230827258E+01
2.6666656037005197E+01
2.7337613451110233E+01
2.8000849339377357E+01
2.8655682759349105E+01
2.9301423355372663E+01
2.9937353803994640E+01
3.0562735249020488E+01
3.1176789306418002E+01
3.1778695635131811E+01
3.2367578827699717E+01
3.2942490900357001E+01
3.3502413710623784E+01
3.4046218833247131E+01
3.4572703305114530E+01
3.5080525882715179E+01
3.5568298605923431E+01
3.6034516479916718E+01
3.6477717230791896E+01
3.6896442151840361E+01
3.7289436982588519E+01
3.7655669324129384E+01
3.7994491227417079E+01
0.0000000000000000E+00
3.1976319300854705E-01
6.7259469276345740E-01
1.0570230370915132E+00
1.4710300571691532E+00
1.9123756259246392E+00
2.3786619705276189E+00
2.8676810908498989E+00
3.3773199131819802E+00
3.9057745478013666E+00
4.4514156875707380E+00
5.0128676651759276E+00
5.5889138817578727E+00
6.1784965385182158E+00
6.7806744917308732E+00
7.3945905881767082E+00
8.0194652448766242E+00
8.6545567480479111E+00
9.2991724554777999E+00
9.9526327341284180E+00
1.0614288106933444E+01
1.1283490110914746E+01
1.1959608428954800E+01
1.2642008802138998E+01
1.3330067671405004E+01
1.4023156177735036E+01
1.4720651614726091E+01
1.5421926340022093E+01
1.6126356112367905E+01
1.6833312875302017E+01
1.7542170300197309E+01
1.8252299652681923E+01
1.8963072855185271E+01
1.9673860912259499E+01
2.0384034678604937E+01
2.1092965566247209E+01
2.1800024021049659E+01
2.2504582449297292E+01
2.3206011196130781E+01
2.3903683799488146E+01
2.4596970044025493E+01
2.5285243750318408E+01
2.5967872269451711E+01
2.6644226986383437E+01
2.7313668472697692E+01
2.7975559608450695E+01
2.8629245637077794E+01
2.9274069080651433E+01
2.9909344387457732E+01
3.0534372305227905E+01
3.1148410177306882E+01
3.1750680776309704E+01
3.2340342517538481E+01
3.2916483970145478E+01
3.3478104769009221E+01
3.4024083961998251E+01
3.4553193463923975E+01
3.5064032467684598E+01
3.5555108008846197E+01
3.6024749638215887E+01
3.6471289210584423E+01
3.6893006826906792E+01
3.7288391471018926E+01
3.7656167695172186E+01
3.7995524293897397E+01
0.0000000000000000E+00
3.1828216011872662E-01
6.7202413552703244E-01
1.0592013655960577E+00
1.4771330160359801E+00
1.9229942241974496E+00
2.3938693061898815E+00
2.8872026894993295E+00
3.4006455963463136E+00
3.9322765928284182E+00
4.4804297234281183E+00
5.0437365460024868E+00
5.6210296361584451E+00
6.2113023689753613E+00
6.8136823923088956E+00
7.4273690683669891E+00
8.0516451667834374E+00
8.6858175295241722E+00
9.3292429473775744E+00
9.9812799087818185E+00
1.0641316108804826E+01
1.1308731945913133E+01
1.1982924514300830E+01
1.2663281147896837E+01
1.3349198459007113E+01
1.4040063795650159E+01
1.4735269462041185E+01
1.5434200200096855E+01
1.6136243243867693E+01
1.6840780363265715E+01
1.7547194446133854E+01
1.8254865074488322E+01
1.8963172171369536E+01
1.9671494465793643E+01
2.0379210507181519E+01
2.1085699709573397E+01
2.1790340769622034E+01
2.2492515270966816E+01
2.3191603254110216E+01
2.3886989612264458E+01
2.4578056252465903E+01
2.5264191712625308E+01
2.5944779025811695E+01
2.6619209088359227E+01
2.7286863018826104E+01
2.7947129696182916E+01
2.8599381176189571E+01
2.9242994261922536E+01
2.9877317624424617E+01
3.0501695826899642E+01
3.1115427712475487E+01
3.1717788288014386E+01
3.2307980815340116E+01
3.2885146700984073E+01
3.3448320752807220E+01
3.3996412619409448E+01
3.4528189184170493E+01
3.5042210295513271E+01
3.5536885247588579E+01
3.6010369426187722E+01
3.6460755964257693E+01
3.6885999834058822E+01
3.7284252918852545E+01
3.7653905762004193E+01
3.7993916614169201E+01
0.0000000000000000E+00
3.1741051608484827E-01
6.7311783715600348E-01
1.0642968266563519E+00
1.4873809942519536E+00
1.9388010252080425E+00
2.4150319538352329E+00
2.9131517787745000E+00
3.4306105914357445E+00
3.9654134093174904E+00
4.5159209588905851E+00
5.0808157421844760E+00
5.6590245218076287E+00
6.2496184881189532E+00
6.8518173186907880E+00
7.4648897084544910E+00
8.0881902793752403E+00
8.7210793282862742E+00
9.3629656519806925E+00
1.0013246900695918E+01
1.0671347507496497E+01
1.1336676124363935E+01
1.2008655748214965E+01
1.2686694123302081E+01
1.3370206308703303E+01
1.4058594574895082E+01
1.4751264629363748E+01
1.5447612387476298E+01
1.6147035159867123E+01
1.6848923441073620E+01
1.7552668131410119E+01
1.8257656107888696E+01
1.8963274229269874E+01
1.9668907952011985E+01
2.0373942526576709E+01
2.1077764331818525E+01
2.1779759327791634E+01
2.2479317137981269E+01
2.3175826467589165E+01
2.3868682287982473E+01
2.4557277538624476E+01
2.5241014069850294E+01
2.5919289499368059E+01
2.6591512825727381E+01
2.7257084796017867E+01
2.7915419228948476E+01
2.8565914697474401E+01
2.9207982382812823E+01
2.9841006422471175E+01
3.0464378077571915E+01
3.1077442168240008E+01
3.1679534526985325E+01
3.2269913678247086E+01
3.2847792428217168E+01
3.3412260137839375E+01
3.3962288716669519E+01
3.4496667522563499E+01
3.5013953986022287E+01
3.5512479267194315E+01
3.5990230755056466E+01
3.6445033997840753E+01
3.6874441464729379E+01
3.7276163425762412E+01
3.7648121379050927E+01
3.7988943050860058E+01
0.0000000000000000E+00
3.1751644695935893E-01
6.7665992698786903E-01
1.0735068612433083E+00
1.5032450144513978E+00
1.9613838010231006E+00
2.4437036553059017E+00
2.9469496229568071E+00
3.4684489992595346E+00
4.0062198659541908E+00
4.5587331412749181E+00
5.1247815297153894E+00
5.7034322651434204E+00
6.2938626309195564E+00
6.8954032459343670E+00
7.5074025976524403E+00
8.1292924144647802E+00
8.7604887107378424E+00
9.4004519169237888E+00
1.0048617875898294E+01
1.0704445511377488E+01
1.1367369758731030E+01
1.2036836945556317E+01
1.2712273160020267E+01
1.3393109568717017E+01
1.4078761513573340E+01
1.4768646138746467E+01
1.5462168956985343E+01
1.6158735736639159E+01
1.6857744353362676E+01
1.7558592365123754E+01
1.8260672752301556E+01
1.8963378118519241E+01
1.9666099514545387E+01
2.0368227764274433E+01
2.1069155040518019E+01
2.1768273407078201E+01
2.2464979224772666E+01
2.3158668587001198E+01
2.3848745025257987E+01
2.4534611054995473E+01
2.5215680050756525E+01
2.5891362564491757E+01
2.6561083658808485E+01
2.7224261961994305E+01
2.7880334142411481E+01
2.8528723786467030E+01
2.9168874907141724E+01
2.9800206700343697E+01
3.0422157557949888E+01
3.1034120825666310E+01
3.1635498639546725E+01
3.2225613910192457E+01
3.2803767064376295E+01
3.3369123491759389E+01
3.3920752124048640E+01
3.4457503422735940E+01
3.4977986195646608E+01
3.5480497068029955E+01
3.5962890328079105E+01
3.6422712758799378E+01
3.6857035743043355E+01
3.7262987194986877E+01
3.7637818940539823E+01
3.7979663026064671E+01
0.0000000000000000E+00
3.1899040395897221E-01
6.8363976220343992E-01
1.0883354468749802E+00
1.5265493664218712E+00
1.9926325235736317E+00
2.4816716412313831E+00
2.9901506697531191E+00
3.5154578876818827E+00
4.0557323031691697E+00
4.6096777918092320E+00
5.1762559901286034E+00
5.7547241559342330E+00
6.3443879194512691E+00
6.9447022950085859E+00
7.5551008655435101E+00
8.1750923730703402E+00
8.8041475041463091E+00
9.4417742729893028E+00
1.0087443840687445E+01
1.0740645098975035E+01
1.1400836250597109E+01
1.2067483025351292E+01
1.2740027227063308E+01
1.3417912989959730E+01
1.4100566575709703E+01
1.4787414124907832E+01
1.5477869006433606E+01
1.6171343544519033E+01
1.6867241551995331E+01
1.7564965716741220E+01
1.8263913852900789E+01
1.8963483005884058E+01
1.9663068602485826E+01
2.0362065827598208E+01
2.1059871357511298E+01
2.1755882115128419E+01
2.2449499708672636E+01
2.3140126227790500E+01
2.3827171942371610E+01
2.4510047299049781E+01
2.5188174912509030E+01
2.5860976289596735E+01
2.6527889710845741E+01
2.7188349356996071E+01
2.7841811352420738E+01
2.8487721778595283E+01
2.9125553882132252E+01
2.9754759795729139E+01
3.0374822426297911E+01
3.0985183489510117E+01
3.1585312976498393E+01
3.2174603656507493E+01
3.2752456704858290E+01
3.3318132057792226E+01
3.3870834574731553E+01
3.4409518256943109E+01
3.4932923241299612E+01
3.5439376566671733E+01
3.5926688501743349E+01
3.6392144223623568E+01
3.6832269653184575E+01
3.7243434949241582E+01
3.7621909940995216E+01
3.7965074135975215E+01
0.0000000000000000E+00
3.2264250521400922E-01
6.9571148517633075E-01
1.1111284331433038E+00
1.5598434521837585E+00
2.0349755938006062E+00
2.5309788995503748E+00
3.0443784952400232E+00
3.5728455744312981E+00
4.1148281162578204E+00
4.6693676039537513E+00
5.2356591567229813E+00
5.8131783018864436E+00
6.4013730478125117E+00
6.9998230695237940E+00
7.6080452742414142E+00
8.2256184800567134E+00
8.8520626510804910E+00
9.4869260323924447E+00
1.0129709789806022E+01
1.0779926732258120E+01
1.1437053986571071E+01
1.2100572079461983E+01
1.2769935187901243E+01
1.3444596995777111E+01
1.4123992152482012E+01
1.4807553258250735E+01
1.5494699599328362E+01
1.6184848134894821E+01
1.6877407074624877E+01
1.7571782715994615E+01
1.8267376396914052E+01
1.8963588308334899E+01
1.9659817023515956E+01
2.0355460863675329E+01
2.1049919716281927E+01
2.1742594068351629E+01
2.2432889272318054E+01
2.3120211906157770E+01
2.3803977100031553E+01
2.4483601359466977E+01
2.5158514098474750E+01
2.5828145380910588E+01
2.6491943492752299E+01
2.7149355090842121E+01
2.7799851575863464E+01
2.8442897695174857E+01
2.9077990727587512E+01
2.9704611373325545E+01
3.0322281302276931E+01
3.0930486757742667E+01
3.1528761342967080E+01
3.2116567736590085E+01
3.2693411483367193E+01
3.3258659978067087E+01
3.3811681900579416E+01
3.4351580526450718E+01
3.4877311125166294E+01
3.5387336060833007E+01
3.5879569115506861E+01
3.6351139916608069E+01
3.6798032221739525E+01
3.7215664057259069E+01
3.7598858189781296E+01
3.7943765906807705E+01
0.0000000000000000E+00
3.2945781951227709E-01
7.1517569938758285E-01
1.1449532807227436E+00
1.6064155087681997E+00
2.0912005000894593E+00
2.5938667900187631E+00
3.1112165407934884E+00
3.6417112072611268E+00
4.1842203706205146E+00
4.7382495635284547E+00
5.3032528671643604E+00
5.8789327698309251E+00
6.4648759433750635E+00
7.0607719514256049E+00
7.6662114642111741E+00
8.2808283137254346E+00
8.9041830043405881E+00
9.5358526357013815E+00
1.0175361681819380E+01
1.0822238878275641E+01
1.1475975404723675E+01
1.2136061058917164E+01
1.2801958887605519E+01
1.3473128282526220E+01
1.4149009739709486E+01
1.4829039602365484E+01
1.5512641183327062E+01
1.6199234097074296E+01
1.6888229473258125E+01
1.7579035700914392E+01
1.8271056391753735E+01
1.8963693619404147E+01
1.9656347919744370E+01
2.0348419574350679E+01
2.1039310409754759E+01
2.1728423235324467E+01
2.2415165620577870E+01
2.3098947168848596E+01
2.3779185889167319E+01
2.4455302487032583E+01
2.5126730484577919E+01
2.5792906038418472E+01
2.6453283700053301E+01
2.7107319279175609E+01
2.7754494220333619E+01
2.8394287471001380E+01
2.9026213093018157E+01
2.9649774531736213E+01
3.0264522565185608E+01
3.0869981010463277E+01
3.1465735660505175E+01
3.2051312869640412E+01
3.2626314129171540E+01
3.3190215743509114E+01
3.3742563333217660E+01
3.4282639388716824E+01
3.4809705226517217E+01
3.5322461696198054E+01
3.5819200193911968E+01
3.6297065770779774E+01
3.6751729228380867E+01
3.7177460054158985E+01
3.7566912172031110E+01
3.7914248564520250E+01
0.0000000000000000E+00
3.4175522831083316E-01
7.4606402716378828E-01
1.1947841606343588E+00
1.6702876525664820E+00
2.1643981600262094E+00
2.6721441363367826E+00
3.1917424538970427E+00
3.7225528160940575E+00
4.2640914143985711E+00
4.8163032473199792E+00
5.3789131696455401E+00
5.9518098879226251E+00
6.5346996154976020E+00
7.1273509867915132E+00
7.7294111464490793E+00
8.3405487024908638E+00
8.9603526492082644E+00
9.5884160241076923E+00
1.0224278609121559E+01
1.0867476762391886E+01
1.1517510402852091E+01
1.2173873156777761E+01
1.2836033353804291E+01
1.3503452442559633E+01
1.4175574284196431E+01
1.4851836448940970E+01
1.5531664497049565E+01
1.6214478900801502E+01
1.6899692360128316E+01
1.7586713997386276E+01
1.8274948578593289E+01
1.8963798938653962E+01
1.9652666524438565E+01
2.0340952529977880E+01
2.1028059585289927E+01
2.1713391696993394E+01
2.2396357267910460E+01
2.3076367563956087E+01
2.3752841639242103E+01
2.4425202604777120E+01
2.5092885534645639E+01
2.5755330194748950E+01
2.6411993732592961E+01
2.7062337577669261E+01
2.7705847855032300E+01
2.8342012616260984E+01
2.8970354783515841E+01
2.9590393186407614E+01
3.0201695999254831E+01
3.0803814194145119E+01
3.1396368829019767E+01
3.1978936296772272E+01
3.2551191732484718E+01
3.3112707250035129E+01
3.3663185733267127E+01
3.4202097122864664E+01
3.4729035012852023E+01
3.5243052411253025E+01
3.5743038456855501E+01
3.6226601614629672E+01
3.6689566202956300E+01
3.7125254670020375E+01
3.7523207850947621E+01
3.7873930218963118E+01
0.0000000000000000E+00
3.6302207228332967E-01
7.9533553295340487E-01
1.2668268881009650E+00
1.7570763957486364E+00
2.2572474840775616E+00
2.7673225781362087E+00
3.2864427264219453E+00
3.8154075730627275E+00
4.3542112945262845E+00
4.9031896474111969E+00
5.4622632976436298E+00
6.0314365050522047E+00
6.6104952401953021E+00
7.1992441230993158E+00
7.7973641609336921E+00
8.4045345458775511E+00
9.0203593994115305E+00
9.6444338802681155E+00
1.0276304893013100E+01
1.0915508225543077E+01
1.1561547343896345E+01
1.2213914652865245E+01
1.2872080361864539E+01
1.3535504749295791E+01
1.4203632738889675E+01
1.4875900989252292E+01
1.5551735692017301E+01
1.6230556694065012E+01
1.6911777069661142E+01
1.7594805572372263E+01
1.8279047158760488E+01
1.8963904513202369E+01
1.9648779111703625E+01
2.0333072189071135E+01
2.1016186238145401E+01
2.1697525493267971E+01
2.2376498035240807E+01
2.3052515575754214E+01
2.3724996644174340E+01
2.4393365106067737E+01
2.5057055317342019E+01
2.5715508308046591E+01
2.6368180410216908E+01
2.7014535244752757E+01
2.7654058346123879E+01
2.8286241748398776E+01
2.8910608887749934E+01
2.9526686183025895E+01
3.0134045680136143E+01
3.0732253471882352E+01
3.1320943578152150E+01
3.1899723839648011E+01
3.2468306448407667E+01
3.3026331804357689E+01
3.3573605346029666E+01
3.4109751382939784E+01
3.4634652851056209E+01
3.5147715395401676E+01
3.5648655606688735E+01
3.6135742157974796E+01
3.6606713964542777E+01
3.7054202689318977E+01
3.7464045383179020E+01
3.7820450148399956E+01
0.0000000000000000E+00
4.0322181077366176E-01
8.7249958385450810E-01
1.3709957681076483E+00
1.8683526382932327E+00
2.3704635308095496E+00
2.8784518931056127E+00
3.3942461399086290E+00
3.9190700778289416E+00
4.4534923667499307E+00
4.9979348352787598E+00
5.5524692680929286E+00
6.1171007820090839E+00
6.6916639150154440E+00
7.2759472270629448E+00
7.8696493038109319E+00
8.4724331966264899E+00
9.0839097675171878E+00
9.7036613707479447E+00
1.0331237539669170E+01
1.0966164638752383E+01
1.1607947141517256E+01
1.2256070747512306E+01
1.2910006023438299E+01
1.3569208575060205E+01
1.4233123410932393E+01
1.4901183990868072E+01
1.5572816449557061E+01
1.6247438485597002E+01
1.6924462994555057E+01
1.7603297320854413E+01
1.8283346083375815E+01
1.8964011071008461E+01
1.9644693186648418E+01
2.0324793122321331E+01
2.1003712448051779E+01
2.1680855096648603E+01
2.2355627716688296E+01
2.3027441889857638E+01
2.3695713985508498E+01
2.4359867884963244E+01
2.5019334762673804E+01
2.5673555847594844E+01
2.6321982884560406E+01
2.6964080030281679E+01
2.7599326350919508E+01
2.8227215151550773E+01
2.8847261009966246E+01
2.9458993299762657E+01
3.0061972526317771E+01
3.0655771675943615E+01
3.1240011355867363E+01
3.1814315792474371E+01
3.2378386860885719E+01
3.2931905408035647E+01
3.3474689860622775E+01
3.4006470984351743E+01
3.4527247755042161E+01
3.5036735744067862E+01
3.5535199578564018E+01
3.6021950528583204E+01
3.6496762521420827E+01
3.6956020032177037E+01
3.7381810948114520E+01
3.7745602751627480E+01
0.0000000000000000E+00
4.7890512543373820E-01
1.0138090335870100E+00
1.5101016561760214E+00
2.0061422291164499E+00
2.5016818946431338E+00
3.0034263101373595E+00
3.5129081663845700E+00
4.0316935223961794E+00
4.5603547060907976E+00
5.0992536792241641E+00
5.6484667126943773E+00
6.2079356703000075E+00
6.7774898009508400E+00
7.3568751589998689E+00
7.9457828177568501E+00
8.5438483424906462E+00
9.1506758629500613E+00
9.7658298485754003E+00
1.0388854527819925E+01
1.1019264527789627E+01
1.1656560351324593E+01
1.2300219963491182E+01
1.2949711030639934E+01
1.3604484061993070E+01
1.4263981968192065E+01
1.4927634854108980E+01
1.5594867324857500E+01
1.6265094859318783E+01
1.6937729190204298E+01
1.7612176154780574E+01
1.8287839393568071E+01
1.8964119595348460E+01
1.9640416688939322E+01
2.0316130440740572E+01
2.0990661252136494E+01
2.1663412113927269E+01
2.2333788068578237E+01
2.3001199566771131E+01
2.3665060613789390E+01
2.4324793598218925E+01
2.4979826127298395E+01
2.5629597388739843E+01
2.6273553717062761E+01
2.6911156471580412E+01
2.7541876521219880E+01
2.8165203399687098E+01
2.8780639276988349E+01
2.9387708614397908E+01
2.9985953106851600E+01
3.0574939784074573E+01
3.1154260619436851E+01
3.1723533891568998E+01
3.2282417771234329E+01
3.2830591487823689E+01
3.3367807850704168E+01
3.3893816333914991E+01
3.4408530036584331E+01
3.4911767026217142E+01
3.5403809366044705E+01
3.5884428150103098E+01
3.6355094751206259E+01
3.6813343572988863E+01
3.7262669008883591E+01
3.7649609135039420E+01
0.0000000000000000E+00
6.6666006980019898E-01
1.1771167373978528E+00
1.6747931274297001E+00
2.1565383550806421E+00
2.6440130572147047E+00
3.1365494568808452E+00
3.6387175198479369E+00
4.1503455915697600E+00
4.6726768897815667E+00
5.2054381791383753E+00
5.7489654690601659E+00
6.3028818489646561E+00
6.8671557843822058E+00
7.4413484402190928E+00
8.0252348778555458E+00
8.6183365262036347E+00
9.2203102252542788E+00
9.8306479788611654E+00
1.0448927455647169E+01
1.1074616780763550E+01
1.1707237598241337E+01
1.2346238044017786E+01
1.2991098961677093E+01
1.3641251896076787E+01
1.4296147750397699E+01
1.4955204781207577E+01
1.5617852186609682E+01
1.6283498264288308E+01
1.6951557046413647E+01
1.7621430274250756E+01
1.8292522200691550E+01
1.8964231534075683E+01
1.9635957329334765E+01
2.0307098983529926E+01
2.0977054363480224E+01
2.1645227589357283E+01
2.2311018931931940E+01
2.2973841736219232E+01
2.3633101930832350E+01
2.4288227253457254E+01
2.4938632199372773E+01
2.5583764987748705E+01
2.6223051119741996E+01
2.6855966645762901E+01
2.7481949741750675E+01
2.8100513388516688E+01
2.8711108749748757E+01
2.9313297358413667E+01
2.9906541238069519E+01
3.0490465976118582E+01
3.1064537842375810E+01
3.1628468510776479E+01
3.2181713287486531E+01
3.2724104331916969E+01
3.3255052964619480E+01
3.3774574030928406E+01
3.4281960475806535E+01
3.4777551769994474E+01
3.5260352715208029E+01
3.5731389502097691E+01
3.6189335080632674E+01
3.6634640664524930E+01
3.7072211827340993E+01
3.7450335899200098E+01
