0.0000000000000000E+00
0.0000000000000000E+00
0.0000000000000000E+00
0.0000000000000000E+00
0.0000000000000000E+00
0.0000000000000000E+00
0.0000000000000000E+00
0.0000000000000000E+00
0.0000000000000000E+00
0.0000000000000000E+00
0.0000000000000000E+00
0.0000000000000000E+00
0.0000000000000000E+00
0.0000000000000000E+00
0.0000000000000000E+00
0.0000000000000000E+00
0.0000000000000000E+00
-1.5000000000000760E-01
-1.5000000000000774E-01
-1.5000000000000774E-01
-1.5000000000000757E-01
-1.5000000000000746E-01
-1.5000000000000691E-01
-1.5000000000000677E-01
-1.5000000000000638E-01
-1.5000000000000574E-01
-1.5000000000000491E-01
-1.5000000000000394E-01
-1.5000000000000285E-01
-1.5000000000000233E-01
-1.5000000000000116E-01
-1.4999999999999988E-01
-1.4999999999999866E-01
-1.4999999999999802E-01
-3.0000000000001514E-01
-3.0000000000001537E-01
-3.0000000000001537E-01
-3.0000000000001514E-01
-3.0000000000001464E-01
-3.0000000000001409E-01
-3.0000000000001398E-01
-3.0000000000001270E-01
-3.0000000000001203E-01
-3.0000000000001020E-01
-3.0000000000000787E-01
-3.0000000000000621E-01
-3.0000000000000465E-01
-3.0000000000000199E-01
-2.9999999999999999E-01
-2.9999999999999688E-01
-2.9999999999999571E-01
-4.5000000000002305E-01
-4.5000000000002299E-01
-4.5000000000002288E-01
-4.5000000000002266E-01
-4.5000000000002210E-01
-4.5000000000002155E-01
-4.5000000000002122E-01
-4.5000000000001944E-01
-4.5000000000001800E-01
-4.5000000000001583E-01
-4.5000000000001283E-01
-4.5000000000000928E-01
-4.5000000000000667E-01
-4.5000000000000229E-01
-4.4999999999999879E-01
-4.4999999999999551E-01
-4.4999999999999185E-01
-6.0000000000003073E-01
-6.0000000000003073E-01
-6.0000000000003073E-01
-6.0000000000002995E-01
-6.0000000000002940E-01
-6.0000000000002895E-01
-6.0000000000002818E-01
-6.0000000000002618E-01
-6.0000000000002418E-01
-6.0000000000002085E-01
-6.0000000000001708E-01
-6.0000000000001263E-01
-6.0000000000000808E-01
-6.0000000000000286E-01
-5.9999999999999820E-01
-5.9999999999999287E-01
-5.9999999999998921E-01
-7.5000000000003852E-01
-7.5000000000003875E-01
-7.5000000000003830E-01
-7.5000000000003786E-01
-7.5000000000003719E-01
-7.5000000000003642E-01
-7.5000000000003497E-01
-7.5000000000003297E-01
-7.5000000000002998E-01
-7.5000000000002576E-01
-7.5000000000002109E-01
-7.5000000000001499E-01
-7.5000000000000955E-01
-7.5000000000000422E-01
-7.4999999999999756E-01
-7.4999999999999067E-01
-7.4999999999998490E-01
-9.0000000000004632E-01
-9.0000000000004610E-01
-9.0000000000004565E-01
-9.0000000000004543E-01
-9.0000000000004476E-01
-9.0000000000004343E-01
-9.0000000000004210E-01
-9.0000000000003932E-01
-9.0000000000003555E-01
-9.0000000000003055E-01
-9.0000000000002489E-01
-9.0000000000001834E-01
-9.0000000000001146E-01
-9.0000000000000413E-01
-8.9999999999999603E-01
-8.9999999999998792E-01
-8.9999999999998126E-01
-1.0500000000000536E+00
-1.0500000000000533E+00
-1.0500000000000527E+00
-1.0500000000000520E+00
-1.0500000000000513E+00
-1.0500000000000507E+00
-1.0500000000000482E+00
-1.0500000000000453E+00
-1.0500000000000407E+00
-1.0500000000000340E+00
-1.0500000000000280E+00
-1.0500000000000205E+00
-1.0500000000000134E+00
-1.0500000000000049E+00
-1.0499999999999956E+00
-1.0499999999999852E+00
-1.0499999999999770E+00
-1.2000000000000597E+00
-1.2000000000000597E+00
-1.2000000000000590E+00
-1.2000000000000579E+00
-1.2000000000000575E+00
-1.2000000000000566E+00
-1.2000000000000541E+00
-1.2000000000000504E+00
-1.2000000000000446E+00
-1.2000000000000377E+00
-1.2000000000000308E+00
-1.2000000000000233E+00
-1.2000000000000148E+00
-1.2000000000000057E+00
-1.1999999999999960E+00
-1.1999999999999840E+00
-1.1999999999999700E+00
-1.3500000000000651E+00
-1.3500000000000656E+00
-1.3500000000000647E+00
-1.3500000000000629E+00
-1.3500000000000631E+00
-1.3500000000000618E+00
-1.3500000000000594E+00
-1.3500000000000543E+00
-1.3500000000000485E+00
-1.3500000000000405E+00
-1.3500000000000327E+00
-1.3500000000000256E+00
-1.3500000000000165E+00
-1.3500000000000074E+00
-1.3499999999999961E+00
-1.3499999999999814E+00
-1.3499999999999666E+00
-1.5000000000000702E+00
-1.5000000000000706E+00
-1.5000000000000699E+00
-1.5000000000000686E+00
-1.5000000000000675E+00
-1.5000000000000657E+00
-1.5000000000000633E+00
-1.5000000000000577E+00
-1.5000000000000520E+00
-1.5000000000000433E+00
-1.5000000000000351E+00
-1.5000000000000275E+00
-1.5000000000000189E+00
-1.5000000000000089E+00
-1.4999999999999964E+00
-1.4999999999999800E+00
-1.4999999999999638E+00
-1.6500000000000745E+00
-1.6500000000000745E+00
-1.6500000000000739E+00
-1.6500000000000736E+00
-1.6500000000000710E+00
-1.6500000000000685E+00
-1.6500000000000652E+00
-1.6500000000000599E+00
-1.6500000000000543E+00
-1.6500000000000463E+00
-1.6500000000000379E+00
-1.6500000000000290E+00
-1.6500000000000188E+00
-1.6500000000000092E+00
-1.6499999999999968E+00
-1.6499999999999810E+00
-1.6499999999999617E+00
-1.8000000000000784E+00
-1.8000000000000773E+00
-1.8000000000000769E+00
-1.8000000000000766E+00
-1.8000000000000740E+00
-1.8000000000000702E+00
-1.8000000000000669E+00
-1.8000000000000627E+00
-1.8000000000000567E+00
-1.8000000000000480E+00
-1.8000000000000398E+00
-1.8000000000000287E+00
-1.8000000000000198E+00
-1.8000000000000080E+00
-1.7999999999999965E+00
-1.7999999999999814E+00
-1.7999999999999630E+00
