0.0000000000000000E+00
0.0000000000000000E+00
0.0000000000000000E+00
0.0000000000000000E+00
0.0000000000000000E+00
0.0000000000000000E+00
0.0000000000000000E+00
0.0000000000000000E+00
0.0000000000000000E+00
-3.0000000000000099E-01
-3.0000000000000104E-01
-3.0000000000000099E-01
-3.0000000000000066E-01
-3.0000000000000127E-01
-3.0000000000000115E-01
-3.0000000000000082E-01
-3.0000000000000154E-01
-3.0000000000000049E-01
-6.0000000000000209E-01
-6.0000000000000198E-01
-6.0000000000000187E-01
-6.0000000000000175E-01
-6.0000000000000175E-01
-6.0000000000000198E-01
-6.0000000000000298E-01
-6.0000000000000253E-01
-6.0000000000000175E-01
-9.0000000000000357E-01
-9.0000000000000291E-01
-9.0000000000000302E-01
-9.0000000000000291E-01
-9.0000000000000224E-01
-9.0000000000000291E-01
-9.0000000000000346E-01
-9.0000000000000280E-01
-9.0000000000000324E-01
-1.2000000000000042E+00
-1.2000000000000040E+00
-1.2000000000000042E+00
-1.2000000000000042E+00
-1.2000000000000037E+00
-1.2000000000000033E+00
-1.2000000000000028E+00
-1.2000000000000024E+00
-1.2000000000000026E+00
-1.5000000000000044E+00
-1.5000000000000049E+00
-1.5000000000000049E+00
-1.5000000000000044E+00
-1.5000000000000042E+00
-1.5000000000000027E+00
-1.5000000000000027E+00
-1.5000000000000024E+00
-1.5000000000000020E+00
-1.8000000000000043E+00
-1.8000000000000045E+00
-1.8000000000000045E+00
-1.8000000000000058E+00
-1.8000000000000043E+00
-1.8000000000000020E+00
-1.8000000000000027E+00
-1.8000000000000029E+00
-1.8000000000000029E+00
