0.0000000000000000E+00
0.0000000000000000E+00
0.0000000000000000E+00
0.0000000000000000E+00
0.0000000000000000E+00
0.0000000000000000E+00
0.0000000000000000E+00
0.0000000000000000E+00
0.0000000000000000E+00
0.0000000000000000E+00
0.0000000000000000E+00
0.0000000000000000E+00
0.0000000000000000E+00
0.0000000000000000E+00
0.0000000000000000E+00
0.0000000000000000E+00
0.0000000000000000E+00
0.0000000000000000E+00
0.0000000000000000E+00
0.0000000000000000E+00
0.0000000000000000E+00
0.0000000000000000E+00
0.0000000000000000E+00
0.0000000000000000E+00
0.0000000000000000E+00
0.0000000000000000E+00
0.0000000000000000E+00
0.0000000000000000E+00
0.0000000000000000E+00
0.0000000000000000E+00
0.0000000000000000E+00
0.0000000000000000E+00
0.0000000000000000E+00
0.0000000000000000E+00
0.0000000000000000E+00
0.0000000000000000E+00
0.0000000000000000E+00
0.0000000000000000E+00
0.0000000000000000E+00
0.0000000000000000E+00
0.0000000000000000E+00
0.0000000000000000E+00
0.0000000000000000E+00
0.0000000000000000E+00
0.0000000000000000E+00
0.0000000000000000E+00
0.0000000000000000E+00
0.0000000000000000E+00
0.0000000000000000E+00
0.0000000000000000E+00
0.0000000000000000E+00
0.0000000000000000E+00
0.0000000000000000E+00
0.0000000000000000E+00
0.0000000000000000E+00
0.0000000000000000E+00
0.0000000000000000E+00
0.0000000000000000E+00
0.0000000000000000E+00
0.0000000000000000E+00
0.0000000000000000E+00
0.0000000000000000E+00
0.0000000000000000E+00
0.0000000000000000E+00
0.0000000000000000E+00
-3.7500000000002094E-02
-3.7500000000002129E-02
-3.7500000000002184E-02
-3.7500000000002157E-02
-3.7500000000002080E-02
-3.7500000000002136E-02
-3.7500000000002261E-02
-3.7500000000002184E-02
-3.7500000000002011E-02
-3.7500000000002018E-02
-3.7500000000001921E-02
-3.7500000000001907E-02
-3.7500000000001872E-02
-3.7500000000001671E-02
-3.7500000000001671E-02
-3.7500000000001865E-02
-3.7500000000001754E-02
-3.7500000000002073E-02
-3.7500000000001830E-02
-3.7500000000001553E-02
-3.7500000000001428E-02
-3.7500000000001102E-02
-3.7500000000000921E-02
-3.7500000000001005E-02
-3.7500000000001206E-02
-3.7500000000002032E-02
-3.7500000000002538E-02
-3.7500000000003218E-02
-3.7500000000003614E-02
-3.7500000000003711E-02
-3.7500000000003614E-02
-3.7500000000003392E-02
-3.7500000000003669E-02
-3.7500000000003100E-02
-3.7500000000003336E-02
-3.7500000000003544E-02
-3.7500000000003891E-02
-3.7500000000003732E-02
-3.7500000000004280E-02
-3.7500000000004440E-02
-3.7500000000004204E-02
-3.7500000000004044E-02
-3.7500000000003406E-02
-3.7500000000003121E-02
-3.7500000000003107E-02
-3.7500000000003149E-02
-3.7500000000004044E-02
-3.7500000000004204E-02
-3.7500000000004335E-02
-3.7500000000003732E-02
-3.7500000000002962E-02
-3.7500000000002406E-02
-3.7500000000001796E-02
-3.7500000000002157E-02
-3.7500000000001060E-02
-3.7500000000001359E-02
-3.7500000000002476E-02
-3.7500000000002982E-02
-3.7500000000003780E-02
-3.7500000000003912E-02
-3.7500000000004308E-02
-3.7500000000002864E-02
-3.7500000000000679E-02
-3.7500000000000769E-02
-3.7500000000000915E-02
-7.5000000000004174E-02
-7.5000000000004258E-02
-7.5000000000004299E-02
-7.5000000000004216E-02
-7.5000000000004133E-02
-7.5000000000004285E-02
-7.5000000000004383E-02
-7.5000000000004285E-02
-7.5000000000004077E-02
-7.5000000000004022E-02
-7.5000000000003855E-02
-7.5000000000003855E-02
-7.5000000000003703E-02
-7.5000000000003467E-02
-7.5000000000003661E-02
-7.5000000000003661E-02
-7.5000000000003758E-02
-7.5000000000004285E-02
-7.5000000000003827E-02
-7.5000000000002953E-02
-7.5000000000002953E-02
-7.5000000000002620E-02
-7.5000000000002204E-02
-7.5000000000002079E-02
-7.5000000000002898E-02
-7.5000000000004091E-02
-7.5000000000005479E-02
-7.5000000000006145E-02
-7.5000000000007602E-02
-7.5000000000007450E-02
-7.5000000000006881E-02
-7.5000000000006978E-02
-7.5000000000006894E-02
-7.5000000000006325E-02
-7.5000000000006117E-02
-7.5000000000007144E-02
-7.5000000000006506E-02
-7.5000000000007477E-02
-7.5000000000008518E-02
-7.5000000000008796E-02
-7.5000000000007963E-02
-7.5000000000008255E-02
-7.5000000000006797E-02
-7.5000000000006450E-02
-7.5000000000005826E-02
-7.5000000000006325E-02
-7.5000000000007769E-02
-7.5000000000008338E-02
-7.5000000000007144E-02
-7.5000000000006936E-02
-7.5000000000006034E-02
-7.5000000000004605E-02
-7.5000000000003453E-02
-7.5000000000003827E-02
-7.5000000000003522E-02
-7.5000000000003120E-02
-7.5000000000004480E-02
-7.5000000000007769E-02
-7.5000000000006450E-02
-7.5000000000007283E-02
-7.5000000000008546E-02
-7.5000000000004660E-02
-7.5000000000002565E-02
-7.5000000000002037E-02
-7.4999999999999872E-02
-1.1250000000000637E-01
-1.1250000000000634E-01
-1.1250000000000634E-01
-1.1250000000000619E-01
-1.1250000000000612E-01
-1.1250000000000625E-01
-1.1250000000000639E-01
-1.1250000000000630E-01
-1.1250000000000614E-01
-1.1250000000000591E-01
-1.1250000000000582E-01
-1.1250000000000585E-01
-1.1250000000000568E-01
-1.1250000000000560E-01
-1.1250000000000562E-01
-1.1250000000000583E-01
-1.1250000000000583E-01
-1.1250000000000553E-01
-1.1250000000000528E-01
-1.1250000000000482E-01
-1.1250000000000478E-01
-1.1250000000000387E-01
-1.1250000000000394E-01
-1.1250000000000397E-01
-1.1250000000000436E-01
-1.1250000000000596E-01
-1.1250000000000782E-01
-1.1250000000000883E-01
-1.1250000000000987E-01
-1.1250000000000998E-01
-1.1250000000001020E-01
-1.1250000000001056E-01
-1.1250000000000983E-01
-1.1250000000000905E-01
-1.1250000000000973E-01
-1.1250000000000993E-01
-1.1250000000001048E-01
-1.1250000000001209E-01
-1.1250000000001323E-01
-1.1250000000001271E-01
-1.1250000000001278E-01
-1.1250000000001184E-01
-1.1250000000001116E-01
-1.1250000000000961E-01
-1.1250000000000945E-01
-1.1250000000001020E-01
-1.1250000000001195E-01
-1.1250000000001165E-01
-1.1250000000001030E-01
-1.1250000000000959E-01
-1.1250000000000879E-01
-1.1250000000000640E-01
-1.1250000000000530E-01
-1.1250000000000616E-01
-1.1250000000000789E-01
-1.1250000000000783E-01
-1.1250000000000844E-01
-1.1250000000000962E-01
-1.1250000000001051E-01
-1.1250000000001086E-01
-1.1250000000001081E-01
-1.1250000000000816E-01
-1.1250000000000655E-01
-1.1250000000000404E-01
-1.1250000000000053E-01
-1.5000000000000835E-01
-1.5000000000000832E-01
-1.5000000000000838E-01
-1.5000000000000829E-01
-1.5000000000000813E-01
-1.5000000000000810E-01
-1.5000000000000807E-01
-1.5000000000000818E-01
-1.5000000000000815E-01
-1.5000000000000782E-01
-1.5000000000000752E-01
-1.5000000000000763E-01
-1.5000000000000785E-01
-1.5000000000000768E-01
-1.5000000000000738E-01
-1.5000000000000749E-01
-1.5000000000000768E-01
-1.5000000000000729E-01
-1.5000000000000704E-01
-1.5000000000000663E-01
-1.5000000000000566E-01
-1.5000000000000546E-01
-1.5000000000000585E-01
-1.5000000000000582E-01
-1.5000000000000646E-01
-1.5000000000000804E-01
-1.5000000000001038E-01
-1.5000000000001087E-01
-1.5000000000001235E-01
-1.5000000000001246E-01
-1.5000000000001285E-01
-1.5000000000001326E-01
-1.5000000000001248E-01
-1.5000000000001235E-01
-1.5000000000001340E-01
-1.5000000000001368E-01
-1.5000000000001468E-01
-1.5000000000001587E-01
-1.5000000000001698E-01
-1.5000000000001620E-01
-1.5000000000001676E-01
-1.5000000000001476E-01
-1.5000000000001526E-01
-1.5000000000001384E-01
-1.5000000000001298E-01
-1.5000000000001321E-01
-1.5000000000001493E-01
-1.5000000000001371E-01
-1.5000000000001396E-01
-1.5000000000001251E-01
-1.5000000000001043E-01
-1.5000000000000840E-01
-1.5000000000000868E-01
-1.5000000000000965E-01
-1.5000000000001196E-01
-1.5000000000001232E-01
-1.5000000000001285E-01
-1.5000000000001182E-01
-1.5000000000001454E-01
-1.5000000000001346E-01
-1.5000000000001240E-01
-1.5000000000001207E-01
-1.5000000000000913E-01
-1.5000000000000605E-01
-1.4999999999999969E-01
-1.8750000000001024E-01
-1.8750000000001027E-01
-1.8750000000001033E-01
-1.8750000000001030E-01
-1.8750000000001016E-01
-1.8750000000000988E-01
-1.8750000000000999E-01
-1.8750000000001005E-01
-1.8750000000001019E-01
-1.8750000000000985E-01
-1.8750000000000938E-01
-1.8750000000000927E-01
-1.8750000000000971E-01
-1.8750000000000927E-01
-1.8750000000000880E-01
-1.8750000000000874E-01
-1.8750000000000916E-01
-1.8750000000000958E-01
-1.8750000000000924E-01
-1.8750000000000852E-01
-1.8750000000000736E-01
-1.8750000000000749E-01
-1.8750000000000788E-01
-1.8750000000000841E-01
-1.8750000000000946E-01
-1.8750000000001049E-01
-1.8750000000001174E-01
-1.8750000000001296E-01
-1.8750000000001396E-01
-1.8750000000001407E-01
-1.8750000000001488E-01
-1.8750000000001493E-01
-1.8750000000001510E-01
-1.8750000000001640E-01
-1.8750000000001710E-01
-1.8750000000001768E-01
-1.8750000000001846E-01
-1.8750000000001890E-01
-1.8750000000001998E-01
-1.8750000000002059E-01
-1.8750000000001962E-01
-1.8750000000001885E-01
-1.8750000000001876E-01
-1.8750000000001882E-01
-1.8750000000001743E-01
-1.8750000000001657E-01
-1.8750000000001626E-01
-1.8750000000001574E-01
-1.8750000000001621E-01
-1.8750000000001454E-01
-1.8750000000001271E-01
-1.8750000000001180E-01
-1.8750000000001346E-01
-1.8750000000001354E-01
-1.8750000000001468E-01
-1.8750000000001552E-01
-1.8750000000001668E-01
-1.8750000000001585E-01
-1.8750000000001643E-01
-1.8750000000001607E-01
-1.8750000000001618E-01
-1.8750000000001421E-01
-1.8750000000001171E-01
-1.8750000000000772E-01
-1.8750000000000239E-01
-2.2500000000001211E-01
-2.2500000000001211E-01
-2.2500000000001222E-01
-2.2500000000001222E-01
-2.2500000000001200E-01
-2.2500000000001169E-01
-2.2500000000001177E-01
-2.2500000000001205E-01
-2.2500000000001180E-01
-2.2500000000001158E-01
-2.2500000000001116E-01
-2.2500000000001105E-01
-2.2500000000001094E-01
-2.2500000000001077E-01
-2.2500000000001058E-01
-2.2500000000001050E-01
-2.2500000000001047E-01
-2.2500000000001089E-01
-2.2500000000001072E-01
-2.2500000000001025E-01
-2.2500000000000941E-01
-2.2500000000001011E-01
-2.2500000000001044E-01
-2.2500000000001130E-01
-2.2500000000001169E-01
-2.2500000000001286E-01
-2.2500000000001377E-01
-2.2500000000001477E-01
-2.2500000000001560E-01
-2.2500000000001624E-01
-2.2500000000001616E-01
-2.2500000000001666E-01
-2.2500000000001791E-01
-2.2500000000001982E-01
-2.2500000000002024E-01
-2.2500000000002113E-01
-2.2500000000002215E-01
-2.2500000000002246E-01
-2.2500000000002343E-01
-2.2500000000002379E-01
-2.2500000000002318E-01
-2.2500000000002282E-01
-2.2500000000002229E-01
-2.2500000000002288E-01
-2.2500000000002351E-01
-2.2500000000002029E-01
-2.2500000000001810E-01
-2.2500000000001824E-01
-2.2500000000001702E-01
-2.2500000000001530E-01
-2.2500000000001416E-01
-2.2500000000001472E-01
-2.2500000000001660E-01
-2.2500000000001813E-01
-2.2500000000001880E-01
-2.2500000000001982E-01
-2.2500000000001999E-01
-2.2500000000001877E-01
-2.2500000000001988E-01
-2.2500000000001977E-01
-2.2500000000001991E-01
-2.2500000000001535E-01
-2.2500000000001086E-01
-2.2500000000000711E-01
-2.2500000000000672E-01
-2.6250000000001406E-01
-2.6250000000001394E-01
-2.6250000000001411E-01
-2.6250000000001400E-01
-2.6250000000001383E-01
-2.6250000000001361E-01
-2.6250000000001378E-01
-2.6250000000001378E-01
-2.6250000000001350E-01
-2.6250000000001306E-01
-2.6250000000001295E-01
-2.6250000000001283E-01
-2.6250000000001295E-01
-2.6250000000001256E-01
-2.6250000000001250E-01
-2.6250000000001228E-01
-2.6250000000001245E-01
-2.6250000000001183E-01
-2.6250000000001156E-01
-2.6250000000001134E-01
-2.6250000000001161E-01
-2.6250000000001256E-01
-2.6250000000001372E-01
-2.6250000000001394E-01
-2.6250000000001428E-01
-2.6250000000001478E-01
-2.6250000000001567E-01
-2.6250000000001583E-01
-2.6250000000001700E-01
-2.6250000000001894E-01
-2.6250000000001861E-01
-2.6250000000001861E-01
-2.6250000000002061E-01
-2.6250000000002288E-01
-2.6250000000002405E-01
-2.6250000000002516E-01
-2.6250000000002616E-01
-2.6250000000002582E-01
-2.6250000000002655E-01
-2.6250000000002627E-01
-2.6250000000002621E-01
-2.6250000000002544E-01
-2.6250000000002499E-01
-2.6250000000002560E-01
-2.6250000000002555E-01
-2.6250000000002277E-01
-2.6250000000002105E-01
-2.6250000000002061E-01
-2.6250000000001883E-01
-2.6250000000001639E-01
-2.6250000000001683E-01
-2.6250000000001716E-01
-2.6250000000001905E-01
-2.6250000000002249E-01
-2.6250000000002421E-01
-2.6250000000002494E-01
-2.6250000000002438E-01
-2.6250000000002394E-01
-2.6250000000002327E-01
-2.6250000000002355E-01
-2.6250000000002177E-01
-2.6250000000001594E-01
-2.6250000000001006E-01
-2.6250000000000717E-01
-2.6250000000000506E-01
-3.0000000000001603E-01
-3.0000000000001598E-01
-3.0000000000001598E-01
-3.0000000000001592E-01
-3.0000000000001570E-01
-3.0000000000001564E-01
-3.0000000000001570E-01
-3.0000000000001542E-01
-3.0000000000001509E-01
-3.0000000000001487E-01
-3.0000000000001470E-01
-3.0000000000001448E-01
-3.0000000000001437E-01
-3.0000000000001431E-01
-3.0000000000001420E-01
-3.0000000000001420E-01
-3.0000000000001359E-01
-3.0000000000001281E-01
-3.0000000000001259E-01
-3.0000000000001315E-01
-3.0000000000001381E-01
-3.0000000000001481E-01
-3.0000000000001575E-01
-3.0000000000001625E-01
-3.0000000000001675E-01
-3.0000000000001725E-01
-3.0000000000001803E-01
-3.0000000000001831E-01
-3.0000000000001953E-01
-3.0000000000002136E-01
-3.0000000000002158E-01
-3.0000000000002208E-01
-3.0000000000002391E-01
-3.0000000000002619E-01
-3.0000000000002741E-01
-3.0000000000002847E-01
-3.0000000000002891E-01
-3.0000000000002885E-01
-3.0000000000002880E-01
-3.0000000000002836E-01
-3.0000000000002908E-01
-3.0000000000002897E-01
-3.0000000000002902E-01
-3.0000000000002719E-01
-3.0000000000002658E-01
-3.0000000000002419E-01
-3.0000000000002458E-01
-3.0000000000002341E-01
-3.0000000000002186E-01
-3.0000000000001920E-01
-3.0000000000001908E-01
-3.0000000000002031E-01
-3.0000000000002292E-01
-3.0000000000002641E-01
-3.0000000000002780E-01
-3.0000000000002885E-01
-3.0000000000002902E-01
-3.0000000000002786E-01
-3.0000000000002675E-01
-3.0000000000002691E-01
-3.0000000000002397E-01
-3.0000000000001786E-01
-3.0000000000001376E-01
-3.0000000000000959E-01
-3.0000000000000276E-01
-3.3750000000001801E-01
-3.3750000000001784E-01
-3.3750000000001795E-01
-3.3750000000001784E-01
-3.3750000000001751E-01
-3.3750000000001751E-01
-3.3750000000001745E-01
-3.3750000000001718E-01
-3.3750000000001701E-01
-3.3750000000001651E-01
-3.3750000000001645E-01
-3.3750000000001629E-01
-3.3750000000001606E-01
-3.3750000000001601E-01
-3.3750000000001629E-01
-3.3750000000001584E-01
-3.3750000000001512E-01
-3.3750000000001451E-01
-3.3750000000001429E-01
-3.3750000000001462E-01
-3.3750000000001595E-01
-3.3750000000001662E-01
-3.3750000000001740E-01
-3.3750000000001823E-01
-3.3750000000001878E-01
-3.3750000000001906E-01
-3.3750000000002028E-01
-3.3750000000002189E-01
-3.3750000000002317E-01
-3.3750000000002417E-01
-3.3750000000002511E-01
-3.3750000000002617E-01
-3.3750000000002733E-01
-3.3750000000002889E-01
-3.3750000000003050E-01
-3.3750000000003155E-01
-3.3750000000003122E-01
-3.3750000000003111E-01
-3.3750000000003033E-01
-3.3750000000003094E-01
-3.3750000000003222E-01
-3.3750000000003250E-01
-3.3750000000003194E-01
-3.3750000000003016E-01
-3.3750000000002767E-01
-3.3750000000002639E-01
-3.3750000000002628E-01
-3.3750000000002495E-01
-3.3750000000002439E-01
-3.3750000000002250E-01
-3.3750000000002300E-01
-3.3750000000002472E-01
-3.3750000000002606E-01
-3.3750000000002900E-01
-3.3750000000002994E-01
-3.3750000000003100E-01
-3.3750000000003244E-01
-3.3750000000003111E-01
-3.3750000000002933E-01
-3.3750000000002883E-01
-3.3750000000002522E-01
-3.3750000000002239E-01
-3.3750000000001779E-01
-3.3750000000001262E-01
-3.3750000000000574E-01
-3.7500000000001998E-01
-3.7500000000001965E-01
-3.7500000000001971E-01
-3.7500000000001971E-01
-3.7500000000001954E-01
-3.7500000000001921E-01
-3.7500000000001882E-01
-3.7500000000001882E-01
-3.7500000000001876E-01
-3.7500000000001793E-01
-3.7500000000001782E-01
-3.7500000000001821E-01
-3.7500000000001787E-01
-3.7500000000001787E-01
-3.7500000000001771E-01
-3.7500000000001754E-01
-3.7500000000001699E-01
-3.7500000000001599E-01
-3.7500000000001621E-01
-3.7500000000001649E-01
-3.7500000000001710E-01
-3.7500000000001776E-01
-3.7500000000001937E-01
-3.7500000000001998E-01
-3.7500000000002104E-01
-3.7500000000002165E-01
-3.7500000000002282E-01
-3.7500000000002487E-01
-3.7500000000002631E-01
-3.7500000000002826E-01
-3.7500000000002914E-01
-3.7500000000003025E-01
-3.7500000000003109E-01
-3.7500000000003153E-01
-3.7500000000003247E-01
-3.7500000000003392E-01
-3.7500000000003525E-01
-3.7500000000003364E-01
-3.7500000000003353E-01
-3.7500000000003408E-01
-3.7500000000003481E-01
-3.7500000000003458E-01
-3.7500000000003419E-01
-3.7500000000003286E-01
-3.7500000000003098E-01
-3.7500000000002920E-01
-3.7500000000002781E-01
-3.7500000000002637E-01
-3.7500000000002587E-01
-3.7500000000002504E-01
-3.7500000000002648E-01
-3.7500000000002892E-01
-3.7500000000002948E-01
-3.7500000000003064E-01
-3.7500000000003159E-01
-3.7500000000003286E-01
-3.7500000000003442E-01
-3.7500000000003353E-01
-3.7500000000003125E-01
-3.7500000000002898E-01
-3.7500000000002898E-01
-3.7500000000002631E-01
-3.7500000000002148E-01
-3.7500000000001543E-01
-3.7500000000001044E-01
-4.1250000000002190E-01
-4.1250000000002157E-01
-4.1250000000002168E-01
-4.1250000000002152E-01
-4.1250000000002146E-01
-4.1250000000002085E-01
-4.1250000000002052E-01
-4.1250000000002057E-01
-4.1250000000002029E-01
-4.1250000000001957E-01
-4.1250000000001957E-01
-4.1250000000001957E-01
-4.1250000000001985E-01
-4.1250000000001957E-01
-4.1250000000001941E-01
-4.1250000000001918E-01
-4.1250000000001846E-01
-4.1250000000001757E-01
-4.1250000000001807E-01
-4.1250000000001807E-01
-4.1250000000001807E-01
-4.1250000000001957E-01
-4.1250000000002118E-01
-4.1250000000002202E-01
-4.1250000000002329E-01
-4.1250000000002435E-01
-4.1250000000002535E-01
-4.1250000000002696E-01
-4.1250000000002862E-01
-4.1250000000003062E-01
-4.1250000000003273E-01
-4.1250000000003401E-01
-4.1250000000003495E-01
-4.1250000000003462E-01
-4.1250000000003578E-01
-4.1250000000003628E-01
-4.1250000000003811E-01
-4.1250000000003745E-01
-4.1250000000003745E-01
-4.1250000000003734E-01
-4.1250000000003767E-01
-4.1250000000003656E-01
-4.1250000000003489E-01
-4.1250000000003489E-01
-4.1250000000003445E-01
-4.1250000000003095E-01
-4.1250000000002940E-01
-4.1250000000002907E-01
-4.1250000000002740E-01
-4.1250000000002812E-01
-4.1250000000003056E-01
-4.1250000000003173E-01
-4.1250000000003229E-01
-4.1250000000003195E-01
-4.1250000000003295E-01
-4.1250000000003528E-01
-4.1250000000003612E-01
-4.1250000000003562E-01
-4.1250000000003262E-01
-4.1250000000003134E-01
-4.1250000000003156E-01
-4.1250000000002823E-01
-4.1250000000002518E-01
-4.1250000000001952E-01
-4.1250000000001436E-01
-4.5000000000002355E-01
-4.5000000000002371E-01
-4.5000000000002333E-01
-4.5000000000002316E-01
-4.5000000000002310E-01
-4.5000000000002222E-01
-4.5000000000002222E-01
-4.5000000000002244E-01
-4.5000000000002188E-01
-4.5000000000002172E-01
-4.5000000000002116E-01
-4.5000000000002138E-01
-4.5000000000002116E-01
-4.5000000000002183E-01
-4.5000000000002116E-01
-4.5000000000002094E-01
-4.5000000000001950E-01
-4.5000000000001938E-01
-4.5000000000001894E-01
-4.5000000000001938E-01
-4.5000000000001988E-01
-4.5000000000002155E-01
-4.5000000000002299E-01
-4.5000000000002427E-01
-4.5000000000002527E-01
-4.5000000000002660E-01
-4.5000000000002749E-01
-4.5000000000002888E-01
-4.5000000000003026E-01
-4.5000000000003271E-01
-4.5000000000003498E-01
-4.5000000000003754E-01
-4.5000000000003887E-01
-4.5000000000003820E-01
-4.5000000000003881E-01
-4.5000000000004003E-01
-4.5000000000004042E-01
-4.5000000000004126E-01
-4.5000000000004220E-01
-4.5000000000004053E-01
-4.5000000000003931E-01
-4.5000000000003854E-01
-4.5000000000003659E-01
-4.5000000000003643E-01
-4.5000000000003582E-01
-4.5000000000003254E-01
-4.5000000000003226E-01
-4.5000000000003054E-01
-4.5000000000003010E-01
-4.5000000000003221E-01
-4.5000000000003360E-01
-4.5000000000003515E-01
-4.5000000000003360E-01
-4.5000000000003343E-01
-4.5000000000003421E-01
-4.5000000000003632E-01
-4.5000000000003626E-01
-4.5000000000003670E-01
-4.5000000000003432E-01
-4.5000000000003459E-01
-4.5000000000003526E-01
-4.5000000000003082E-01
-4.5000000000002877E-01
-4.5000000000002355E-01
-4.5000000000001583E-01
-4.8750000000002519E-01
-4.8750000000002541E-01
-4.8750000000002475E-01
-4.8750000000002458E-01
-4.8750000000002441E-01
-4.8750000000002391E-01
-4.8750000000002358E-01
-4.8750000000002397E-01
-4.8750000000002391E-01
-4.8750000000002341E-01
-4.8750000000002308E-01
-4.8750000000002303E-01
-4.8750000000002297E-01
-4.8750000000002336E-01
-4.8750000000002330E-01
-4.8750000000002214E-01
-4.8750000000002142E-01
-4.8750000000002142E-01
-4.8750000000002131E-01
-4.8750000000002136E-01
-4.8750000000002203E-01
-4.8750000000002336E-01
-4.8750000000002502E-01
-4.8750000000002608E-01
-4.8750000000002780E-01
-4.8750000000002863E-01
-4.8750000000002947E-01
-4.8750000000003058E-01
-4.8750000000003146E-01
-4.8750000000003513E-01
-4.8750000000003751E-01
-4.8750000000003962E-01
-4.8750000000004123E-01
-4.8750000000004207E-01
-4.8750000000004234E-01
-4.8750000000004262E-01
-4.8750000000004318E-01
-4.8750000000004468E-01
-4.8750000000004456E-01
-4.8750000000004395E-01
-4.8750000000004112E-01
-4.8750000000003951E-01
-4.8750000000003818E-01
-4.8750000000003751E-01
-4.8750000000003635E-01
-4.8750000000003529E-01
-4.8750000000003368E-01
-4.8750000000003257E-01
-4.8750000000003307E-01
-4.8750000000003579E-01
-4.8750000000003763E-01
-4.8750000000003768E-01
-4.8750000000003624E-01
-4.8750000000003485E-01
-4.8750000000003335E-01
-4.8750000000003618E-01
-4.8750000000003724E-01
-4.8750000000003807E-01
-4.8750000000003801E-01
-4.8750000000003763E-01
-4.8750000000003718E-01
-4.8750000000003629E-01
-4.8750000000003335E-01
-4.8750000000002736E-01
-4.8750000000001731E-01
-5.2500000000002689E-01
-5.2500000000002689E-01
-5.2500000000002645E-01
-5.2500000000002611E-01
-5.2500000000002589E-01
-5.2500000000002545E-01
-5.2500000000002511E-01
-5.2500000000002545E-01
-5.2500000000002511E-01
-5.2500000000002522E-01
-5.2500000000002467E-01
-5.2500000000002489E-01
-5.2500000000002434E-01
-5.2500000000002467E-01
-5.2500000000002478E-01
-5.2500000000002378E-01
-5.2500000000002378E-01
-5.2500000000002378E-01
-5.2500000000002334E-01
-5.2500000000002323E-01
-5.2500000000002400E-01
-5.2500000000002534E-01
-5.2500000000002656E-01
-5.2500000000002711E-01
-5.2500000000002855E-01
-5.2500000000002967E-01
-5.2500000000003166E-01
-5.2500000000003288E-01
-5.2500000000003366E-01
-5.2500000000003777E-01
-5.2500000000003988E-01
-5.2500000000004154E-01
-5.2500000000004310E-01
-5.2500000000004454E-01
-5.2500000000004488E-01
-5.2500000000004454E-01
-5.2500000000004521E-01
-5.2500000000004743E-01
-5.2500000000004721E-01
-5.2500000000004599E-01
-5.2500000000004365E-01
-5.2500000000004210E-01
-5.2500000000003966E-01
-5.2500000000003866E-01
-5.2500000000003655E-01
-5.2500000000003633E-01
-5.2500000000003511E-01
-5.2500000000003610E-01
-5.2500000000003699E-01
-5.2500000000003899E-01
-5.2500000000003955E-01
-5.2500000000004032E-01
-5.2500000000003888E-01
-5.2500000000003610E-01
-5.2500000000003488E-01
-5.2500000000003666E-01
-5.2500000000003977E-01
-5.2500000000004077E-01
-5.2500000000004177E-01
-5.2500000000003921E-01
-5.2500000000003955E-01
-5.2500000000003910E-01
-5.2500000000003666E-01
-5.2500000000003211E-01
-5.2500000000002112E-01
-5.6250000000002875E-01
-5.6250000000002842E-01
-5.6250000000002842E-01
-5.6250000000002809E-01
-5.6250000000002753E-01
-5.6250000000002720E-01
-5.6250000000002687E-01
-5.6250000000002676E-01
-5.6250000000002687E-01
-5.6250000000002720E-01
-5.6250000000002698E-01
-5.6250000000002665E-01
-5.6250000000002631E-01
-5.6250000000002620E-01
-5.6250000000002620E-01
-5.6250000000002609E-01
-5.6250000000002620E-01
-5.6250000000002565E-01
-5.6250000000002498E-01
-5.6250000000002531E-01
-5.6250000000002609E-01
-5.6250000000002687E-01
-5.6250000000002776E-01
-5.6250000000002853E-01
-5.6250000000003009E-01
-5.6250000000003186E-01
-5.6250000000003331E-01
-5.6250000000003542E-01
-5.6250000000003719E-01
-5.6250000000004030E-01
-5.6250000000004252E-01
-5.6250000000004341E-01
-5.6250000000004463E-01
-5.6250000000004652E-01
-5.6250000000004730E-01
-5.6250000000004730E-01
-5.6250000000004829E-01
-5.6250000000004918E-01
-5.6250000000004929E-01
-5.6250000000004818E-01
-5.6250000000004630E-01
-5.6250000000004441E-01
-5.6250000000004174E-01
-5.6250000000003908E-01
-5.6250000000003730E-01
-5.6250000000003653E-01
-5.6250000000003708E-01
-5.6250000000003852E-01
-5.6250000000003952E-01
-5.6250000000004130E-01
-5.6250000000004330E-01
-5.6250000000004274E-01
-5.6250000000004285E-01
-5.6250000000004019E-01
-5.6250000000003775E-01
-5.6250000000003830E-01
-5.6250000000004019E-01
-5.6250000000004141E-01
-5.6250000000004141E-01
-5.6250000000004130E-01
-5.6250000000004063E-01
-5.6250000000003986E-01
-5.6250000000003830E-01
-5.6250000000003553E-01
-5.6250000000003220E-01
-6.0000000000003062E-01
-6.0000000000003029E-01
-6.0000000000002984E-01
-6.0000000000002973E-01
-6.0000000000002918E-01
-6.0000000000002907E-01
-6.0000000000002862E-01
-6.0000000000002862E-01
-6.0000000000002796E-01
-6.0000000000002851E-01
-6.0000000000002840E-01
-6.0000000000002862E-01
-6.0000000000002784E-01
-6.0000000000002796E-01
-6.0000000000002829E-01
-6.0000000000002818E-01
-6.0000000000002784E-01
-6.0000000000002740E-01
-6.0000000000002673E-01
-6.0000000000002729E-01
-6.0000000000002740E-01
-6.0000000000002796E-01
-6.0000000000002873E-01
-6.0000000000003006E-01
-6.0000000000003140E-01
-6.0000000000003384E-01
-6.0000000000003484E-01
-6.0000000000003773E-01
-6.0000000000003972E-01
-6.0000000000004217E-01
-6.0000000000004394E-01
-6.0000000000004572E-01
-6.0000000000004672E-01
-6.0000000000004794E-01
-6.0000000000004861E-01
-6.0000000000004938E-01
-6.0000000000005016E-01
-6.0000000000005016E-01
-6.0000000000005027E-01
-6.0000000000005127E-01
-6.0000000000004861E-01
-6.0000000000004594E-01
-6.0000000000004328E-01
-6.0000000000003995E-01
-6.0000000000003861E-01
-6.0000000000003684E-01
-6.0000000000003750E-01
-6.0000000000003995E-01
-6.0000000000004172E-01
-6.0000000000004505E-01
-6.0000000000004639E-01
-6.0000000000004650E-01
-6.0000000000004650E-01
-6.0000000000004428E-01
-6.0000000000004039E-01
-6.0000000000004006E-01
-6.0000000000004161E-01
-6.0000000000004106E-01
-6.0000000000004117E-01
-6.0000000000004095E-01
-6.0000000000004194E-01
-6.0000000000004095E-01
-6.0000000000004106E-01
-6.0000000000003972E-01
-6.0000000000004083E-01
-6.3750000000003226E-01
-6.3750000000003215E-01
-6.3750000000003171E-01
-6.3750000000003104E-01
-6.3750000000003093E-01
-6.3750000000003104E-01
-6.3750000000003026E-01
-6.3750000000003004E-01
-6.3750000000002982E-01
-6.3750000000002971E-01
-6.3750000000003004E-01
-6.3750000000003049E-01
-6.3750000000003026E-01
-6.3750000000003015E-01
-6.3750000000003082E-01
-6.3750000000002982E-01
-6.3750000000002927E-01
-6.3750000000002893E-01
-6.3750000000002927E-01
-6.3750000000002893E-01
-6.3750000000002982E-01
-6.3750000000002971E-01
-6.3750000000003015E-01
-6.3750000000003115E-01
-6.3750000000003260E-01
-6.3750000000003482E-01
-6.3750000000003737E-01
-6.3750000000003937E-01
-6.3750000000004126E-01
-6.3750000000004348E-01
-6.3750000000004603E-01
-6.3750000000004681E-01
-6.3750000000004858E-01
-6.3750000000005014E-01
-6.3750000000005180E-01
-6.3750000000005147E-01
-6.3750000000005180E-01
-6.3750000000005158E-01
-6.3750000000005103E-01
-6.3750000000005136E-01
-6.3750000000005036E-01
-6.3750000000004792E-01
-6.3750000000004492E-01
-6.3750000000004226E-01
-6.3750000000004070E-01
-6.3750000000003948E-01
-6.3750000000004037E-01
-6.3750000000004270E-01
-6.3750000000004592E-01
-6.3750000000004781E-01
-6.3750000000004914E-01
-6.3750000000004947E-01
-6.3750000000004947E-01
-6.3750000000004770E-01
-6.3750000000004514E-01
-6.3750000000004181E-01
-6.3750000000004092E-01
-6.3750000000004059E-01
-6.3750000000004181E-01
-6.3750000000004192E-01
-6.3750000000004203E-01
-6.3750000000004403E-01
-6.3750000000004603E-01
-6.3750000000004692E-01
-6.3750000000004603E-01
-6.7500000000003357E-01
-6.7500000000003380E-01
-6.7500000000003313E-01
-6.7500000000003291E-01
-6.7500000000003224E-01
-6.7500000000003191E-01
-6.7500000000003180E-01
-6.7500000000003146E-01
-6.7500000000003124E-01
-6.7500000000003224E-01
-6.7500000000003224E-01
-6.7500000000003235E-01
-6.7500000000003213E-01
-6.7500000000003224E-01
-6.7500000000003224E-01
-6.7500000000003124E-01
-6.7500000000003080E-01
-6.7500000000003069E-01
-6.7500000000003091E-01
-6.7500000000003080E-01
-6.7500000000003124E-01
-6.7500000000003180E-01
-6.7500000000003146E-01
-6.7500000000003213E-01
-6.7500000000003357E-01
-6.7500000000003602E-01
-6.7500000000003779E-01
-6.7500000000004090E-01
-6.7500000000004223E-01
-6.7500000000004468E-01
-6.7500000000004645E-01
-6.7500000000004812E-01
-6.7500000000004878E-01
-6.7500000000005211E-01
-6.7500000000005345E-01
-6.7500000000005411E-01
-6.7500000000005278E-01
-6.7500000000005267E-01
-6.7500000000005167E-01
-6.7500000000005123E-01
-6.7500000000005078E-01
-6.7500000000004978E-01
-6.7500000000004723E-01
-6.7500000000004445E-01
-6.7500000000004279E-01
-6.7500000000004334E-01
-6.7500000000004456E-01
-6.7500000000004656E-01
-6.7500000000004956E-01
-6.7500000000005089E-01
-6.7500000000005178E-01
-6.7500000000005189E-01
-6.7500000000005256E-01
-6.7500000000005111E-01
-6.7500000000004823E-01
-6.7500000000004479E-01
-6.7500000000004168E-01
-6.7500000000004001E-01
-6.7500000000004001E-01
-6.7500000000004223E-01
-6.7500000000004512E-01
-6.7500000000004756E-01
-6.7500000000005012E-01
-6.7500000000005289E-01
-6.7500000000005256E-01
-7.1250000000003511E-01
-7.1250000000003499E-01
-7.1250000000003411E-01
-7.1250000000003333E-01
-7.1250000000003322E-01
-7.1250000000003300E-01
-7.1250000000003288E-01
-7.1250000000003255E-01
-7.1250000000003266E-01
-7.1250000000003366E-01
-7.1250000000003422E-01
-7.1250000000003388E-01
-7.1250000000003477E-01
-7.1250000000003466E-01
-7.1250000000003411E-01
-7.1250000000003333E-01
-7.1250000000003244E-01
-7.1250000000003222E-01
-7.1250000000003277E-01
-7.1250000000003255E-01
-7.1250000000003244E-01
-7.1250000000003366E-01
-7.1250000000003266E-01
-7.1250000000003288E-01
-7.1250000000003422E-01
-7.1250000000003588E-01
-7.1250000000003855E-01
-7.1250000000004143E-01
-7.1250000000004388E-01
-7.1250000000004543E-01
-7.1250000000004687E-01
-7.1250000000004876E-01
-7.1250000000005120E-01
-7.1250000000005376E-01
-7.1250000000005465E-01
-7.1250000000005542E-01
-7.1250000000005465E-01
-7.1250000000005342E-01
-7.1250000000005320E-01
-7.1250000000005198E-01
-7.1250000000005154E-01
-7.1250000000005087E-01
-7.1250000000004954E-01
-7.1250000000004754E-01
-7.1250000000004743E-01
-7.1250000000004721E-01
-7.1250000000004876E-01
-7.1250000000005032E-01
-7.1250000000005242E-01
-7.1250000000005353E-01
-7.1250000000005442E-01
-7.1250000000005353E-01
-7.1250000000005376E-01
-7.1250000000005287E-01
-7.1250000000005032E-01
-7.1250000000004643E-01
-7.1250000000004376E-01
-7.1250000000004110E-01
-7.1250000000004088E-01
-7.1250000000004421E-01
-7.1250000000004798E-01
-7.1250000000005154E-01
-7.1250000000005276E-01
-7.1250000000005664E-01
-7.1250000000006186E-01
-7.5000000000003653E-01
-7.5000000000003575E-01
-7.5000000000003519E-01
-7.5000000000003453E-01
-7.5000000000003464E-01
-7.5000000000003408E-01
-7.5000000000003342E-01
-7.5000000000003397E-01
-7.5000000000003397E-01
-7.5000000000003508E-01
-7.5000000000003586E-01
-7.5000000000003575E-01
-7.5000000000003608E-01
-7.5000000000003675E-01
-7.5000000000003608E-01
-7.5000000000003542E-01
-7.5000000000003331E-01
-7.5000000000003475E-01
-7.5000000000003386E-01
-7.5000000000003453E-01
-7.5000000000003408E-01
-7.5000000000003575E-01
-7.5000000000003431E-01
-7.5000000000003375E-01
-7.5000000000003442E-01
-7.5000000000003664E-01
-7.5000000000003897E-01
-7.5000000000004186E-01
-7.5000000000004452E-01
-7.5000000000004585E-01
-7.5000000000004730E-01
-7.5000000000004974E-01
-7.5000000000005074E-01
-7.5000000000005351E-01
-7.5000000000005473E-01
-7.5000000000005596E-01
-7.5000000000005618E-01
-7.5000000000005462E-01
-7.5000000000005451E-01
-7.5000000000005373E-01
-7.5000000000005196E-01
-7.5000000000005251E-01
-7.5000000000005207E-01
-7.5000000000005163E-01
-7.5000000000005151E-01
-7.5000000000005240E-01
-7.5000000000005285E-01
-7.5000000000005429E-01
-7.5000000000005551E-01
-7.5000000000005540E-01
-7.5000000000005584E-01
-7.5000000000005440E-01
-7.5000000000005396E-01
-7.5000000000005429E-01
-7.5000000000005118E-01
-7.5000000000004796E-01
-7.5000000000004496E-01
-7.5000000000004263E-01
-7.5000000000004408E-01
-7.5000000000004752E-01
-7.5000000000005140E-01
-7.5000000000005573E-01
-7.5000000000005751E-01
-7.5000000000006073E-01
-7.5000000000007050E-01
-7.8750000000003695E-01
-7.8750000000003673E-01
-7.8750000000003617E-01
-7.8750000000003573E-01
-7.8750000000003506E-01
-7.8750000000003473E-01
-7.8750000000003484E-01
-7.8750000000003517E-01
-7.8750000000003595E-01
-7.8750000000003650E-01
-7.8750000000003750E-01
-7.8750000000003773E-01
-7.8750000000003828E-01
-7.8750000000003850E-01
-7.8750000000003795E-01
-7.8750000000003673E-01
-7.8750000000003628E-01
-7.8750000000003628E-01
-7.8750000000003606E-01
-7.8750000000003628E-01
-7.8750000000003584E-01
-7.8750000000003695E-01
-7.8750000000003628E-01
-7.8750000000003562E-01
-7.8750000000003684E-01
-7.8750000000003806E-01
-7.8750000000003995E-01
-7.8750000000004194E-01
-7.8750000000004428E-01
-7.8750000000004627E-01
-7.8750000000004750E-01
-7.8750000000004905E-01
-7.8750000000005127E-01
-7.8750000000005316E-01
-7.8750000000005504E-01
-7.8750000000005549E-01
-7.8750000000005660E-01
-7.8750000000005616E-01
-7.8750000000005549E-01
-7.8750000000005482E-01
-7.8750000000005393E-01
-7.8750000000005449E-01
-7.8750000000005516E-01
-7.8750000000005527E-01
-7.8750000000005538E-01
-7.8750000000005638E-01
-7.8750000000005715E-01
-7.8750000000005838E-01
-7.8750000000005782E-01
-7.8750000000005727E-01
-7.8750000000005693E-01
-7.8750000000005504E-01
-7.8750000000005460E-01
-7.8750000000005405E-01
-7.8750000000005049E-01
-7.8750000000004827E-01
-7.8750000000004639E-01
-7.8750000000004672E-01
-7.8750000000004849E-01
-7.8750000000005127E-01
-7.8750000000005416E-01
-7.8750000000005960E-01
-7.8750000000006293E-01
-7.8750000000006604E-01
-7.8750000000007248E-01
-8.2500000000003793E-01
-8.2500000000003715E-01
-8.2500000000003715E-01
-8.2500000000003681E-01
-8.2500000000003604E-01
-8.2500000000003537E-01
-8.2500000000003615E-01
-8.2500000000003659E-01
-8.2500000000003726E-01
-8.2500000000003793E-01
-8.2500000000003870E-01
-8.2500000000003981E-01
-8.2500000000004026E-01
-8.2500000000004037E-01
-8.2500000000003926E-01
-8.2500000000003804E-01
-8.2500000000003815E-01
-8.2500000000003859E-01
-8.2500000000003826E-01
-8.2500000000003837E-01
-8.2500000000003770E-01
-8.2500000000003892E-01
-8.2500000000003781E-01
-8.2500000000003759E-01
-8.2500000000003881E-01
-8.2500000000003904E-01
-8.2500000000004070E-01
-8.2500000000004259E-01
-8.2500000000004403E-01
-8.2500000000004636E-01
-8.2500000000004692E-01
-8.2500000000004881E-01
-8.2500000000004925E-01
-8.2500000000005236E-01
-8.2500000000005358E-01
-8.2500000000005491E-01
-8.2500000000005602E-01
-8.2500000000005680E-01
-8.2500000000005624E-01
-8.2500000000005602E-01
-8.2500000000005591E-01
-8.2500000000005758E-01
-8.2500000000005713E-01
-8.2500000000005824E-01
-8.2500000000005924E-01
-8.2500000000005969E-01
-8.2500000000006146E-01
-8.2500000000006180E-01
-8.2500000000006002E-01
-8.2500000000005891E-01
-8.2500000000005880E-01
-8.2500000000005713E-01
-8.2500000000005480E-01
-8.2500000000005436E-01
-8.2500000000005014E-01
-8.2500000000004647E-01
-8.2500000000004858E-01
-8.2500000000005069E-01
-8.2500000000005180E-01
-8.2500000000005458E-01
-8.2500000000005758E-01
-8.2500000000006357E-01
-8.2500000000006801E-01
-8.2500000000007145E-01
-8.2500000000007212E-01
-8.6250000000003824E-01
-8.6250000000003779E-01
-8.6250000000003801E-01
-8.6250000000003779E-01
-8.6250000000003790E-01
-8.6250000000003635E-01
-8.6250000000003757E-01
-8.6250000000003768E-01
-8.6250000000003846E-01
-8.6250000000003946E-01
-8.6250000000004068E-01
-8.6250000000004090E-01
-8.6250000000004268E-01
-8.6250000000004157E-01
-8.6250000000004101E-01
-8.6250000000003990E-01
-8.6250000000004068E-01
-8.6250000000004090E-01
-8.6250000000004112E-01
-8.6250000000004057E-01
-8.6250000000004068E-01
-8.6250000000004023E-01
-8.6250000000004023E-01
-8.6250000000004012E-01
-8.6250000000004101E-01
-8.6250000000004090E-01
-8.6250000000004257E-01
-8.6250000000004368E-01
-8.6250000000004423E-01
-8.6250000000004623E-01
-8.6250000000004778E-01
-8.6250000000004934E-01
-8.6250000000004934E-01
-8.6250000000005078E-01
-8.6250000000005234E-01
-8.6250000000005433E-01
-8.6250000000005700E-01
-8.6250000000005722E-01
-8.6250000000005878E-01
-8.6250000000005822E-01
-8.6250000000005878E-01
-8.6250000000005866E-01
-8.6250000000006100E-01
-8.6250000000006122E-01
-8.6250000000006188E-01
-8.6250000000006244E-01
-8.6250000000006566E-01
-8.6250000000006488E-01
-8.6250000000006177E-01
-8.6250000000006077E-01
-8.6250000000006211E-01
-8.6250000000006011E-01
-8.6250000000005744E-01
-8.6250000000005500E-01
-8.6250000000005111E-01
-8.6250000000004745E-01
-8.6250000000005034E-01
-8.6250000000005300E-01
-8.6250000000005522E-01
-8.6250000000005844E-01
-8.6250000000006166E-01
-8.6250000000006588E-01
-8.6250000000007143E-01
-8.6250000000007498E-01
-8.6250000000007720E-01
-9.0000000000003866E-01
-9.0000000000003832E-01
-9.0000000000003877E-01
-9.0000000000003877E-01
-9.0000000000003832E-01
-9.0000000000003788E-01
-9.0000000000003832E-01
-9.0000000000003944E-01
-9.0000000000003910E-01
-9.0000000000004055E-01
-9.0000000000004055E-01
-9.0000000000004221E-01
-9.0000000000004310E-01
-9.0000000000004321E-01
-9.0000000000004265E-01
-9.0000000000004232E-01
-9.0000000000004210E-01
-9.0000000000004288E-01
-9.0000000000004343E-01
-9.0000000000004277E-01
-9.0000000000004277E-01
-9.0000000000004321E-01
-9.0000000000004299E-01
-9.0000000000004188E-01
-9.0000000000004343E-01
-9.0000000000004288E-01
-9.0000000000004365E-01
-9.0000000000004521E-01
-9.0000000000004576E-01
-9.0000000000004621E-01
-9.0000000000004665E-01
-9.0000000000004976E-01
-9.0000000000004987E-01
-9.0000000000005032E-01
-9.0000000000005065E-01
-9.0000000000005453E-01
-9.0000000000005720E-01
-9.0000000000005809E-01
-9.0000000000006053E-01
-9.0000000000006042E-01
-9.0000000000005920E-01
-9.0000000000006097E-01
-9.0000000000006253E-01
-9.0000000000006475E-01
-9.0000000000006319E-01
-9.0000000000006419E-01
-9.0000000000006775E-01
-9.0000000000006697E-01
-9.0000000000006763E-01
-9.0000000000006564E-01
-9.0000000000006519E-01
-9.0000000000005986E-01
-9.0000000000005842E-01
-9.0000000000005698E-01
-9.0000000000005353E-01
-9.0000000000004987E-01
-9.0000000000005187E-01
-9.0000000000005553E-01
-9.0000000000005786E-01
-9.0000000000006064E-01
-9.0000000000006364E-01
-9.0000000000006752E-01
-9.0000000000007152E-01
-9.0000000000008007E-01
-9.0000000000008340E-01
-9.3750000000003841E-01
-9.3750000000003852E-01
-9.3750000000003897E-01
-9.3750000000003886E-01
-9.3750000000003930E-01
-9.3750000000003908E-01
-9.3750000000003997E-01
-9.3750000000004041E-01
-9.3750000000004052E-01
-9.3750000000004130E-01
-9.3750000000004152E-01
-9.3750000000004285E-01
-9.3750000000004430E-01
-9.3750000000004474E-01
-9.3750000000004441E-01
-9.3750000000004463E-01
-9.3750000000004485E-01
-9.3750000000004541E-01
-9.3750000000004596E-01
-9.3750000000004563E-01
-9.3750000000004519E-01
-9.3750000000004607E-01
-9.3750000000004630E-01
-9.3750000000004563E-01
-9.3750000000004530E-01
-9.3750000000004530E-01
-9.3750000000004607E-01
-9.3750000000004741E-01
-9.3750000000004796E-01
-9.3750000000004730E-01
-9.3750000000004774E-01
-9.3750000000004929E-01
-9.3750000000005018E-01
-9.3750000000005240E-01
-9.3750000000005373E-01
-9.3750000000005529E-01
-9.3750000000005651E-01
-9.3750000000005851E-01
-9.3750000000006051E-01
-9.3750000000006162E-01
-9.3750000000006284E-01
-9.3750000000006439E-01
-9.3750000000006573E-01
-9.3750000000006650E-01
-9.3750000000006606E-01
-9.3750000000006750E-01
-9.3750000000006839E-01
-9.3750000000006928E-01
-9.3750000000006972E-01
-9.3750000000006894E-01
-9.3750000000006517E-01
-9.3750000000006217E-01
-9.3750000000005940E-01
-9.3750000000005784E-01
-9.3750000000005596E-01
-9.3750000000005440E-01
-9.3750000000005640E-01
-9.3750000000005718E-01
-9.3750000000005895E-01
-9.3750000000006228E-01
-9.3750000000006650E-01
-9.3750000000007072E-01
-9.3750000000007516E-01
-9.3750000000008171E-01
-9.3750000000008937E-01
-9.7500000000003872E-01
-9.7500000000003884E-01
-9.7500000000003928E-01
-9.7500000000003961E-01
-9.7500000000003972E-01
-9.7500000000004061E-01
-9.7500000000004150E-01
-9.7500000000004217E-01
-9.7500000000004206E-01
-9.7500000000004228E-01
-9.7500000000004317E-01
-9.7500000000004461E-01
-9.7500000000004539E-01
-9.7500000000004639E-01
-9.7500000000004661E-01
-9.7500000000004672E-01
-9.7500000000004816E-01
-9.7500000000004927E-01
-9.7500000000004949E-01
-9.7500000000004916E-01
-9.7500000000004916E-01
-9.7500000000004949E-01
-9.7500000000004994E-01
-9.7500000000004905E-01
-9.7500000000004827E-01
-9.7500000000004872E-01
-9.7500000000004916E-01
-9.7500000000004949E-01
-9.7500000000004972E-01
-9.7500000000004938E-01
-9.7500000000004894E-01
-9.7500000000005049E-01
-9.7500000000005271E-01
-9.7500000000005460E-01
-9.7500000000005527E-01
-9.7500000000005715E-01
-9.7500000000005738E-01
-9.7500000000005960E-01
-9.7500000000006115E-01
-9.7500000000006315E-01
-9.7500000000006604E-01
-9.7500000000006670E-01
-9.7500000000006815E-01
-9.7500000000006903E-01
-9.7500000000006948E-01
-9.7500000000007037E-01
-9.7500000000007014E-01
-9.7500000000007081E-01
-9.7500000000007070E-01
-9.7500000000006926E-01
-9.7500000000006681E-01
-9.7500000000006526E-01
-9.7500000000006282E-01
-9.7500000000005993E-01
-9.7500000000005804E-01
-9.7500000000005882E-01
-9.7500000000005982E-01
-9.7500000000005960E-01
-9.7500000000006071E-01
-9.7500000000006459E-01
-9.7500000000007003E-01
-9.7500000000007481E-01
-9.7500000000007903E-01
-9.7500000000008413E-01
-9.7500000000009168E-01
-1.0125000000000393E+00
-1.0125000000000390E+00
-1.0125000000000397E+00
-1.0125000000000395E+00
-1.0125000000000399E+00
-1.0125000000000406E+00
-1.0125000000000426E+00
-1.0125000000000433E+00
-1.0125000000000433E+00
-1.0125000000000435E+00
-1.0125000000000457E+00
-1.0125000000000459E+00
-1.0125000000000470E+00
-1.0125000000000473E+00
-1.0125000000000484E+00
-1.0125000000000492E+00
-1.0125000000000510E+00
-1.0125000000000524E+00
-1.0125000000000521E+00
-1.0125000000000524E+00
-1.0125000000000528E+00
-1.0125000000000526E+00
-1.0125000000000521E+00
-1.0125000000000517E+00
-1.0125000000000515E+00
-1.0125000000000517E+00
-1.0125000000000519E+00
-1.0125000000000515E+00
-1.0125000000000510E+00
-1.0125000000000515E+00
-1.0125000000000512E+00
-1.0125000000000521E+00
-1.0125000000000539E+00
-1.0125000000000555E+00
-1.0125000000000577E+00
-1.0125000000000590E+00
-1.0125000000000601E+00
-1.0125000000000615E+00
-1.0125000000000635E+00
-1.0125000000000646E+00
-1.0125000000000668E+00
-1.0125000000000677E+00
-1.0125000000000690E+00
-1.0125000000000708E+00
-1.0125000000000717E+00
-1.0125000000000719E+00
-1.0125000000000723E+00
-1.0125000000000728E+00
-1.0125000000000717E+00
-1.0125000000000697E+00
-1.0125000000000677E+00
-1.0125000000000668E+00
-1.0125000000000661E+00
-1.0125000000000632E+00
-1.0125000000000610E+00
-1.0125000000000610E+00
-1.0125000000000619E+00
-1.0125000000000617E+00
-1.0125000000000637E+00
-1.0125000000000688E+00
-1.0125000000000739E+00
-1.0125000000000792E+00
-1.0125000000000826E+00
-1.0125000000000890E+00
-1.0125000000000937E+00
-1.0500000000000402E+00
-1.0500000000000396E+00
-1.0500000000000400E+00
-1.0500000000000400E+00
-1.0500000000000398E+00
-1.0500000000000402E+00
-1.0500000000000431E+00
-1.0500000000000447E+00
-1.0500000000000447E+00
-1.0500000000000456E+00
-1.0500000000000465E+00
-1.0500000000000476E+00
-1.0500000000000478E+00
-1.0500000000000487E+00
-1.0500000000000504E+00
-1.0500000000000522E+00
-1.0500000000000533E+00
-1.0500000000000549E+00
-1.0500000000000549E+00
-1.0500000000000553E+00
-1.0500000000000553E+00
-1.0500000000000556E+00
-1.0500000000000538E+00
-1.0500000000000544E+00
-1.0500000000000536E+00
-1.0500000000000544E+00
-1.0500000000000542E+00
-1.0500000000000540E+00
-1.0500000000000540E+00
-1.0500000000000544E+00
-1.0500000000000538E+00
-1.0500000000000538E+00
-1.0500000000000553E+00
-1.0500000000000576E+00
-1.0500000000000596E+00
-1.0500000000000618E+00
-1.0500000000000624E+00
-1.0500000000000642E+00
-1.0500000000000651E+00
-1.0500000000000658E+00
-1.0500000000000667E+00
-1.0500000000000691E+00
-1.0500000000000713E+00
-1.0500000000000718E+00
-1.0500000000000724E+00
-1.0500000000000731E+00
-1.0500000000000729E+00
-1.0500000000000740E+00
-1.0500000000000731E+00
-1.0500000000000707E+00
-1.0500000000000689E+00
-1.0500000000000680E+00
-1.0500000000000675E+00
-1.0500000000000667E+00
-1.0500000000000647E+00
-1.0500000000000640E+00
-1.0500000000000629E+00
-1.0500000000000638E+00
-1.0500000000000671E+00
-1.0500000000000733E+00
-1.0500000000000778E+00
-1.0500000000000835E+00
-1.0500000000000878E+00
-1.0500000000000935E+00
-1.0500000000000984E+00
-1.0875000000000410E+00
-1.0875000000000405E+00
-1.0875000000000408E+00
-1.0875000000000412E+00
-1.0875000000000403E+00
-1.0875000000000412E+00
-1.0875000000000441E+00
-1.0875000000000448E+00
-1.0875000000000465E+00
-1.0875000000000463E+00
-1.0875000000000477E+00
-1.0875000000000485E+00
-1.0875000000000494E+00
-1.0875000000000505E+00
-1.0875000000000530E+00
-1.0875000000000541E+00
-1.0875000000000554E+00
-1.0875000000000568E+00
-1.0875000000000572E+00
-1.0875000000000583E+00
-1.0875000000000579E+00
-1.0875000000000583E+00
-1.0875000000000570E+00
-1.0875000000000563E+00
-1.0875000000000552E+00
-1.0875000000000561E+00
-1.0875000000000570E+00
-1.0875000000000572E+00
-1.0875000000000556E+00
-1.0875000000000568E+00
-1.0875000000000568E+00
-1.0875000000000563E+00
-1.0875000000000579E+00
-1.0875000000000601E+00
-1.0875000000000616E+00
-1.0875000000000632E+00
-1.0875000000000652E+00
-1.0875000000000661E+00
-1.0875000000000676E+00
-1.0875000000000681E+00
-1.0875000000000687E+00
-1.0875000000000701E+00
-1.0875000000000719E+00
-1.0875000000000710E+00
-1.0875000000000730E+00
-1.0875000000000730E+00
-1.0875000000000739E+00
-1.0875000000000743E+00
-1.0875000000000739E+00
-1.0875000000000719E+00
-1.0875000000000707E+00
-1.0875000000000694E+00
-1.0875000000000687E+00
-1.0875000000000685E+00
-1.0875000000000690E+00
-1.0875000000000670E+00
-1.0875000000000672E+00
-1.0875000000000687E+00
-1.0875000000000721E+00
-1.0875000000000765E+00
-1.0875000000000816E+00
-1.0875000000000874E+00
-1.0875000000000921E+00
-1.0875000000000981E+00
-1.0875000000001036E+00
-1.1250000000000417E+00
-1.1250000000000409E+00
-1.1250000000000413E+00
-1.1250000000000420E+00
-1.1250000000000413E+00
-1.1250000000000420E+00
-1.1250000000000437E+00
-1.1250000000000449E+00
-1.1250000000000455E+00
-1.1250000000000473E+00
-1.1250000000000486E+00
-1.1250000000000495E+00
-1.1250000000000504E+00
-1.1250000000000524E+00
-1.1250000000000546E+00
-1.1250000000000553E+00
-1.1250000000000575E+00
-1.1250000000000584E+00
-1.1250000000000586E+00
-1.1250000000000595E+00
-1.1250000000000604E+00
-1.1250000000000606E+00
-1.1250000000000591E+00
-1.1250000000000586E+00
-1.1250000000000580E+00
-1.1250000000000575E+00
-1.1250000000000595E+00
-1.1250000000000604E+00
-1.1250000000000595E+00
-1.1250000000000593E+00
-1.1250000000000600E+00
-1.1250000000000604E+00
-1.1250000000000615E+00
-1.1250000000000633E+00
-1.1250000000000633E+00
-1.1250000000000646E+00
-1.1250000000000666E+00
-1.1250000000000682E+00
-1.1250000000000682E+00
-1.1250000000000708E+00
-1.1250000000000706E+00
-1.1250000000000722E+00
-1.1250000000000704E+00
-1.1250000000000697E+00
-1.1250000000000713E+00
-1.1250000000000728E+00
-1.1250000000000744E+00
-1.1250000000000742E+00
-1.1250000000000744E+00
-1.1250000000000735E+00
-1.1250000000000733E+00
-1.1250000000000704E+00
-1.1250000000000697E+00
-1.1250000000000708E+00
-1.1250000000000717E+00
-1.1250000000000702E+00
-1.1250000000000708E+00
-1.1250000000000742E+00
-1.1250000000000779E+00
-1.1250000000000790E+00
-1.1250000000000842E+00
-1.1250000000000902E+00
-1.1250000000000961E+00
-1.1250000000001026E+00
-1.1250000000001061E+00
-1.1625000000000421E+00
-1.1625000000000421E+00
-1.1625000000000425E+00
-1.1625000000000429E+00
-1.1625000000000418E+00
-1.1625000000000425E+00
-1.1625000000000447E+00
-1.1625000000000441E+00
-1.1625000000000465E+00
-1.1625000000000478E+00
-1.1625000000000489E+00
-1.1625000000000503E+00
-1.1625000000000523E+00
-1.1625000000000538E+00
-1.1625000000000560E+00
-1.1625000000000572E+00
-1.1625000000000589E+00
-1.1625000000000600E+00
-1.1625000000000609E+00
-1.1625000000000612E+00
-1.1625000000000627E+00
-1.1625000000000627E+00
-1.1625000000000620E+00
-1.1625000000000612E+00
-1.1625000000000609E+00
-1.1625000000000605E+00
-1.1625000000000614E+00
-1.1625000000000631E+00
-1.1625000000000636E+00
-1.1625000000000636E+00
-1.1625000000000640E+00
-1.1625000000000640E+00
-1.1625000000000660E+00
-1.1625000000000654E+00
-1.1625000000000654E+00
-1.1625000000000663E+00
-1.1625000000000683E+00
-1.1625000000000696E+00
-1.1625000000000700E+00
-1.1625000000000720E+00
-1.1625000000000734E+00
-1.1625000000000734E+00
-1.1625000000000711E+00
-1.1625000000000694E+00
-1.1625000000000700E+00
-1.1625000000000718E+00
-1.1625000000000745E+00
-1.1625000000000747E+00
-1.1625000000000754E+00
-1.1625000000000740E+00
-1.1625000000000743E+00
-1.1625000000000727E+00
-1.1625000000000731E+00
-1.1625000000000738E+00
-1.1625000000000745E+00
-1.1625000000000734E+00
-1.1625000000000751E+00
-1.1625000000000767E+00
-1.1625000000000805E+00
-1.1625000000000822E+00
-1.1625000000000867E+00
-1.1625000000000931E+00
-1.1625000000000996E+00
-1.1625000000001058E+00
-1.1625000000001133E+00
-1.2000000000000430E+00
-1.2000000000000430E+00
-1.2000000000000435E+00
-1.2000000000000437E+00
-1.2000000000000421E+00
-1.2000000000000433E+00
-1.2000000000000441E+00
-1.2000000000000448E+00
-1.2000000000000464E+00
-1.2000000000000481E+00
-1.2000000000000490E+00
-1.2000000000000512E+00
-1.2000000000000528E+00
-1.2000000000000546E+00
-1.2000000000000566E+00
-1.2000000000000584E+00
-1.2000000000000595E+00
-1.2000000000000617E+00
-1.2000000000000617E+00
-1.2000000000000632E+00
-1.2000000000000637E+00
-1.2000000000000643E+00
-1.2000000000000628E+00
-1.2000000000000632E+00
-1.2000000000000637E+00
-1.2000000000000637E+00
-1.2000000000000637E+00
-1.2000000000000659E+00
-1.2000000000000668E+00
-1.2000000000000683E+00
-1.2000000000000681E+00
-1.2000000000000679E+00
-1.2000000000000688E+00
-1.2000000000000677E+00
-1.2000000000000675E+00
-1.2000000000000679E+00
-1.2000000000000692E+00
-1.2000000000000712E+00
-1.2000000000000723E+00
-1.2000000000000728E+00
-1.2000000000000743E+00
-1.2000000000000766E+00
-1.2000000000000737E+00
-1.2000000000000715E+00
-1.2000000000000692E+00
-1.2000000000000719E+00
-1.2000000000000743E+00
-1.2000000000000750E+00
-1.2000000000000757E+00
-1.2000000000000763E+00
-1.2000000000000761E+00
-1.2000000000000752E+00
-1.2000000000000763E+00
-1.2000000000000772E+00
-1.2000000000000772E+00
-1.2000000000000774E+00
-1.2000000000000786E+00
-1.2000000000000792E+00
-1.2000000000000799E+00
-1.2000000000000830E+00
-1.2000000000000879E+00
-1.2000000000000948E+00
-1.2000000000001003E+00
-1.2000000000001085E+00
-1.2000000000001181E+00
-1.2375000000000449E+00
-1.2375000000000445E+00
-1.2375000000000445E+00
-1.2375000000000438E+00
-1.2375000000000442E+00
-1.2375000000000442E+00
-1.2375000000000456E+00
-1.2375000000000453E+00
-1.2375000000000473E+00
-1.2375000000000491E+00
-1.2375000000000504E+00
-1.2375000000000520E+00
-1.2375000000000538E+00
-1.2375000000000549E+00
-1.2375000000000573E+00
-1.2375000000000589E+00
-1.2375000000000613E+00
-1.2375000000000631E+00
-1.2375000000000640E+00
-1.2375000000000644E+00
-1.2375000000000653E+00
-1.2375000000000649E+00
-1.2375000000000644E+00
-1.2375000000000649E+00
-1.2375000000000658E+00
-1.2375000000000655E+00
-1.2375000000000667E+00
-1.2375000000000678E+00
-1.2375000000000707E+00
-1.2375000000000713E+00
-1.2375000000000724E+00
-1.2375000000000724E+00
-1.2375000000000724E+00
-1.2375000000000700E+00
-1.2375000000000695E+00
-1.2375000000000691E+00
-1.2375000000000707E+00
-1.2375000000000735E+00
-1.2375000000000749E+00
-1.2375000000000753E+00
-1.2375000000000753E+00
-1.2375000000000764E+00
-1.2375000000000764E+00
-1.2375000000000740E+00
-1.2375000000000722E+00
-1.2375000000000729E+00
-1.2375000000000738E+00
-1.2375000000000749E+00
-1.2375000000000753E+00
-1.2375000000000784E+00
-1.2375000000000795E+00
-1.2375000000000793E+00
-1.2375000000000795E+00
-1.2375000000000804E+00
-1.2375000000000813E+00
-1.2375000000000811E+00
-1.2375000000000802E+00
-1.2375000000000804E+00
-1.2375000000000806E+00
-1.2375000000000835E+00
-1.2375000000000878E+00
-1.2375000000000949E+00
-1.2375000000001044E+00
-1.2375000000001108E+00
-1.2375000000001206E+00
-1.2750000000000465E+00
-1.2750000000000454E+00
-1.2750000000000454E+00
-1.2750000000000457E+00
-1.2750000000000459E+00
-1.2750000000000452E+00
-1.2750000000000470E+00
-1.2750000000000468E+00
-1.2750000000000477E+00
-1.2750000000000503E+00
-1.2750000000000512E+00
-1.2750000000000539E+00
-1.2750000000000545E+00
-1.2750000000000559E+00
-1.2750000000000576E+00
-1.2750000000000596E+00
-1.2750000000000616E+00
-1.2750000000000641E+00
-1.2750000000000652E+00
-1.2750000000000667E+00
-1.2750000000000665E+00
-1.2750000000000667E+00
-1.2750000000000663E+00
-1.2750000000000670E+00
-1.2750000000000667E+00
-1.2750000000000687E+00
-1.2750000000000687E+00
-1.2750000000000705E+00
-1.2750000000000736E+00
-1.2750000000000765E+00
-1.2750000000000756E+00
-1.2750000000000756E+00
-1.2750000000000756E+00
-1.2750000000000739E+00
-1.2750000000000716E+00
-1.2750000000000719E+00
-1.2750000000000730E+00
-1.2750000000000754E+00
-1.2750000000000774E+00
-1.2750000000000783E+00
-1.2750000000000761E+00
-1.2750000000000776E+00
-1.2750000000000785E+00
-1.2750000000000776E+00
-1.2750000000000759E+00
-1.2750000000000752E+00
-1.2750000000000743E+00
-1.2750000000000750E+00
-1.2750000000000770E+00
-1.2750000000000812E+00
-1.2750000000000818E+00
-1.2750000000000821E+00
-1.2750000000000814E+00
-1.2750000000000850E+00
-1.2750000000000841E+00
-1.2750000000000832E+00
-1.2750000000000812E+00
-1.2750000000000816E+00
-1.2750000000000823E+00
-1.2750000000000854E+00
-1.2750000000000881E+00
-1.2750000000000974E+00
-1.2750000000001052E+00
-1.2750000000001123E+00
-1.2750000000001207E+00
-1.3125000000000480E+00
-1.3125000000000469E+00
-1.3125000000000462E+00
-1.3125000000000464E+00
-1.3125000000000473E+00
-1.3125000000000469E+00
-1.3125000000000491E+00
-1.3125000000000491E+00
-1.3125000000000495E+00
-1.3125000000000511E+00
-1.3125000000000528E+00
-1.3125000000000546E+00
-1.3125000000000560E+00
-1.3125000000000568E+00
-1.3125000000000588E+00
-1.3125000000000611E+00
-1.3125000000000633E+00
-1.3125000000000644E+00
-1.3125000000000668E+00
-1.3125000000000684E+00
-1.3125000000000688E+00
-1.3125000000000691E+00
-1.3125000000000691E+00
-1.3125000000000686E+00
-1.3125000000000702E+00
-1.3125000000000711E+00
-1.3125000000000722E+00
-1.3125000000000748E+00
-1.3125000000000775E+00
-1.3125000000000797E+00
-1.3125000000000795E+00
-1.3125000000000782E+00
-1.3125000000000784E+00
-1.3125000000000775E+00
-1.3125000000000768E+00
-1.3125000000000753E+00
-1.3125000000000762E+00
-1.3125000000000777E+00
-1.3125000000000793E+00
-1.3125000000000788E+00
-1.3125000000000784E+00
-1.3125000000000790E+00
-1.3125000000000797E+00
-1.3125000000000797E+00
-1.3125000000000795E+00
-1.3125000000000779E+00
-1.3125000000000775E+00
-1.3125000000000770E+00
-1.3125000000000786E+00
-1.3125000000000817E+00
-1.3125000000000844E+00
-1.3125000000000837E+00
-1.3125000000000848E+00
-1.3125000000000868E+00
-1.3125000000000868E+00
-1.3125000000000855E+00
-1.3125000000000850E+00
-1.3125000000000866E+00
-1.3125000000000862E+00
-1.3125000000000870E+00
-1.3125000000000915E+00
-1.3125000000000988E+00
-1.3125000000001061E+00
-1.3125000000001132E+00
-1.3125000000001192E+00
-1.3500000000000489E+00
-1.3500000000000487E+00
-1.3500000000000474E+00
-1.3500000000000472E+00
-1.3500000000000472E+00
-1.3500000000000485E+00
-1.3500000000000505E+00
-1.3500000000000516E+00
-1.3500000000000507E+00
-1.3500000000000534E+00
-1.3500000000000545E+00
-1.3500000000000563E+00
-1.3500000000000578E+00
-1.3500000000000578E+00
-1.3500000000000609E+00
-1.3500000000000631E+00
-1.3500000000000654E+00
-1.3500000000000674E+00
-1.3500000000000680E+00
-1.3500000000000709E+00
-1.3500000000000707E+00
-1.3500000000000707E+00
-1.3500000000000709E+00
-1.3500000000000709E+00
-1.3500000000000718E+00
-1.3500000000000736E+00
-1.3500000000000763E+00
-1.3500000000000791E+00
-1.3500000000000818E+00
-1.3500000000000827E+00
-1.3500000000000814E+00
-1.3500000000000820E+00
-1.3500000000000816E+00
-1.3500000000000816E+00
-1.3500000000000809E+00
-1.3500000000000791E+00
-1.3500000000000785E+00
-1.3500000000000802E+00
-1.3500000000000807E+00
-1.3500000000000800E+00
-1.3500000000000811E+00
-1.3500000000000805E+00
-1.3500000000000814E+00
-1.3500000000000816E+00
-1.3500000000000820E+00
-1.3500000000000829E+00
-1.3500000000000807E+00
-1.3500000000000802E+00
-1.3500000000000809E+00
-1.3500000000000842E+00
-1.3500000000000865E+00
-1.3500000000000858E+00
-1.3500000000000865E+00
-1.3500000000000878E+00
-1.3500000000000885E+00
-1.3500000000000874E+00
-1.3500000000000882E+00
-1.3500000000000911E+00
-1.3500000000000896E+00
-1.3500000000000913E+00
-1.3500000000000951E+00
-1.3500000000001007E+00
-1.3500000000001058E+00
-1.3500000000001124E+00
-1.3500000000001184E+00
-1.3875000000000508E+00
-1.3875000000000504E+00
-1.3875000000000497E+00
-1.3875000000000490E+00
-1.3875000000000486E+00
-1.3875000000000504E+00
-1.3875000000000519E+00
-1.3875000000000532E+00
-1.3875000000000524E+00
-1.3875000000000548E+00
-1.3875000000000559E+00
-1.3875000000000577E+00
-1.3875000000000592E+00
-1.3875000000000606E+00
-1.3875000000000617E+00
-1.3875000000000650E+00
-1.3875000000000679E+00
-1.3875000000000692E+00
-1.3875000000000703E+00
-1.3875000000000719E+00
-1.3875000000000721E+00
-1.3875000000000732E+00
-1.3875000000000715E+00
-1.3875000000000739E+00
-1.3875000000000741E+00
-1.3875000000000763E+00
-1.3875000000000790E+00
-1.3875000000000819E+00
-1.3875000000000834E+00
-1.3875000000000854E+00
-1.3875000000000852E+00
-1.3875000000000863E+00
-1.3875000000000848E+00
-1.3875000000000846E+00
-1.3875000000000846E+00
-1.3875000000000834E+00
-1.3875000000000828E+00
-1.3875000000000826E+00
-1.3875000000000821E+00
-1.3875000000000828E+00
-1.3875000000000814E+00
-1.3875000000000810E+00
-1.3875000000000823E+00
-1.3875000000000837E+00
-1.3875000000000848E+00
-1.3875000000000852E+00
-1.3875000000000843E+00
-1.3875000000000850E+00
-1.3875000000000872E+00
-1.3875000000000874E+00
-1.3875000000000870E+00
-1.3875000000000866E+00
-1.3875000000000892E+00
-1.3875000000000903E+00
-1.3875000000000901E+00
-1.3875000000000912E+00
-1.3875000000000919E+00
-1.3875000000000937E+00
-1.3875000000000930E+00
-1.3875000000000963E+00
-1.3875000000000992E+00
-1.3875000000001014E+00
-1.3875000000001050E+00
-1.3875000000001088E+00
-1.3875000000001152E+00
-1.4250000000000531E+00
-1.4250000000000529E+00
-1.4250000000000524E+00
-1.4250000000000513E+00
-1.4250000000000509E+00
-1.4250000000000522E+00
-1.4250000000000529E+00
-1.4250000000000547E+00
-1.4250000000000547E+00
-1.4250000000000560E+00
-1.4250000000000569E+00
-1.4250000000000600E+00
-1.4250000000000607E+00
-1.4250000000000629E+00
-1.4250000000000638E+00
-1.4250000000000671E+00
-1.4250000000000687E+00
-1.4250000000000707E+00
-1.4250000000000718E+00
-1.4250000000000740E+00
-1.4250000000000744E+00
-1.4250000000000753E+00
-1.4250000000000735E+00
-1.4250000000000769E+00
-1.4250000000000766E+00
-1.4250000000000793E+00
-1.4250000000000824E+00
-1.4250000000000858E+00
-1.4250000000000875E+00
-1.4250000000000889E+00
-1.4250000000000886E+00
-1.4250000000000900E+00
-1.4250000000000875E+00
-1.4250000000000878E+00
-1.4250000000000875E+00
-1.4250000000000880E+00
-1.4250000000000862E+00
-1.4250000000000862E+00
-1.4250000000000844E+00
-1.4250000000000858E+00
-1.4250000000000838E+00
-1.4250000000000835E+00
-1.4250000000000831E+00
-1.4250000000000846E+00
-1.4250000000000871E+00
-1.4250000000000864E+00
-1.4250000000000886E+00
-1.4250000000000906E+00
-1.4250000000000913E+00
-1.4250000000000904E+00
-1.4250000000000878E+00
-1.4250000000000893E+00
-1.4250000000000920E+00
-1.4250000000000929E+00
-1.4250000000000920E+00
-1.4250000000000951E+00
-1.4250000000000946E+00
-1.4250000000000980E+00
-1.4250000000000986E+00
-1.4250000000001009E+00
-1.4250000000001006E+00
-1.4250000000001033E+00
-1.4250000000001042E+00
-1.4250000000001062E+00
-1.4250000000001064E+00
-1.4625000000000554E+00
-1.4625000000000554E+00
-1.4625000000000548E+00
-1.4625000000000545E+00
-1.4625000000000541E+00
-1.4625000000000539E+00
-1.4625000000000548E+00
-1.4625000000000556E+00
-1.4625000000000579E+00
-1.4625000000000576E+00
-1.4625000000000590E+00
-1.4625000000000610E+00
-1.4625000000000627E+00
-1.4625000000000645E+00
-1.4625000000000659E+00
-1.4625000000000679E+00
-1.4625000000000703E+00
-1.4625000000000716E+00
-1.4625000000000732E+00
-1.4625000000000752E+00
-1.4625000000000761E+00
-1.4625000000000763E+00
-1.4625000000000765E+00
-1.4625000000000796E+00
-1.4625000000000805E+00
-1.4625000000000834E+00
-1.4625000000000858E+00
-1.4625000000000878E+00
-1.4625000000000901E+00
-1.4625000000000923E+00
-1.4625000000000916E+00
-1.4625000000000909E+00
-1.4625000000000905E+00
-1.4625000000000918E+00
-1.4625000000000916E+00
-1.4625000000000923E+00
-1.4625000000000909E+00
-1.4625000000000894E+00
-1.4625000000000878E+00
-1.4625000000000876E+00
-1.4625000000000863E+00
-1.4625000000000850E+00
-1.4625000000000845E+00
-1.4625000000000863E+00
-1.4625000000000881E+00
-1.4625000000000898E+00
-1.4625000000000914E+00
-1.4625000000000938E+00
-1.4625000000000952E+00
-1.4625000000000936E+00
-1.4625000000000934E+00
-1.4625000000000934E+00
-1.4625000000000947E+00
-1.4625000000000954E+00
-1.4625000000000958E+00
-1.4625000000000969E+00
-1.4625000000000998E+00
-1.4625000000001009E+00
-1.4625000000001032E+00
-1.4625000000001043E+00
-1.4625000000001038E+00
-1.4625000000001047E+00
-1.4625000000001063E+00
-1.4625000000001038E+00
-1.4625000000001007E+00
-1.5000000000000582E+00
-1.5000000000000580E+00
-1.5000000000000577E+00
-1.5000000000000571E+00
-1.5000000000000566E+00
-1.5000000000000564E+00
-1.5000000000000555E+00
-1.5000000000000566E+00
-1.5000000000000588E+00
-1.5000000000000602E+00
-1.5000000000000602E+00
-1.5000000000000624E+00
-1.5000000000000631E+00
-1.5000000000000673E+00
-1.5000000000000679E+00
-1.5000000000000688E+00
-1.5000000000000719E+00
-1.5000000000000726E+00
-1.5000000000000748E+00
-1.5000000000000766E+00
-1.5000000000000773E+00
-1.5000000000000777E+00
-1.5000000000000790E+00
-1.5000000000000819E+00
-1.5000000000000837E+00
-1.5000000000000862E+00
-1.5000000000000886E+00
-1.5000000000000895E+00
-1.5000000000000926E+00
-1.5000000000000950E+00
-1.5000000000000946E+00
-1.5000000000000941E+00
-1.5000000000000946E+00
-1.5000000000000944E+00
-1.5000000000000950E+00
-1.5000000000000968E+00
-1.5000000000000948E+00
-1.5000000000000928E+00
-1.5000000000000921E+00
-1.5000000000000904E+00
-1.5000000000000893E+00
-1.5000000000000873E+00
-1.5000000000000868E+00
-1.5000000000000884E+00
-1.5000000000000902E+00
-1.5000000000000913E+00
-1.5000000000000937E+00
-1.5000000000000968E+00
-1.5000000000000986E+00
-1.5000000000000968E+00
-1.5000000000000986E+00
-1.5000000000000988E+00
-1.5000000000000979E+00
-1.5000000000000990E+00
-1.5000000000000977E+00
-1.5000000000000988E+00
-1.5000000000001028E+00
-1.5000000000001046E+00
-1.5000000000001057E+00
-1.5000000000001075E+00
-1.5000000000001075E+00
-1.5000000000001061E+00
-1.5000000000001048E+00
-1.5000000000001021E+00
-1.5000000000000928E+00
-1.5375000000000607E+00
-1.5375000000000600E+00
-1.5375000000000598E+00
-1.5375000000000587E+00
-1.5375000000000585E+00
-1.5375000000000585E+00
-1.5375000000000585E+00
-1.5375000000000587E+00
-1.5375000000000607E+00
-1.5375000000000616E+00
-1.5375000000000625E+00
-1.5375000000000645E+00
-1.5375000000000649E+00
-1.5375000000000680E+00
-1.5375000000000694E+00
-1.5375000000000703E+00
-1.5375000000000720E+00
-1.5375000000000736E+00
-1.5375000000000760E+00
-1.5375000000000776E+00
-1.5375000000000780E+00
-1.5375000000000787E+00
-1.5375000000000814E+00
-1.5375000000000834E+00
-1.5375000000000860E+00
-1.5375000000000882E+00
-1.5375000000000891E+00
-1.5375000000000913E+00
-1.5375000000000940E+00
-1.5375000000000969E+00
-1.5375000000000980E+00
-1.5375000000000989E+00
-1.5375000000001002E+00
-1.5375000000000989E+00
-1.5375000000000993E+00
-1.5375000000000998E+00
-1.5375000000000987E+00
-1.5375000000000965E+00
-1.5375000000000951E+00
-1.5375000000000929E+00
-1.5375000000000920E+00
-1.5375000000000905E+00
-1.5375000000000898E+00
-1.5375000000000894E+00
-1.5375000000000896E+00
-1.5375000000000916E+00
-1.5375000000000958E+00
-1.5375000000001002E+00
-1.5375000000001016E+00
-1.5375000000001011E+00
-1.5375000000001027E+00
-1.5375000000001029E+00
-1.5375000000001025E+00
-1.5375000000001020E+00
-1.5375000000001011E+00
-1.5375000000001020E+00
-1.5375000000001038E+00
-1.5375000000001056E+00
-1.5375000000001060E+00
-1.5375000000001073E+00
-1.5375000000001093E+00
-1.5375000000001069E+00
-1.5375000000001044E+00
-1.5375000000001009E+00
-1.5375000000000940E+00
-1.5750000000000619E+00
-1.5750000000000624E+00
-1.5750000000000612E+00
-1.5750000000000615E+00
-1.5750000000000608E+00
-1.5750000000000610E+00
-1.5750000000000606E+00
-1.5750000000000617E+00
-1.5750000000000626E+00
-1.5750000000000637E+00
-1.5750000000000639E+00
-1.5750000000000663E+00
-1.5750000000000672E+00
-1.5750000000000690E+00
-1.5750000000000703E+00
-1.5750000000000715E+00
-1.5750000000000732E+00
-1.5750000000000755E+00
-1.5750000000000774E+00
-1.5750000000000786E+00
-1.5750000000000783E+00
-1.5750000000000797E+00
-1.5750000000000828E+00
-1.5750000000000852E+00
-1.5750000000000877E+00
-1.5750000000000890E+00
-1.5750000000000897E+00
-1.5750000000000921E+00
-1.5750000000000957E+00
-1.5750000000000981E+00
-1.5750000000001001E+00
-1.5750000000001032E+00
-1.5750000000001032E+00
-1.5750000000001037E+00
-1.5750000000001034E+00
-1.5750000000001028E+00
-1.5750000000001010E+00
-1.5750000000000992E+00
-1.5750000000000970E+00
-1.5750000000000952E+00
-1.5750000000000945E+00
-1.5750000000000939E+00
-1.5750000000000919E+00
-1.5750000000000908E+00
-1.5750000000000894E+00
-1.5750000000000923E+00
-1.5750000000000990E+00
-1.5750000000001025E+00
-1.5750000000001032E+00
-1.5750000000001050E+00
-1.5750000000001072E+00
-1.5750000000001050E+00
-1.5750000000001056E+00
-1.5750000000001052E+00
-1.5750000000001050E+00
-1.5750000000001045E+00
-1.5750000000001052E+00
-1.5750000000001061E+00
-1.5750000000001074E+00
-1.5750000000001056E+00
-1.5750000000001072E+00
-1.5750000000001068E+00
-1.5750000000001054E+00
-1.5750000000001030E+00
-1.5750000000000965E+00
-1.6125000000000642E+00
-1.6125000000000635E+00
-1.6125000000000649E+00
-1.6125000000000631E+00
-1.6125000000000631E+00
-1.6125000000000629E+00
-1.6125000000000629E+00
-1.6125000000000631E+00
-1.6125000000000649E+00
-1.6125000000000658E+00
-1.6125000000000651E+00
-1.6125000000000671E+00
-1.6125000000000689E+00
-1.6125000000000695E+00
-1.6125000000000709E+00
-1.6125000000000724E+00
-1.6125000000000755E+00
-1.6125000000000762E+00
-1.6125000000000784E+00
-1.6125000000000789E+00
-1.6125000000000795E+00
-1.6125000000000809E+00
-1.6125000000000838E+00
-1.6125000000000869E+00
-1.6125000000000889E+00
-1.6125000000000895E+00
-1.6125000000000906E+00
-1.6125000000000931E+00
-1.6125000000000960E+00
-1.6125000000000991E+00
-1.6125000000001031E+00
-1.6125000000001057E+00
-1.6125000000001084E+00
-1.6125000000001064E+00
-1.6125000000001066E+00
-1.6125000000001053E+00
-1.6125000000001031E+00
-1.6125000000001013E+00
-1.6125000000000989E+00
-1.6125000000000966E+00
-1.6125000000000957E+00
-1.6125000000000955E+00
-1.6125000000000951E+00
-1.6125000000000935E+00
-1.6125000000000924E+00
-1.6125000000000966E+00
-1.6125000000001013E+00
-1.6125000000001037E+00
-1.6125000000001051E+00
-1.6125000000001075E+00
-1.6125000000001095E+00
-1.6125000000001086E+00
-1.6125000000001084E+00
-1.6125000000001082E+00
-1.6125000000001073E+00
-1.6125000000001073E+00
-1.6125000000001071E+00
-1.6125000000001073E+00
-1.6125000000001055E+00
-1.6125000000001042E+00
-1.6125000000001048E+00
-1.6125000000001064E+00
-1.6125000000001071E+00
-1.6125000000001068E+00
-1.6125000000001031E+00
-1.6500000000000663E+00
-1.6500000000000663E+00
-1.6500000000000663E+00
-1.6500000000000654E+00
-1.6500000000000641E+00
-1.6500000000000647E+00
-1.6500000000000645E+00
-1.6500000000000650E+00
-1.6500000000000659E+00
-1.6500000000000670E+00
-1.6500000000000667E+00
-1.6500000000000690E+00
-1.6500000000000696E+00
-1.6500000000000712E+00
-1.6500000000000719E+00
-1.6500000000000743E+00
-1.6500000000000770E+00
-1.6500000000000778E+00
-1.6500000000000785E+00
-1.6500000000000807E+00
-1.6500000000000805E+00
-1.6500000000000825E+00
-1.6500000000000847E+00
-1.6500000000000887E+00
-1.6500000000000894E+00
-1.6500000000000905E+00
-1.6500000000000916E+00
-1.6500000000000941E+00
-1.6500000000000974E+00
-1.6500000000001009E+00
-1.6500000000001045E+00
-1.6500000000001080E+00
-1.6500000000001114E+00
-1.6500000000001092E+00
-1.6500000000001085E+00
-1.6500000000001080E+00
-1.6500000000001067E+00
-1.6500000000001036E+00
-1.6500000000001007E+00
-1.6500000000000994E+00
-1.6500000000000983E+00
-1.6500000000000974E+00
-1.6500000000000961E+00
-1.6500000000000949E+00
-1.6500000000000963E+00
-1.6500000000000998E+00
-1.6500000000001021E+00
-1.6500000000001056E+00
-1.6500000000001074E+00
-1.6500000000001092E+00
-1.6500000000001125E+00
-1.6500000000001120E+00
-1.6500000000001120E+00
-1.6500000000001125E+00
-1.6500000000001100E+00
-1.6500000000001100E+00
-1.6500000000001074E+00
-1.6500000000001074E+00
-1.6500000000001049E+00
-1.6500000000001034E+00
-1.6500000000001023E+00
-1.6500000000001056E+00
-1.6500000000001076E+00
-1.6500000000001118E+00
-1.6500000000001158E+00
-1.6875000000000671E+00
-1.6875000000000682E+00
-1.6875000000000684E+00
-1.6875000000000675E+00
-1.6875000000000666E+00
-1.6875000000000653E+00
-1.6875000000000637E+00
-1.6875000000000646E+00
-1.6875000000000657E+00
-1.6875000000000677E+00
-1.6875000000000675E+00
-1.6875000000000695E+00
-1.6875000000000706E+00
-1.6875000000000724E+00
-1.6875000000000728E+00
-1.6875000000000757E+00
-1.6875000000000775E+00
-1.6875000000000793E+00
-1.6875000000000804E+00
-1.6875000000000817E+00
-1.6875000000000817E+00
-1.6875000000000837E+00
-1.6875000000000857E+00
-1.6875000000000895E+00
-1.6875000000000906E+00
-1.6875000000000915E+00
-1.6875000000000921E+00
-1.6875000000000948E+00
-1.6875000000000977E+00
-1.6875000000001019E+00
-1.6875000000001059E+00
-1.6875000000001092E+00
-1.6875000000001124E+00
-1.6875000000001121E+00
-1.6875000000001104E+00
-1.6875000000001088E+00
-1.6875000000001066E+00
-1.6875000000001057E+00
-1.6875000000001044E+00
-1.6875000000001028E+00
-1.6875000000000995E+00
-1.6875000000000986E+00
-1.6875000000000964E+00
-1.6875000000000957E+00
-1.6875000000000986E+00
-1.6875000000001017E+00
-1.6875000000001035E+00
-1.6875000000001061E+00
-1.6875000000001084E+00
-1.6875000000001117E+00
-1.6875000000001137E+00
-1.6875000000001152E+00
-1.6875000000001161E+00
-1.6875000000001157E+00
-1.6875000000001135E+00
-1.6875000000001106E+00
-1.6875000000001066E+00
-1.6875000000001052E+00
-1.6875000000001033E+00
-1.6875000000001028E+00
-1.6875000000001028E+00
-1.6875000000001055E+00
-1.6875000000001081E+00
-1.6875000000001157E+00
-1.6875000000001215E+00
-1.7250000000000691E+00
-1.7250000000000703E+00
-1.7250000000000707E+00
-1.7250000000000698E+00
-1.7250000000000678E+00
-1.7250000000000663E+00
-1.7250000000000647E+00
-1.7250000000000660E+00
-1.7250000000000667E+00
-1.7250000000000680E+00
-1.7250000000000689E+00
-1.7250000000000703E+00
-1.7250000000000716E+00
-1.7250000000000736E+00
-1.7250000000000740E+00
-1.7250000000000765E+00
-1.7250000000000789E+00
-1.7250000000000796E+00
-1.7250000000000809E+00
-1.7250000000000820E+00
-1.7250000000000825E+00
-1.7250000000000845E+00
-1.7250000000000876E+00
-1.7250000000000911E+00
-1.7250000000000925E+00
-1.7250000000000918E+00
-1.7250000000000947E+00
-1.7250000000000962E+00
-1.7250000000000980E+00
-1.7250000000001033E+00
-1.7250000000001067E+00
-1.7250000000001113E+00
-1.7250000000001138E+00
-1.7250000000001133E+00
-1.7250000000001109E+00
-1.7250000000001098E+00
-1.7250000000001084E+00
-1.7250000000001089E+00
-1.7250000000001067E+00
-1.7250000000001053E+00
-1.7250000000001011E+00
-1.7250000000001000E+00
-1.7250000000000976E+00
-1.7250000000000982E+00
-1.7250000000001000E+00
-1.7250000000001044E+00
-1.7250000000001056E+00
-1.7250000000001069E+00
-1.7250000000001084E+00
-1.7250000000001140E+00
-1.7250000000001162E+00
-1.7250000000001171E+00
-1.7250000000001167E+00
-1.7250000000001178E+00
-1.7250000000001156E+00
-1.7250000000001133E+00
-1.7250000000001062E+00
-1.7250000000001038E+00
-1.7250000000001025E+00
-1.7250000000001020E+00
-1.7250000000001031E+00
-1.7250000000001069E+00
-1.7250000000001104E+00
-1.7250000000001195E+00
-1.7250000000001275E+00
-1.7625000000000715E+00
-1.7625000000000721E+00
-1.7625000000000737E+00
-1.7625000000000721E+00
-1.7625000000000699E+00
-1.7625000000000672E+00
-1.7625000000000666E+00
-1.7625000000000668E+00
-1.7625000000000677E+00
-1.7625000000000690E+00
-1.7625000000000695E+00
-1.7625000000000715E+00
-1.7625000000000737E+00
-1.7625000000000746E+00
-1.7625000000000766E+00
-1.7625000000000777E+00
-1.7625000000000797E+00
-1.7625000000000803E+00
-1.7625000000000803E+00
-1.7625000000000828E+00
-1.7625000000000837E+00
-1.7625000000000852E+00
-1.7625000000000890E+00
-1.7625000000000919E+00
-1.7625000000000932E+00
-1.7625000000000939E+00
-1.7625000000000954E+00
-1.7625000000000965E+00
-1.7625000000000985E+00
-1.7625000000001034E+00
-1.7625000000001083E+00
-1.7625000000001134E+00
-1.7625000000001168E+00
-1.7625000000001141E+00
-1.7625000000001121E+00
-1.7625000000001110E+00
-1.7625000000001103E+00
-1.7625000000001108E+00
-1.7625000000001101E+00
-1.7625000000001074E+00
-1.7625000000001025E+00
-1.7625000000001010E+00
-1.7625000000001001E+00
-1.7625000000001008E+00
-1.7625000000001041E+00
-1.7625000000001063E+00
-1.7625000000001083E+00
-1.7625000000001076E+00
-1.7625000000001090E+00
-1.7625000000001139E+00
-1.7625000000001185E+00
-1.7625000000001179E+00
-1.7625000000001172E+00
-1.7625000000001185E+00
-1.7625000000001176E+00
-1.7625000000001128E+00
-1.7625000000001072E+00
-1.7625000000001054E+00
-1.7625000000001041E+00
-1.7625000000001019E+00
-1.7625000000001041E+00
-1.7625000000001090E+00
-1.7625000000001154E+00
-1.7625000000001221E+00
-1.7625000000001321E+00
-1.8000000000000722E+00
-1.8000000000000729E+00
-1.8000000000000747E+00
-1.8000000000000740E+00
-1.8000000000000709E+00
-1.8000000000000682E+00
-1.8000000000000678E+00
-1.8000000000000682E+00
-1.8000000000000684E+00
-1.8000000000000698E+00
-1.8000000000000702E+00
-1.8000000000000722E+00
-1.8000000000000742E+00
-1.8000000000000764E+00
-1.8000000000000773E+00
-1.8000000000000784E+00
-1.8000000000000795E+00
-1.8000000000000813E+00
-1.8000000000000804E+00
-1.8000000000000835E+00
-1.8000000000000853E+00
-1.8000000000000869E+00
-1.8000000000000895E+00
-1.8000000000000933E+00
-1.8000000000000937E+00
-1.8000000000000957E+00
-1.8000000000000962E+00
-1.8000000000000971E+00
-1.8000000000000995E+00
-1.8000000000001044E+00
-1.8000000000001095E+00
-1.8000000000001153E+00
-1.8000000000001164E+00
-1.8000000000001148E+00
-1.8000000000001120E+00
-1.8000000000001126E+00
-1.8000000000001100E+00
-1.8000000000001120E+00
-1.8000000000001126E+00
-1.8000000000001100E+00
-1.8000000000001046E+00
-1.8000000000001026E+00
-1.8000000000001020E+00
-1.8000000000001037E+00
-1.8000000000001053E+00
-1.8000000000001091E+00
-1.8000000000001075E+00
-1.8000000000001084E+00
-1.8000000000001091E+00
-1.8000000000001137E+00
-1.8000000000001182E+00
-1.8000000000001186E+00
-1.8000000000001160E+00
-1.8000000000001191E+00
-1.8000000000001155E+00
-1.8000000000001120E+00
-1.8000000000001080E+00
-1.8000000000001080E+00
-1.8000000000001033E+00
-1.8000000000001026E+00
-1.8000000000001048E+00
-1.8000000000001111E+00
-1.8000000000001186E+00
-1.8000000000001244E+00
-1.8000000000001311E+00
