0.0000000000000000E+00
9.4819932558087094E-01
1.8687012949669515E+00
2.9088218419016325E+00
4.0000000000000160E+00
5.0911781580983897E+00
6.1312987050330694E+00
7.0518006744191419E+00
8.0000000000000000E+00
0.0000000000000000E+00
7.2990453333028893E-01
1.7394831495751257E+00
2.8408365114773488E+00
4.0000000000000151E+00
5.1591634885226743E+00
6.2605168504248967E+00
7.2700954666697228E+00
8.0000000000000000E+00
0.0000000000000000E+00
6.9897179701897927E-01
1.6716155257797884E+00
2.8028420995861536E+00
4.0000000000000133E+00
5.1971579004138722E+00
6.3283844742202229E+00
7.3010282029810325E+00
8.0000000000000000E+00
0.0000000000000000E+00
6.9918459449541814E-01
1.6587238776525861E+00
2.7905158969199424E+00
4.0000000000000142E+00
5.2094841030800856E+00
6.3412761223474288E+00
7.3008154055045953E+00
8.0000000000000000E+00
0.0000000000000000E+00
6.9897179701897894E-01
1.6716155257797880E+00
2.8028420995861558E+00
4.0000000000000107E+00
5.1971579004138695E+00
6.3283844742202220E+00
7.3010282029810361E+00
8.0000000000000000E+00
0.0000000000000000E+00
7.2990453333028815E-01
1.7394831495751246E+00
2.8408365114773488E+00
4.0000000000000107E+00
5.1591634885226760E+00
6.2605168504248914E+00
7.2700954666697220E+00
8.0000000000000000E+00
0.0000000000000000E+00
9.4819932558086928E-01
1.8687012949669499E+00
2.9088218419016316E+00
4.0000000000000124E+00
5.0911781580983897E+00
6.1312987050330641E+00
7.0518006744191402E+00
8.0000000000000000E+00
0.0000000000000000E+00
9.4735051298611972E-01
1.8681229361920730E+00
2.9084954963079062E+00
4.0000000000000142E+00
5.0915045036921232E+00
6.1318770638079494E+00
7.0526494870138903E+00
8.0000000000000000E+00
0.0000000000000000E+00
7.3044221425045397E-01
1.7399390851909220E+00
2.8410794168307185E+00
4.0000000000000151E+00
5.1589205831693112E+00
6.2600609148090989E+00
7.2695577857495541E+00
8.0000000000000000E+00
0.0000000000000000E+00
7.0020478898819516E-01
1.6727454658004854E+00
2.8034343886514526E+00
4.0000000000000160E+00
5.1965656113485696E+00
6.3272545341995370E+00
7.2997952110118138E+00
8.0000000000000000E+00
0.0000000000000000E+00
7.0061529164493574E-01
1.6600712704057830E+00
2.7912299152389632E+00
4.0000000000000115E+00
5.2087700847610581E+00
6.3399287295942379E+00
7.2993847083550758E+00
8.0000000000000000E+00
0.0000000000000000E+00
7.0020478898819505E-01
1.6727454658004846E+00
2.8034343886514526E+00
4.0000000000000133E+00
5.1965656113485696E+00
6.3272545341995317E+00
7.2997952110118165E+00
8.0000000000000000E+00
0.0000000000000000E+00
7.3044221425045375E-01
1.7399390851909200E+00
2.8410794168307172E+00
4.0000000000000133E+00
5.1589205831693050E+00
6.2600609148090953E+00
7.2695577857495550E+00
8.0000000000000000E+00
0.0000000000000000E+00
9.4735051298611916E-01
1.8681229361920704E+00
2.9084954963079044E+00
4.0000000000000098E+00
5.0915045036921205E+00
6.1318770638079476E+00
7.0526494870138903E+00
8.0000000000000000E+00
0.0000000000000000E+00
9.4405834521407128E-01
1.8654298362108379E+00
2.9068350775321368E+00
4.0000000000000133E+00
5.0931649224678850E+00
6.1345701637891796E+00
7.0559416547859355E+00
8.0000000000000000E+00
0.0000000000000000E+00
7.3160588808407334E-01
1.7404839865458728E+00
2.8411771546208997E+00
4.0000000000000133E+00
5.1588228453791256E+00
6.2595160134541432E+00
7.2683941119159341E+00
8.0000000000000000E+00
0.0000000000000000E+00
7.0345535076117427E-01
1.6753453137467798E+00
2.8045897038280772E+00
4.0000000000000142E+00
5.1954102961719455E+00
6.3246546862532345E+00
7.2965446492388359E+00
8.0000000000000000E+00
0.0000000000000000E+00
7.0443383254066394E-01
1.6633102023266171E+00
2.7927530818289847E+00
4.0000000000000098E+00
5.2072469181710357E+00
6.3366897976733956E+00
7.2955661674593451E+00
8.0000000000000000E+00
0.0000000000000000E+00
7.0345535076117427E-01
1.6753453137467795E+00
2.8045897038280767E+00
4.0000000000000107E+00
5.1954102961719402E+00
6.3246546862532362E+00
7.2965446492388359E+00
8.0000000000000000E+00
0.0000000000000000E+00
7.3160588808407323E-01
1.7404839865458723E+00
2.8411771546208957E+00
4.0000000000000115E+00
5.1588228453791247E+00
6.2595160134541459E+00
7.2683941119159359E+00
8.0000000000000000E+00
0.0000000000000000E+00
9.4405834521407084E-01
1.8654298362108359E+00
2.9068350775321363E+00
4.0000000000000115E+00
5.0931649224678868E+00
6.1345701637891832E+00
7.0559416547859355E+00
8.0000000000000000E+00
0.0000000000000000E+00
9.3553269427642538E-01
1.8569524682978769E+00
2.9012454101779199E+00
4.0000000000000124E+00
5.0987545898221001E+00
6.1430475317021376E+00
7.0644673057235865E+00
8.0000000000000000E+00
0.0000000000000000E+00
7.3149564592453764E-01
1.7378008271727814E+00
2.8385955568994623E+00
4.0000000000000053E+00
5.1614044431005572E+00
6.2621991728272359E+00
7.2685043540754704E+00
8.0000000000000000E+00
0.0000000000000000E+00
7.0674582430459110E-01
1.6761393725711129E+00
2.8038528264725850E+00
4.0000000000000053E+00
5.1961471735274385E+00
6.3238606274289042E+00
7.2932541756954166E+00
8.0000000000000000E+00
0.0000000000000000E+00
7.0849485620445629E-01
1.6651215238975028E+00
2.7926703834189337E+00
4.0000000000000098E+00
5.2073296165810863E+00
6.3348784761025181E+00
7.2915051437955514E+00
8.0000000000000000E+00
0.0000000000000000E+00
7.0674582430459088E-01
1.6761393725711164E+00
2.8038528264725859E+00
4.0000000000000036E+00
5.1961471735274447E+00
6.3238606274289015E+00
7.2932541756954103E+00
8.0000000000000000E+00
0.0000000000000000E+00
7.3149564592453642E-01
1.7378008271727825E+00
2.8385955568994632E+00
4.0000000000000133E+00
5.1614044431005572E+00
6.2621991728272315E+00
7.2685043540754695E+00
8.0000000000000000E+00
0.0000000000000000E+00
9.3553269427642227E-01
1.8569524682978786E+00
2.9012454101779221E+00
4.0000000000000089E+00
5.0987545898221107E+00
6.1430475317021349E+00
7.0644673057235865E+00
8.0000000000000000E+00
0.0000000000000000E+00
9.1449645725949702E-01
1.8334263786096483E+00
2.8854574888120954E+00
4.0000000000000089E+00
5.1145425111879277E+00
6.1665736213903646E+00
7.0855035427405069E+00
8.0000000000000000E+00
0.0000000000000000E+00
7.2452322403726721E-01
1.7226737448622154E+00
2.8270001496339043E+00
4.0000000000000115E+00
5.1729998503661232E+00
6.2773262551377966E+00
7.2754767759627370E+00
8.0000000000000000E+00
0.0000000000000000E+00
7.0371240270500846E-01
1.6661143002055958E+00
2.7951419032484477E+00
4.0000000000000142E+00
5.2048580967515656E+00
6.3338856997944175E+00
7.2962875972950023E+00
8.0000000000000000E+00
0.0000000000000000E+00
7.0610291335292297E-01
1.6566224213092500E+00
2.7850312084504063E+00
4.0000000000000107E+00
5.2149687915496159E+00
6.3433775786907640E+00
7.2938970866470862E+00
8.0000000000000000E+00
0.0000000000000000E+00
7.0371240270500912E-01
1.6661143002055965E+00
2.7951419032484490E+00
4.0000000000000098E+00
5.2048580967515710E+00
6.3338856997944220E+00
7.2962875972950050E+00
8.0000000000000000E+00
0.0000000000000000E+00
7.2452322403726799E-01
1.7226737448622176E+00
2.8270001496339057E+00
4.0000000000000107E+00
5.1729998503661134E+00
6.2773262551377984E+00
7.2754767759627388E+00
8.0000000000000000E+00
0.0000000000000000E+00
9.1449645725949746E-01
1.8334263786096494E+00
2.8854574888121007E+00
4.0000000000000133E+00
5.1145425111879144E+00
6.1665736213903699E+00
7.0855035427405069E+00
8.0000000000000000E+00
0.0000000000000000E+00
8.6178170314567348E-01
1.7720005033392290E+00
2.8498314614042997E+00
4.0000000000000071E+00
5.1501685385957146E+00
6.2279994966607832E+00
7.1382182968543377E+00
8.0000000000000000E+00
0.0000000000000000E+00
6.9230076404982233E-01
1.6714214060055279E+00
2.7960142008890432E+00
4.0000000000000098E+00
5.2039857991109679E+00
6.3285785939944859E+00
7.3076992359501860E+00
8.0000000000000000E+00
0.0000000000000000E+00
6.7484008189771816E-01
1.6224796046917989E+00
2.7679192644910362E+00
4.0000000000000098E+00
5.2320807355089771E+00
6.3775203953082187E+00
7.3251599181022904E+00
8.0000000000000000E+00
0.0000000000000000E+00
6.7795894085358044E-01
1.6146444610535025E+00
2.7592109659598898E+00
4.0000000000000071E+00
5.2407890340401240E+00
6.3853555389465146E+00
7.3220410591464287E+00
8.0000000000000000E+00
0.0000000000000000E+00
6.7484008189771816E-01
1.6224796046918006E+00
2.7679192644910353E+00
4.0000000000000080E+00
5.2320807355089824E+00
6.3775203953082160E+00
7.3251599181022931E+00
8.0000000000000000E+00
0.0000000000000000E+00
6.9230076404982355E-01
1.6714214060055286E+00
2.7960142008890476E+00
4.0000000000000124E+00
5.2039857991109795E+00
6.3285785939944867E+00
7.3076992359501860E+00
8.0000000000000000E+00
0.0000000000000000E+00
8.6178170314567493E-01
1.7720005033392294E+00
2.8498314614043037E+00
4.0000000000000124E+00
5.1501685385957199E+00
6.2279994966607841E+00
7.1382182968543377E+00
8.0000000000000000E+00
0.0000000000000000E+00
6.9269125771072437E-01
1.6516496672362528E+00
2.7861840621101064E+00
4.0000000000000062E+00
5.2138159378898976E+00
6.3483503327637560E+00
7.3073087422892824E+00
8.0000000000000000E+00
0.0000000000000000E+00
5.4684106903629337E-01
1.5571105955991598E+00
2.7353093386315472E+00
4.0000000000000044E+00
5.2646906613684648E+00
6.4428894044008462E+00
7.4531589309637161E+00
8.0000000000000000E+00
0.0000000000000000E+00
5.3220524429012284E-01
1.5119504638595693E+00
2.7076217532684499E+00
4.0000000000000044E+00
5.2923782467315617E+00
6.4880495361404371E+00
7.4677947557098863E+00
8.0000000000000000E+00
0.0000000000000000E+00
5.3571549047120948E-01
1.5041426044322352E+00
2.6990135447622059E+00
4.0000000000000080E+00
5.3009864552378092E+00
6.4958573955677696E+00
7.4642845095287980E+00
8.0000000000000000E+00
0.0000000000000000E+00
5.3220524429012350E-01
1.5119504638595684E+00
2.7076217532684548E+00
4.0000000000000089E+00
5.2923782467315679E+00
6.4880495361404380E+00
7.4677947557098854E+00
8.0000000000000000E+00
0.0000000000000000E+00
5.4684106903629381E-01
1.5571105955991622E+00
2.7353093386315490E+00
4.0000000000000089E+00
5.2646906613684745E+00
6.4428894044008489E+00
7.4531589309637161E+00
8.0000000000000000E+00
0.0000000000000000E+00
6.9269125771072548E-01
1.6516496672362542E+00
2.7861840621101135E+00
4.0000000000000124E+00
5.2138159378899118E+00
6.3483503327637614E+00
7.3073087422892815E+00
8.0000000000000000E+00
