0.0000000000000000E+00
0.0000000000000000E+00
0.0000000000000000E+00
0.0000000000000000E+00
0.0000000000000000E+00
0.0000000000000000E+00
0.0000000000000000E+00
0.0000000000000000E+00
0.0000000000000000E+00
0.0000000000000000E+00
0.0000000000000000E+00
0.0000000000000000E+00
0.0000000000000000E+00
0.0000000000000000E+00
0.0000000000000000E+00
0.0000000000000000E+00
0.0000000000000000E+00
-1.5000000000000346E-01
-1.5000000000000355E-01
-1.5000000000000346E-01
-1.5000000000000346E-01
-1.5000000000000352E-01
-1.5000000000000310E-01
-1.5000000000000291E-01
-1.5000000000000260E-01
-1.5000000000000199E-01
-1.5000000000000124E-01
-1.5000000000000072E-01
-1.5000000000000041E-01
-1.5000000000000022E-01
-1.4999999999999913E-01
-1.4999999999999794E-01
-1.4999999999999747E-01
-1.4999999999999641E-01
-3.0000000000000693E-01
-3.0000000000000704E-01
-3.0000000000000709E-01
-3.0000000000000682E-01
-3.0000000000000687E-01
-3.0000000000000632E-01
-3.0000000000000621E-01
-3.0000000000000521E-01
-3.0000000000000399E-01
-3.0000000000000276E-01
-3.0000000000000199E-01
-3.0000000000000071E-01
-2.9999999999999960E-01
-2.9999999999999860E-01
-2.9999999999999660E-01
-2.9999999999999483E-01
-2.9999999999999416E-01
-4.5000000000001072E-01
-4.5000000000001078E-01
-4.5000000000001084E-01
-4.5000000000001045E-01
-4.5000000000000984E-01
-4.5000000000000900E-01
-4.5000000000000878E-01
-4.5000000000000756E-01
-4.5000000000000645E-01
-4.5000000000000451E-01
-4.5000000000000312E-01
-4.5000000000000101E-01
-4.4999999999999829E-01
-4.4999999999999679E-01
-4.4999999999999540E-01
-4.4999999999999213E-01
-4.4999999999999157E-01
-6.0000000000001463E-01
-6.0000000000001452E-01
-6.0000000000001452E-01
-6.0000000000001397E-01
-6.0000000000001308E-01
-6.0000000000001164E-01
-6.0000000000001164E-01
-6.0000000000001008E-01
-6.0000000000000808E-01
-6.0000000000000631E-01
-6.0000000000000386E-01
-6.0000000000000120E-01
-5.9999999999999776E-01
-5.9999999999999509E-01
-5.9999999999999376E-01
-5.9999999999999076E-01
-5.9999999999998899E-01
-7.5000000000001821E-01
-7.5000000000001832E-01
-7.5000000000001810E-01
-7.5000000000001743E-01
-7.5000000000001643E-01
-7.5000000000001543E-01
-7.5000000000001410E-01
-7.5000000000001243E-01
-7.5000000000001010E-01
-7.5000000000000677E-01
-7.5000000000000455E-01
-7.5000000000000078E-01
-7.4999999999999778E-01
-7.4999999999999489E-01
-7.4999999999999201E-01
-7.4999999999998912E-01
-7.4999999999998712E-01
-9.0000000000002178E-01
-9.0000000000002167E-01
-9.0000000000002101E-01
-9.0000000000002078E-01
-9.0000000000001967E-01
-9.0000000000001856E-01
-9.0000000000001690E-01
-9.0000000000001446E-01
-9.0000000000001212E-01
-9.0000000000000846E-01
-9.0000000000000457E-01
-9.0000000000000047E-01
-8.9999999999999714E-01
-8.9999999999999403E-01
-8.9999999999999036E-01
-8.9999999999998681E-01
-8.9999999999998570E-01
-1.0500000000000251E+00
-1.0500000000000245E+00
-1.0500000000000242E+00
-1.0500000000000231E+00
-1.0500000000000225E+00
-1.0500000000000214E+00
-1.0500000000000198E+00
-1.0500000000000169E+00
-1.0500000000000134E+00
-1.0500000000000091E+00
-1.0500000000000049E+00
-1.0500000000000007E+00
-1.0499999999999958E+00
-1.0499999999999925E+00
-1.0499999999999892E+00
-1.0499999999999847E+00
-1.0499999999999836E+00
-1.2000000000000277E+00
-1.2000000000000275E+00
-1.2000000000000270E+00
-1.2000000000000255E+00
-1.2000000000000248E+00
-1.2000000000000233E+00
-1.2000000000000217E+00
-1.2000000000000188E+00
-1.2000000000000148E+00
-1.2000000000000104E+00
-1.2000000000000053E+00
-1.2000000000000008E+00
-1.1999999999999957E+00
-1.1999999999999909E+00
-1.1999999999999882E+00
-1.1999999999999835E+00
-1.1999999999999815E+00
-1.3500000000000296E+00
-1.3500000000000294E+00
-1.3500000000000294E+00
-1.3500000000000281E+00
-1.3500000000000267E+00
-1.3500000000000250E+00
-1.3500000000000234E+00
-1.3500000000000205E+00
-1.3500000000000165E+00
-1.3500000000000112E+00
-1.3500000000000061E+00
-1.3500000000000005E+00
-1.3499999999999950E+00
-1.3499999999999897E+00
-1.3499999999999857E+00
-1.3499999999999821E+00
-1.3499999999999803E+00
-1.5000000000000309E+00
-1.5000000000000309E+00
-1.5000000000000309E+00
-1.5000000000000306E+00
-1.5000000000000286E+00
-1.5000000000000264E+00
-1.5000000000000253E+00
-1.5000000000000215E+00
-1.5000000000000182E+00
-1.5000000000000115E+00
-1.5000000000000058E+00
-1.5000000000000004E+00
-1.4999999999999949E+00
-1.4999999999999900E+00
-1.4999999999999842E+00
-1.4999999999999811E+00
-1.4999999999999791E+00
-1.6500000000000317E+00
-1.6500000000000319E+00
-1.6500000000000319E+00
-1.6500000000000312E+00
-1.6500000000000292E+00
-1.6500000000000272E+00
-1.6500000000000261E+00
-1.6500000000000230E+00
-1.6500000000000177E+00
-1.6500000000000117E+00
-1.6500000000000057E+00
-1.6500000000000008E+00
-1.6499999999999946E+00
-1.6499999999999895E+00
-1.6499999999999848E+00
-1.6499999999999808E+00
-1.6499999999999779E+00
-1.8000000000000325E+00
-1.8000000000000322E+00
-1.8000000000000325E+00
-1.8000000000000318E+00
-1.8000000000000296E+00
-1.8000000000000276E+00
-1.8000000000000256E+00
-1.8000000000000231E+00
-1.8000000000000180E+00
-1.8000000000000118E+00
-1.8000000000000058E+00
-1.8000000000000003E+00
-1.7999999999999943E+00
-1.7999999999999887E+00
-1.7999999999999852E+00
-1.7999999999999796E+00
-1.7999999999999781E+00
