0.0000000000000000E+00
0.0000000000000000E+00
0.0000000000000000E+00
0.0000000000000000E+00
0.0000000000000000E+00
0.0000000000000000E+00
0.0000000000000000E+00
0.0000000000000000E+00
0.0000000000000000E+00
0.0000000000000000E+00
0.0000000000000000E+00
0.0000000000000000E+00
0.0000000000000000E+00
0.0000000000000000E+00
0.0000000000000000E+00
0.0000000000000000E+00
0.0000000000000000E+00
-1.4999999999999835E-02
-1.4999999999999842E-02
-1.4999999999999840E-02
-1.4999999999999864E-02
-1.4999999999999842E-02
-1.4999999999999814E-02
-1.4999999999999859E-02
-1.4999999999999854E-02
-1.4999999999999916E-02
-1.5000000000000100E-02
-1.4999999999999966E-02
-1.4999999999999875E-02
-1.4999999999999823E-02
-1.4999999999999720E-02
-1.4999999999999680E-02
-1.4999999999999793E-02
-1.5000000000000020E-02
-2.9999999999999669E-02
-2.9999999999999642E-02
-2.9999999999999680E-02
-2.9999999999999676E-02
-2.9999999999999655E-02
-2.9999999999999714E-02
-2.9999999999999680E-02
-2.9999999999999732E-02
-2.9999999999999961E-02
-3.0000000000000044E-02
-2.9999999999999846E-02
-2.9999999999999669E-02
-2.9999999999999662E-02
-2.9999999999999683E-02
-2.9999999999999576E-02
-2.9999999999999766E-02
-2.9999999999999818E-02
-4.4999999999999492E-02
-4.4999999999999443E-02
-4.4999999999999506E-02
-4.4999999999999554E-02
-4.4999999999999471E-02
-4.4999999999999617E-02
-4.4999999999999596E-02
-4.4999999999999755E-02
-4.4999999999999887E-02
-4.4999999999999880E-02
-4.4999999999999638E-02
-4.4999999999999631E-02
-4.4999999999999714E-02
-4.4999999999999672E-02
-4.4999999999999644E-02
-4.4999999999999603E-02
-4.4999999999999561E-02
-5.9999999999999325E-02
-5.9999999999999297E-02
-5.9999999999999346E-02
-5.9999999999999408E-02
-5.9999999999999436E-02
-5.9999999999999415E-02
-5.9999999999999547E-02
-5.9999999999999644E-02
-5.9999999999999665E-02
-5.9999999999999554E-02
-5.9999999999999602E-02
-5.9999999999999630E-02
-5.9999999999999526E-02
-5.9999999999999679E-02
-5.9999999999999568E-02
-5.9999999999999575E-02
-5.9999999999999470E-02
-7.4999999999999178E-02
-7.4999999999999206E-02
-7.4999999999999248E-02
-7.4999999999999289E-02
-7.4999999999999248E-02
-7.4999999999999359E-02
-7.4999999999999289E-02
-7.4999999999999387E-02
-7.4999999999999303E-02
-7.4999999999999609E-02
-7.4999999999999678E-02
-7.4999999999999373E-02
-7.4999999999999400E-02
-7.4999999999999289E-02
-7.4999999999999289E-02
-7.4999999999999664E-02
-7.4999999999999387E-02
-8.9999999999999067E-02
-8.9999999999999039E-02
-8.9999999999999261E-02
-8.9999999999999122E-02
-8.9999999999999136E-02
-8.9999999999999247E-02
-8.9999999999999233E-02
-8.9999999999999233E-02
-8.9999999999999469E-02
-8.9999999999999566E-02
-8.9999999999999580E-02
-8.9999999999999289E-02
-8.9999999999999192E-02
-8.9999999999999136E-02
-8.9999999999998900E-02
-8.9999999999999192E-02
-8.9999999999999733E-02
-1.0499999999999901E-01
-1.0499999999999907E-01
-1.0499999999999908E-01
-1.0499999999999894E-01
-1.0499999999999897E-01
-1.0499999999999904E-01
-1.0499999999999909E-01
-1.0499999999999901E-01
-1.0499999999999940E-01
-1.0499999999999929E-01
-1.0499999999999922E-01
-1.0499999999999941E-01
-1.0499999999999898E-01
-1.0499999999999877E-01
-1.0499999999999864E-01
-1.0499999999999894E-01
-1.0499999999999952E-01
-1.1999999999999887E-01
-1.1999999999999893E-01
-1.1999999999999886E-01
-1.1999999999999894E-01
-1.1999999999999882E-01
-1.1999999999999889E-01
-1.1999999999999891E-01
-1.1999999999999880E-01
-1.1999999999999880E-01
-1.1999999999999920E-01
-1.1999999999999914E-01
-1.1999999999999912E-01
-1.1999999999999893E-01
-1.1999999999999834E-01
-1.1999999999999872E-01
-1.1999999999999887E-01
-1.1999999999999954E-01
-1.3499999999999876E-01
-1.3499999999999876E-01
-1.3499999999999882E-01
-1.3499999999999882E-01
-1.3499999999999890E-01
-1.3499999999999876E-01
-1.3499999999999870E-01
-1.3499999999999870E-01
-1.3499999999999859E-01
-1.3499999999999898E-01
-1.3499999999999918E-01
-1.3499999999999898E-01
-1.3499999999999876E-01
-1.3499999999999890E-01
-1.3499999999999882E-01
-1.3499999999999912E-01
-1.3499999999999929E-01
-1.4999999999999858E-01
-1.4999999999999866E-01
-1.4999999999999869E-01
-1.4999999999999855E-01
-1.4999999999999852E-01
-1.4999999999999861E-01
-1.4999999999999872E-01
-1.4999999999999872E-01
-1.4999999999999877E-01
-1.4999999999999891E-01
-1.4999999999999891E-01
-1.4999999999999891E-01
-1.4999999999999908E-01
-1.4999999999999908E-01
-1.4999999999999880E-01
-1.4999999999999913E-01
-1.4999999999999941E-01
-1.6499999999999856E-01
-1.6499999999999843E-01
-1.6499999999999845E-01
-1.6499999999999834E-01
-1.6499999999999834E-01
-1.6499999999999829E-01
-1.6499999999999859E-01
-1.6499999999999873E-01
-1.6499999999999870E-01
-1.6499999999999865E-01
-1.6499999999999870E-01
-1.6499999999999898E-01
-1.6499999999999906E-01
-1.6499999999999887E-01
-1.6499999999999923E-01
-1.6499999999999942E-01
-1.6499999999999929E-01
-1.7999999999999836E-01
-1.7999999999999819E-01
-1.7999999999999824E-01
-1.7999999999999816E-01
-1.7999999999999819E-01
-1.7999999999999805E-01
-1.7999999999999819E-01
-1.7999999999999852E-01
-1.7999999999999869E-01
-1.7999999999999888E-01
-1.7999999999999866E-01
-1.7999999999999897E-01
-1.7999999999999886E-01
-1.7999999999999908E-01
-1.7999999999999930E-01
-1.7999999999999941E-01
-1.7999999999999944E-01
0.0000000000000000E+00
0.0000000000000000E+00
0.0000000000000000E+00
0.0000000000000000E+00
0.0000000000000000E+00
0.0000000000000000E+00
0.0000000000000000E+00
0.0000000000000000E+00
0.0000000000000000E+00
0.0000000000000000E+00
0.0000000000000000E+00
0.0000000000000000E+00
0.0000000000000000E+00
0.0000000000000000E+00
0.0000000000000000E+00
0.0000000000000000E+00
0.0000000000000000E+00
-1.4999999999999842E-02
-1.4999999999999814E-02
-1.4999999999999810E-02
-1.4999999999999840E-02
-1.4999999999999852E-02
-1.4999999999999843E-02
-1.4999999999999836E-02
-1.4999999999999838E-02
-1.5000000000000076E-02
-1.5000000000000025E-02
-1.4999999999999963E-02
-1.4999999999999861E-02
-1.4999999999999767E-02
-1.4999999999999795E-02
-1.4999999999999871E-02
-1.4999999999999836E-02
-1.5000000000000001E-02
-2.9999999999999666E-02
-2.9999999999999669E-02
-2.9999999999999628E-02
-2.9999999999999652E-02
-2.9999999999999690E-02
-2.9999999999999711E-02
-2.9999999999999701E-02
-2.9999999999999836E-02
-2.9999999999999923E-02
-2.9999999999999933E-02
-2.9999999999999902E-02
-2.9999999999999773E-02
-2.9999999999999600E-02
-2.9999999999999704E-02
-2.9999999999999746E-02
-2.9999999999999739E-02
-2.9999999999999853E-02
-4.4999999999999485E-02
-4.4999999999999506E-02
-4.4999999999999506E-02
-4.4999999999999499E-02
-4.4999999999999526E-02
-4.4999999999999554E-02
-4.4999999999999658E-02
-4.4999999999999672E-02
-4.4999999999999978E-02
-4.4999999999999700E-02
-4.4999999999999658E-02
-4.4999999999999755E-02
-4.4999999999999561E-02
-4.4999999999999638E-02
-4.4999999999999582E-02
-4.4999999999999679E-02
-4.4999999999999561E-02
-5.9999999999999366E-02
-5.9999999999999325E-02
-5.9999999999999346E-02
-5.9999999999999373E-02
-5.9999999999999380E-02
-5.9999999999999422E-02
-5.9999999999999477E-02
-5.9999999999999561E-02
-5.9999999999999706E-02
-5.9999999999999616E-02
-5.9999999999999533E-02
-5.9999999999999491E-02
-5.9999999999999588E-02
-5.9999999999999498E-02
-5.9999999999999505E-02
-5.9999999999999373E-02
-5.9999999999999484E-02
-7.4999999999999234E-02
-7.4999999999999248E-02
-7.4999999999999206E-02
-7.4999999999999276E-02
-7.4999999999999317E-02
-7.4999999999999276E-02
-7.4999999999999276E-02
-7.4999999999999331E-02
-7.4999999999999456E-02
-7.4999999999999595E-02
-7.4999999999999539E-02
-7.4999999999999498E-02
-7.4999999999999303E-02
-7.4999999999999331E-02
-7.4999999999999400E-02
-7.4999999999999442E-02
-7.4999999999999373E-02
-8.9999999999999081E-02
-8.9999999999999150E-02
-8.9999999999999150E-02
-8.9999999999999247E-02
-8.9999999999999108E-02
-8.9999999999999261E-02
-8.9999999999999150E-02
-8.9999999999999150E-02
-8.9999999999999331E-02
-8.9999999999999566E-02
-8.9999999999999289E-02
-8.9999999999999414E-02
-8.9999999999999067E-02
-8.9999999999998956E-02
-8.9999999999998997E-02
-8.9999999999999358E-02
-8.9999999999999428E-02
-1.0499999999999902E-01
-1.0499999999999894E-01
-1.0499999999999904E-01
-1.0499999999999911E-01
-1.0499999999999882E-01
-1.0499999999999907E-01
-1.0499999999999904E-01
-1.0499999999999909E-01
-1.0499999999999911E-01
-1.0499999999999921E-01
-1.0499999999999925E-01
-1.0499999999999907E-01
-1.0499999999999908E-01
-1.0499999999999884E-01
-1.0499999999999862E-01
-1.0499999999999890E-01
-1.0499999999999947E-01
-1.1999999999999891E-01
-1.1999999999999884E-01
-1.1999999999999894E-01
-1.1999999999999887E-01
-1.1999999999999879E-01
-1.1999999999999883E-01
-1.1999999999999890E-01
-1.1999999999999895E-01
-1.1999999999999886E-01
-1.1999999999999922E-01
-1.1999999999999895E-01
-1.1999999999999920E-01
-1.1999999999999905E-01
-1.1999999999999876E-01
-1.1999999999999858E-01
-1.1999999999999901E-01
-1.1999999999999927E-01
-1.3499999999999865E-01
-1.3499999999999884E-01
-1.3499999999999882E-01
-1.3499999999999876E-01
-1.3499999999999865E-01
-1.3499999999999868E-01
-1.3499999999999882E-01
-1.3499999999999879E-01
-1.3499999999999879E-01
-1.3499999999999907E-01
-1.3499999999999912E-01
-1.3499999999999912E-01
-1.3499999999999879E-01
-1.3499999999999884E-01
-1.3499999999999893E-01
-1.3499999999999895E-01
-1.3499999999999956E-01
-1.4999999999999852E-01
-1.4999999999999858E-01
-1.4999999999999863E-01
-1.4999999999999855E-01
-1.4999999999999861E-01
-1.4999999999999858E-01
-1.4999999999999861E-01
-1.4999999999999877E-01
-1.4999999999999888E-01
-1.4999999999999880E-01
-1.4999999999999894E-01
-1.4999999999999900E-01
-1.4999999999999886E-01
-1.4999999999999911E-01
-1.4999999999999897E-01
-1.4999999999999913E-01
-1.4999999999999963E-01
-1.6499999999999837E-01
-1.6499999999999854E-01
-1.6499999999999840E-01
-1.6499999999999840E-01
-1.6499999999999826E-01
-1.6499999999999834E-01
-1.6499999999999845E-01
-1.6499999999999856E-01
-1.6499999999999906E-01
-1.6499999999999868E-01
-1.6499999999999876E-01
-1.6499999999999904E-01
-1.6499999999999912E-01
-1.6499999999999918E-01
-1.6499999999999906E-01
-1.6499999999999926E-01
-1.6499999999999951E-01
-1.7999999999999833E-01
-1.7999999999999836E-01
-1.7999999999999836E-01
-1.7999999999999822E-01
-1.7999999999999811E-01
-1.7999999999999816E-01
-1.7999999999999833E-01
-1.7999999999999844E-01
-1.7999999999999886E-01
-1.7999999999999861E-01
-1.7999999999999866E-01
-1.7999999999999905E-01
-1.7999999999999897E-01
-1.7999999999999924E-01
-1.7999999999999927E-01
-1.7999999999999927E-01
-1.7999999999999944E-01
0.0000000000000000E+00
0.0000000000000000E+00
0.0000000000000000E+00
0.0000000000000000E+00
0.0000000000000000E+00
0.0000000000000000E+00
0.0000000000000000E+00
0.0000000000000000E+00
0.0000000000000000E+00
0.0000000000000000E+00
0.0000000000000000E+00
0.0000000000000000E+00
0.0000000000000000E+00
0.0000000000000000E+00
0.0000000000000000E+00
0.0000000000000000E+00
0.0000000000000000E+00
-1.4999999999999835E-02
-1.4999999999999821E-02
-1.4999999999999805E-02
-1.4999999999999809E-02
-1.4999999999999868E-02
-1.4999999999999854E-02
-1.4999999999999793E-02
-1.5000000000000015E-02
-1.4999999999999833E-02
-1.4999999999999901E-02
-1.4999999999999942E-02
-1.4999999999999916E-02
-1.4999999999999781E-02
-1.4999999999999696E-02
-1.4999999999999769E-02
-1.4999999999999816E-02
-1.5000000000000072E-02
-2.9999999999999669E-02
-2.9999999999999642E-02
-2.9999999999999635E-02
-2.9999999999999655E-02
-2.9999999999999610E-02
-2.9999999999999697E-02
-2.9999999999999735E-02
-2.9999999999999773E-02
-2.9999999999999812E-02
-2.9999999999999877E-02
-2.9999999999999874E-02
-2.9999999999999843E-02
-2.9999999999999610E-02
-2.9999999999999635E-02
-2.9999999999999596E-02
-2.9999999999999735E-02
-2.9999999999999888E-02
-4.4999999999999513E-02
-4.4999999999999485E-02
-4.4999999999999457E-02
-4.4999999999999547E-02
-4.4999999999999464E-02
-4.4999999999999526E-02
-4.4999999999999596E-02
-4.4999999999999624E-02
-4.4999999999999707E-02
-4.4999999999999776E-02
-4.4999999999999749E-02
-4.4999999999999582E-02
-4.4999999999999644E-02
-4.4999999999999547E-02
-4.4999999999999526E-02
-4.4999999999999707E-02
-4.4999999999999526E-02
-5.9999999999999325E-02
-5.9999999999999366E-02
-5.9999999999999352E-02
-5.9999999999999311E-02
-5.9999999999999346E-02
-5.9999999999999387E-02
-5.9999999999999470E-02
-5.9999999999999429E-02
-5.9999999999999498E-02
-5.9999999999999665E-02
-5.9999999999999526E-02
-5.9999999999999498E-02
-5.9999999999999533E-02
-5.9999999999999415E-02
-5.9999999999999491E-02
-5.9999999999999491E-02
-5.9999999999999450E-02
-7.4999999999999206E-02
-7.4999999999999234E-02
-7.4999999999999234E-02
-7.4999999999999220E-02
-7.4999999999999276E-02
-7.4999999999999303E-02
-7.4999999999999345E-02
-7.4999999999999373E-02
-7.4999999999999331E-02
-7.4999999999999623E-02
-7.4999999999999567E-02
-7.4999999999999331E-02
-7.4999999999999331E-02
-7.4999999999999178E-02
-7.4999999999999206E-02
-7.4999999999999303E-02
-7.4999999999999456E-02
-8.9999999999999108E-02
-8.9999999999999011E-02
-8.9999999999999108E-02
-8.9999999999999108E-02
-8.9999999999999178E-02
-8.9999999999999206E-02
-8.9999999999999150E-02
-8.9999999999999206E-02
-8.9999999999999372E-02
-8.9999999999999622E-02
-8.9999999999999539E-02
-8.9999999999999261E-02
-8.9999999999998984E-02
-8.9999999999999095E-02
-8.9999999999998762E-02
-8.9999999999999122E-02
-8.9999999999999497E-02
-1.0499999999999898E-01
-1.0499999999999886E-01
-1.0499999999999893E-01
-1.0499999999999893E-01
-1.0499999999999896E-01
-1.0499999999999900E-01
-1.0499999999999898E-01
-1.0499999999999898E-01
-1.0499999999999930E-01
-1.0499999999999958E-01
-1.0499999999999926E-01
-1.0499999999999918E-01
-1.0499999999999907E-01
-1.0499999999999882E-01
-1.0499999999999879E-01
-1.0499999999999897E-01
-1.0499999999999950E-01
-1.1999999999999883E-01
-1.1999999999999889E-01
-1.1999999999999890E-01
-1.1999999999999870E-01
-1.1999999999999868E-01
-1.1999999999999894E-01
-1.1999999999999889E-01
-1.1999999999999901E-01
-1.1999999999999915E-01
-1.1999999999999914E-01
-1.1999999999999926E-01
-1.1999999999999897E-01
-1.1999999999999915E-01
-1.1999999999999901E-01
-1.1999999999999879E-01
-1.1999999999999886E-01
-1.1999999999999940E-01
-1.3499999999999876E-01
-1.3499999999999873E-01
-1.3499999999999876E-01
-1.3499999999999843E-01
-1.3499999999999870E-01
-1.3499999999999876E-01
-1.3499999999999879E-01
-1.3499999999999898E-01
-1.3499999999999904E-01
-1.3499999999999893E-01
-1.3499999999999907E-01
-1.3499999999999918E-01
-1.3499999999999901E-01
-1.3499999999999909E-01
-1.3499999999999895E-01
-1.3499999999999912E-01
-1.3499999999999909E-01
-1.4999999999999841E-01
-1.4999999999999869E-01
-1.4999999999999847E-01
-1.4999999999999855E-01
-1.4999999999999858E-01
-1.4999999999999855E-01
-1.4999999999999866E-01
-1.4999999999999875E-01
-1.4999999999999888E-01
-1.4999999999999900E-01
-1.4999999999999905E-01
-1.4999999999999905E-01
-1.4999999999999916E-01
-1.4999999999999902E-01
-1.4999999999999888E-01
-1.4999999999999922E-01
-1.4999999999999919E-01
-1.6499999999999851E-01
-1.6499999999999845E-01
-1.6499999999999845E-01
-1.6499999999999826E-01
-1.6499999999999837E-01
-1.6499999999999840E-01
-1.6499999999999848E-01
-1.6499999999999868E-01
-1.6499999999999870E-01
-1.6499999999999887E-01
-1.6499999999999890E-01
-1.6499999999999898E-01
-1.6499999999999906E-01
-1.6499999999999909E-01
-1.6499999999999904E-01
-1.6499999999999923E-01
-1.6499999999999926E-01
-1.7999999999999836E-01
-1.7999999999999819E-01
-1.7999999999999794E-01
-1.7999999999999830E-01
-1.7999999999999816E-01
-1.7999999999999813E-01
-1.7999999999999836E-01
-1.7999999999999852E-01
-1.7999999999999877E-01
-1.7999999999999872E-01
-1.7999999999999880E-01
-1.7999999999999891E-01
-1.7999999999999894E-01
-1.7999999999999922E-01
-1.7999999999999924E-01
-1.7999999999999930E-01
-1.7999999999999924E-01
0.0000000000000000E+00
0.0000000000000000E+00
0.0000000000000000E+00
0.0000000000000000E+00
0.0000000000000000E+00
0.0000000000000000E+00
0.0000000000000000E+00
0.0000000000000000E+00
0.0000000000000000E+00
0.0000000000000000E+00
0.0000000000000000E+00
0.0000000000000000E+00
0.0000000000000000E+00
0.0000000000000000E+00
0.0000000000000000E+00
0.0000000000000000E+00
0.0000000000000000E+00
-1.4999999999999843E-02
-1.4999999999999823E-02
-1.4999999999999833E-02
-1.4999999999999776E-02
-1.4999999999999802E-02
-1.4999999999999885E-02
-1.4999999999999862E-02
-1.4999999999999791E-02
-1.4999999999999994E-02
-1.4999999999999946E-02
-1.4999999999999961E-02
-1.4999999999999854E-02
-1.4999999999999857E-02
-1.4999999999999864E-02
-1.4999999999999890E-02
-1.4999999999999840E-02
-1.4999999999999977E-02
-2.9999999999999718E-02
-2.9999999999999652E-02
-2.9999999999999589E-02
-2.9999999999999645E-02
-2.9999999999999621E-02
-2.9999999999999676E-02
-2.9999999999999701E-02
-2.9999999999999701E-02
-2.9999999999999739E-02
-2.9999999999999843E-02
-2.9999999999999784E-02
-2.9999999999999836E-02
-2.9999999999999697E-02
-2.9999999999999697E-02
-2.9999999999999759E-02
-2.9999999999999624E-02
-2.9999999999999877E-02
-4.4999999999999520E-02
-4.4999999999999492E-02
-4.4999999999999429E-02
-4.4999999999999492E-02
-4.4999999999999506E-02
-4.4999999999999457E-02
-4.4999999999999561E-02
-4.4999999999999651E-02
-4.4999999999999499E-02
-4.4999999999999735E-02
-4.4999999999999603E-02
-4.4999999999999700E-02
-4.4999999999999568E-02
-4.4999999999999568E-02
-4.4999999999999513E-02
-4.4999999999999603E-02
-4.4999999999999589E-02
-5.9999999999999366E-02
-5.9999999999999290E-02
-5.9999999999999359E-02
-5.9999999999999332E-02
-5.9999999999999346E-02
-5.9999999999999352E-02
-5.9999999999999373E-02
-5.9999999999999533E-02
-5.9999999999999540E-02
-5.9999999999999713E-02
-5.9999999999999616E-02
-5.9999999999999505E-02
-5.9999999999999519E-02
-5.9999999999999346E-02
-5.9999999999999325E-02
-5.9999999999999505E-02
-5.9999999999999415E-02
-7.4999999999999151E-02
-7.4999999999999178E-02
-7.4999999999999220E-02
-7.4999999999999178E-02
-7.4999999999999151E-02
-7.4999999999999220E-02
-7.4999999999999331E-02
-7.4999999999999262E-02
-7.4999999999999664E-02
-7.4999999999999581E-02
-7.4999999999999734E-02
-7.4999999999999400E-02
-7.4999999999999137E-02
-7.4999999999999123E-02
-7.4999999999999165E-02
-7.4999999999999248E-02
-7.4999999999999623E-02
-8.9999999999999053E-02
-8.9999999999999081E-02
-8.9999999999999025E-02
-8.9999999999999025E-02
-8.9999999999999039E-02
-8.9999999999999067E-02
-8.9999999999999233E-02
-8.9999999999999206E-02
-8.9999999999999469E-02
-8.9999999999999511E-02
-8.9999999999999303E-02
-8.9999999999999331E-02
-8.9999999999999178E-02
-8.9999999999999039E-02
-8.9999999999998997E-02
-8.9999999999998914E-02
-8.9999999999999469E-02
-1.0499999999999890E-01
-1.0499999999999893E-01
-1.0499999999999875E-01
-1.0499999999999896E-01
-1.0499999999999905E-01
-1.0499999999999905E-01
-1.0499999999999904E-01
-1.0499999999999927E-01
-1.0499999999999930E-01
-1.0499999999999918E-01
-1.0499999999999922E-01
-1.0499999999999933E-01
-1.0499999999999894E-01
-1.0499999999999912E-01
-1.0499999999999886E-01
-1.0499999999999893E-01
-1.0499999999999932E-01
-1.1999999999999877E-01
-1.1999999999999866E-01
-1.1999999999999869E-01
-1.1999999999999880E-01
-1.1999999999999880E-01
-1.1999999999999895E-01
-1.1999999999999908E-01
-1.1999999999999905E-01
-1.1999999999999912E-01
-1.1999999999999933E-01
-1.1999999999999930E-01
-1.1999999999999908E-01
-1.1999999999999907E-01
-1.1999999999999897E-01
-1.1999999999999904E-01
-1.1999999999999893E-01
-1.1999999999999901E-01
-1.3499999999999870E-01
-1.3499999999999865E-01
-1.3499999999999854E-01
-1.3499999999999868E-01
-1.3499999999999854E-01
-1.3499999999999868E-01
-1.3499999999999873E-01
-1.3499999999999884E-01
-1.3499999999999915E-01
-1.3499999999999920E-01
-1.3499999999999904E-01
-1.3499999999999895E-01
-1.3499999999999934E-01
-1.3499999999999920E-01
-1.3499999999999868E-01
-1.3499999999999904E-01
-1.3499999999999904E-01
-1.4999999999999869E-01
-1.4999999999999852E-01
-1.4999999999999844E-01
-1.4999999999999838E-01
-1.4999999999999833E-01
-1.4999999999999847E-01
-1.4999999999999850E-01
-1.4999999999999852E-01
-1.4999999999999897E-01
-1.4999999999999888E-01
-1.4999999999999905E-01
-1.4999999999999891E-01
-1.4999999999999936E-01
-1.4999999999999902E-01
-1.4999999999999911E-01
-1.4999999999999894E-01
-1.4999999999999922E-01
-1.6499999999999848E-01
-1.6499999999999831E-01
-1.6499999999999823E-01
-1.6499999999999809E-01
-1.6499999999999831E-01
-1.6499999999999834E-01
-1.6499999999999848E-01
-1.6499999999999848E-01
-1.6499999999999859E-01
-1.6499999999999881E-01
-1.6499999999999920E-01
-1.6499999999999895E-01
-1.6499999999999931E-01
-1.6499999999999906E-01
-1.6499999999999881E-01
-1.6499999999999923E-01
-1.6499999999999912E-01
-1.7999999999999824E-01
-1.7999999999999824E-01
-1.7999999999999822E-01
-1.7999999999999788E-01
-1.7999999999999813E-01
-1.7999999999999841E-01
-1.7999999999999836E-01
-1.7999999999999849E-01
-1.7999999999999866E-01
-1.7999999999999844E-01
-1.7999999999999908E-01
-1.7999999999999886E-01
-1.7999999999999911E-01
-1.7999999999999902E-01
-1.7999999999999883E-01
-1.7999999999999905E-01
-1.7999999999999924E-01
0.0000000000000000E+00
0.0000000000000000E+00
0.0000000000000000E+00
0.0000000000000000E+00
0.0000000000000000E+00
0.0000000000000000E+00
0.0000000000000000E+00
0.0000000000000000E+00
0.0000000000000000E+00
0.0000000000000000E+00
0.0000000000000000E+00
0.0000000000000000E+00
0.0000000000000000E+00
0.0000000000000000E+00
0.0000000000000000E+00
0.0000000000000000E+00
0.0000000000000000E+00
-1.4999999999999836E-02
-1.4999999999999817E-02
-1.4999999999999824E-02
-1.4999999999999750E-02
-1.4999999999999788E-02
-1.4999999999999835E-02
-1.4999999999999895E-02
-1.4999999999999916E-02
-1.4999999999999828E-02
-1.4999999999999836E-02
-1.4999999999999942E-02
-1.4999999999999968E-02
-1.4999999999999781E-02
-1.4999999999999869E-02
-1.4999999999999705E-02
-1.4999999999999845E-02
-1.5000000000000001E-02
-2.9999999999999635E-02
-2.9999999999999655E-02
-2.9999999999999628E-02
-2.9999999999999638E-02
-2.9999999999999635E-02
-2.9999999999999676E-02
-2.9999999999999746E-02
-2.9999999999999680E-02
-2.9999999999999780E-02
-2.9999999999999853E-02
-2.9999999999999860E-02
-2.9999999999999759E-02
-2.9999999999999808E-02
-2.9999999999999694E-02
-2.9999999999999638E-02
-2.9999999999999614E-02
-2.9999999999999881E-02
-4.4999999999999429E-02
-4.4999999999999499E-02
-4.4999999999999506E-02
-4.4999999999999513E-02
-4.4999999999999478E-02
-4.4999999999999478E-02
-4.4999999999999485E-02
-4.4999999999999506E-02
-4.4999999999999714E-02
-4.4999999999999762E-02
-4.4999999999999776E-02
-4.4999999999999520E-02
-4.4999999999999568E-02
-4.4999999999999506E-02
-4.4999999999999651E-02
-4.4999999999999436E-02
-4.4999999999999651E-02
-5.9999999999999304E-02
-5.9999999999999311E-02
-5.9999999999999352E-02
-5.9999999999999332E-02
-5.9999999999999366E-02
-5.9999999999999380E-02
-5.9999999999999325E-02
-5.9999999999999415E-02
-5.9999999999999581E-02
-5.9999999999999692E-02
-5.9999999999999602E-02
-5.9999999999999512E-02
-5.9999999999999366E-02
-5.9999999999999193E-02
-5.9999999999999457E-02
-5.9999999999999366E-02
-5.9999999999999269E-02
-7.4999999999999137E-02
-7.4999999999999192E-02
-7.4999999999999165E-02
-7.4999999999999220E-02
-7.4999999999999276E-02
-7.4999999999999206E-02
-7.4999999999999262E-02
-7.4999999999999331E-02
-7.4999999999999456E-02
-7.4999999999999484E-02
-7.4999999999999484E-02
-7.4999999999999484E-02
-7.4999999999999234E-02
-7.4999999999999151E-02
-7.4999999999999095E-02
-7.4999999999999123E-02
-7.4999999999999456E-02
-8.9999999999998845E-02
-8.9999999999998970E-02
-8.9999999999999011E-02
-8.9999999999998956E-02
-8.9999999999999081E-02
-8.9999999999999164E-02
-8.9999999999999178E-02
-8.9999999999999372E-02
-8.9999999999999275E-02
-8.9999999999999344E-02
-8.9999999999999386E-02
-8.9999999999999192E-02
-8.9999999999999192E-02
-8.9999999999999067E-02
-8.9999999999998845E-02
-8.9999999999998845E-02
-8.9999999999999747E-02
-1.0499999999999879E-01
-1.0499999999999877E-01
-1.0499999999999877E-01
-1.0499999999999875E-01
-1.0499999999999871E-01
-1.0499999999999880E-01
-1.0499999999999915E-01
-1.0499999999999914E-01
-1.0499999999999925E-01
-1.0499999999999932E-01
-1.0499999999999929E-01
-1.0499999999999907E-01
-1.0499999999999905E-01
-1.0499999999999897E-01
-1.0499999999999900E-01
-1.0499999999999919E-01
-1.0499999999999912E-01
-1.1999999999999875E-01
-1.1999999999999870E-01
-1.1999999999999865E-01
-1.1999999999999872E-01
-1.1999999999999864E-01
-1.1999999999999883E-01
-1.1999999999999880E-01
-1.1999999999999893E-01
-1.1999999999999911E-01
-1.1999999999999911E-01
-1.1999999999999923E-01
-1.1999999999999922E-01
-1.1999999999999898E-01
-1.1999999999999926E-01
-1.1999999999999893E-01
-1.1999999999999914E-01
-1.1999999999999866E-01
-1.3499999999999859E-01
-1.3499999999999851E-01
-1.3499999999999851E-01
-1.3499999999999859E-01
-1.3499999999999862E-01
-1.3499999999999865E-01
-1.3499999999999868E-01
-1.3499999999999884E-01
-1.3499999999999901E-01
-1.3499999999999898E-01
-1.3499999999999923E-01
-1.3499999999999931E-01
-1.3499999999999904E-01
-1.3499999999999918E-01
-1.3499999999999890E-01
-1.3499999999999884E-01
-1.3499999999999879E-01
-1.4999999999999850E-01
-1.4999999999999847E-01
-1.4999999999999836E-01
-1.4999999999999844E-01
-1.4999999999999847E-01
-1.4999999999999847E-01
-1.4999999999999858E-01
-1.4999999999999863E-01
-1.4999999999999863E-01
-1.4999999999999905E-01
-1.4999999999999905E-01
-1.4999999999999936E-01
-1.4999999999999933E-01
-1.4999999999999900E-01
-1.4999999999999863E-01
-1.4999999999999880E-01
-1.4999999999999902E-01
-1.6499999999999837E-01
-1.6499999999999823E-01
-1.6499999999999829E-01
-1.6499999999999809E-01
-1.6499999999999826E-01
-1.6499999999999834E-01
-1.6499999999999834E-01
-1.6499999999999837E-01
-1.6499999999999851E-01
-1.6499999999999890E-01
-1.6499999999999898E-01
-1.6499999999999912E-01
-1.6499999999999904E-01
-1.6499999999999893E-01
-1.6499999999999876E-01
-1.6499999999999895E-01
-1.6499999999999887E-01
-1.7999999999999824E-01
-1.7999999999999811E-01
-1.7999999999999813E-01
-1.7999999999999786E-01
-1.7999999999999808E-01
-1.7999999999999822E-01
-1.7999999999999824E-01
-1.7999999999999830E-01
-1.7999999999999813E-01
-1.7999999999999880E-01
-1.7999999999999863E-01
-1.7999999999999899E-01
-1.7999999999999869E-01
-1.7999999999999872E-01
-1.7999999999999891E-01
-1.7999999999999891E-01
-1.7999999999999852E-01
0.0000000000000000E+00
0.0000000000000000E+00
0.0000000000000000E+00
0.0000000000000000E+00
0.0000000000000000E+00
0.0000000000000000E+00
0.0000000000000000E+00
0.0000000000000000E+00
0.0000000000000000E+00
0.0000000000000000E+00
0.0000000000000000E+00
0.0000000000000000E+00
0.0000000000000000E+00
0.0000000000000000E+00
0.0000000000000000E+00
0.0000000000000000E+00
0.0000000000000000E+00
-1.4999999999999814E-02
-1.4999999999999836E-02
-1.4999999999999791E-02
-1.4999999999999823E-02
-1.4999999999999774E-02
-1.4999999999999821E-02
-1.4999999999999847E-02
-1.4999999999999904E-02
-1.4999999999999831E-02
-1.4999999999999776E-02
-1.4999999999999890E-02
-1.4999999999999880E-02
-1.4999999999999866E-02
-1.4999999999999755E-02
-1.4999999999999725E-02
-1.4999999999999784E-02
-1.5000000000000140E-02
-2.9999999999999648E-02
-2.9999999999999648E-02
-2.9999999999999638E-02
-2.9999999999999631E-02
-2.9999999999999614E-02
-2.9999999999999589E-02
-2.9999999999999638E-02
-2.9999999999999805E-02
-2.9999999999999701E-02
-2.9999999999999829E-02
-2.9999999999999895E-02
-2.9999999999999652E-02
-2.9999999999999572E-02
-2.9999999999999551E-02
-2.9999999999999454E-02
-2.9999999999999701E-02
-2.9999999999999968E-02
-4.4999999999999485E-02
-4.4999999999999457E-02
-4.4999999999999499E-02
-4.4999999999999492E-02
-4.4999999999999415E-02
-4.4999999999999450E-02
-4.4999999999999450E-02
-4.4999999999999478E-02
-4.4999999999999804E-02
-4.4999999999999908E-02
-4.4999999999999700E-02
-4.4999999999999603E-02
-4.4999999999999471E-02
-4.4999999999999270E-02
-4.4999999999999443E-02
-4.4999999999999464E-02
-4.4999999999999665E-02
-5.9999999999999276E-02
-5.9999999999999290E-02
-5.9999999999999346E-02
-5.9999999999999332E-02
-5.9999999999999304E-02
-5.9999999999999304E-02
-5.9999999999999304E-02
-5.9999999999999387E-02
-5.9999999999999595E-02
-5.9999999999999644E-02
-5.9999999999999581E-02
-5.9999999999999505E-02
-5.9999999999999255E-02
-5.9999999999999172E-02
-5.9999999999999228E-02
-5.9999999999999346E-02
-5.9999999999999429E-02
-7.4999999999999123E-02
-7.4999999999999123E-02
-7.4999999999999165E-02
-7.4999999999999165E-02
-7.4999999999999137E-02
-7.4999999999999234E-02
-7.4999999999999248E-02
-7.4999999999999248E-02
-7.4999999999999234E-02
-7.4999999999999484E-02
-7.4999999999999414E-02
-7.4999999999999428E-02
-7.4999999999999192E-02
-7.4999999999998943E-02
-7.4999999999998929E-02
-7.4999999999999040E-02
-7.4999999999999442E-02
-8.9999999999998845E-02
-8.9999999999998900E-02
-8.9999999999999011E-02
-8.9999999999998914E-02
-8.9999999999998942E-02
-8.9999999999999108E-02
-8.9999999999999081E-02
-8.9999999999999247E-02
-8.9999999999999275E-02
-8.9999999999999247E-02
-8.9999999999999372E-02
-8.9999999999999386E-02
-8.9999999999999247E-02
-8.9999999999998984E-02
-8.9999999999998831E-02
-8.9999999999999011E-02
-8.9999999999999233E-02
-1.0499999999999876E-01
-1.0499999999999873E-01
-1.0499999999999872E-01
-1.0499999999999868E-01
-1.0499999999999879E-01
-1.0499999999999893E-01
-1.0499999999999884E-01
-1.0499999999999916E-01
-1.0499999999999882E-01
-1.0499999999999916E-01
-1.0499999999999923E-01
-1.0499999999999923E-01
-1.0499999999999933E-01
-1.0499999999999923E-01
-1.0499999999999887E-01
-1.0499999999999904E-01
-1.0499999999999882E-01
-1.1999999999999862E-01
-1.1999999999999857E-01
-1.1999999999999837E-01
-1.1999999999999848E-01
-1.1999999999999855E-01
-1.1999999999999870E-01
-1.1999999999999883E-01
-1.1999999999999895E-01
-1.1999999999999882E-01
-1.1999999999999902E-01
-1.1999999999999923E-01
-1.1999999999999927E-01
-1.1999999999999920E-01
-1.1999999999999907E-01
-1.1999999999999897E-01
-1.1999999999999875E-01
-1.1999999999999859E-01
-1.3499999999999851E-01
-1.3499999999999832E-01
-1.3499999999999840E-01
-1.3499999999999843E-01
-1.3499999999999848E-01
-1.3499999999999843E-01
-1.3499999999999865E-01
-1.3499999999999876E-01
-1.3499999999999887E-01
-1.3499999999999887E-01
-1.3499999999999918E-01
-1.3499999999999943E-01
-1.3499999999999915E-01
-1.3499999999999901E-01
-1.3499999999999882E-01
-1.3499999999999854E-01
-1.3499999999999857E-01
-1.4999999999999827E-01
-1.4999999999999816E-01
-1.4999999999999816E-01
-1.4999999999999827E-01
-1.4999999999999847E-01
-1.4999999999999841E-01
-1.4999999999999852E-01
-1.4999999999999858E-01
-1.4999999999999858E-01
-1.4999999999999908E-01
-1.4999999999999919E-01
-1.4999999999999927E-01
-1.4999999999999894E-01
-1.4999999999999888E-01
-1.4999999999999855E-01
-1.4999999999999872E-01
-1.4999999999999880E-01
-1.6499999999999806E-01
-1.6499999999999806E-01
-1.6499999999999809E-01
-1.6499999999999815E-01
-1.6499999999999834E-01
-1.6499999999999834E-01
-1.6499999999999831E-01
-1.6499999999999826E-01
-1.6499999999999870E-01
-1.6499999999999906E-01
-1.6499999999999909E-01
-1.6499999999999904E-01
-1.6499999999999893E-01
-1.6499999999999868E-01
-1.6499999999999870E-01
-1.6499999999999859E-01
-1.6499999999999876E-01
-1.7999999999999788E-01
-1.7999999999999791E-01
-1.7999999999999791E-01
-1.7999999999999783E-01
-1.7999999999999830E-01
-1.7999999999999819E-01
-1.7999999999999808E-01
-1.7999999999999819E-01
-1.7999999999999841E-01
-1.7999999999999874E-01
-1.7999999999999902E-01
-1.7999999999999883E-01
-1.7999999999999874E-01
-1.7999999999999877E-01
-1.7999999999999897E-01
-1.7999999999999861E-01
-1.7999999999999891E-01
0.0000000000000000E+00
0.0000000000000000E+00
0.0000000000000000E+00
0.0000000000000000E+00
0.0000000000000000E+00
0.0000000000000000E+00
0.0000000000000000E+00
0.0000000000000000E+00
0.0000000000000000E+00
0.0000000000000000E+00
0.0000000000000000E+00
0.0000000000000000E+00
0.0000000000000000E+00
0.0000000000000000E+00
0.0000000000000000E+00
0.0000000000000000E+00
0.0000000000000000E+00
-1.4999999999999883E-02
-1.4999999999999765E-02
-1.4999999999999864E-02
-1.4999999999999816E-02
-1.4999999999999802E-02
-1.4999999999999795E-02
-1.4999999999999833E-02
-1.4999999999999885E-02
-1.4999999999999795E-02
-1.4999999999999696E-02
-1.4999999999999772E-02
-1.4999999999999918E-02
-1.4999999999999802E-02
-1.4999999999999692E-02
-1.4999999999999538E-02
-1.4999999999999705E-02
-1.5000000000000062E-02
-2.9999999999999687E-02
-2.9999999999999673E-02
-2.9999999999999676E-02
-2.9999999999999624E-02
-2.9999999999999669E-02
-2.9999999999999642E-02
-2.9999999999999603E-02
-2.9999999999999489E-02
-2.9999999999999943E-02
-2.9999999999999964E-02
-2.9999999999999489E-02
-2.9999999999999988E-02
-2.9999999999999687E-02
-2.9999999999999374E-02
-2.9999999999999184E-02
-2.9999999999999267E-02
-3.0000000000000672E-02
-4.4999999999999492E-02
-4.4999999999999499E-02
-4.4999999999999457E-02
-4.4999999999999471E-02
-4.4999999999999464E-02
-4.4999999999999395E-02
-4.4999999999999374E-02
-4.4999999999999520E-02
-4.4999999999999693E-02
-4.4999999999999783E-02
-4.4999999999999686E-02
-4.4999999999999742E-02
-4.4999999999999138E-02
-4.4999999999999117E-02
-4.4999999999999152E-02
-4.4999999999999762E-02
-4.5000000000000137E-02
-5.9999999999999262E-02
-5.9999999999999262E-02
-5.9999999999999290E-02
-5.9999999999999415E-02
-5.9999999999999241E-02
-5.9999999999999297E-02
-5.9999999999999387E-02
-5.9999999999999429E-02
-5.9999999999999588E-02
-5.9999999999999672E-02
-5.9999999999999575E-02
-5.9999999999999477E-02
-5.9999999999999207E-02
-5.9999999999999165E-02
-5.9999999999998999E-02
-5.9999999999999422E-02
-5.9999999999999415E-02
-7.4999999999998998E-02
-7.4999999999999067E-02
-7.4999999999999123E-02
-7.4999999999999178E-02
-7.4999999999999067E-02
-7.4999999999999123E-02
-7.4999999999999151E-02
-7.4999999999999400E-02
-7.4999999999999400E-02
-7.4999999999999178E-02
-7.4999999999999470E-02
-7.4999999999999248E-02
-7.4999999999999276E-02
-7.4999999999998804E-02
-7.4999999999998929E-02
-7.4999999999998707E-02
-7.4999999999999553E-02
-8.9999999999999039E-02
-8.9999999999998789E-02
-8.9999999999998900E-02
-8.9999999999998859E-02
-8.9999999999998942E-02
-8.9999999999999095E-02
-8.9999999999999081E-02
-8.9999999999999025E-02
-8.9999999999999178E-02
-8.9999999999998997E-02
-8.9999999999999442E-02
-8.9999999999999220E-02
-8.9999999999999553E-02
-8.9999999999998900E-02
-8.9999999999998859E-02
-8.9999999999998637E-02
-8.9999999999999677E-02
-1.0499999999999865E-01
-1.0499999999999858E-01
-1.0499999999999871E-01
-1.0499999999999871E-01
-1.0499999999999853E-01
-1.0499999999999876E-01
-1.0499999999999889E-01
-1.0499999999999889E-01
-1.0499999999999915E-01
-1.0499999999999898E-01
-1.0499999999999940E-01
-1.0499999999999923E-01
-1.0499999999999945E-01
-1.0499999999999951E-01
-1.0499999999999864E-01
-1.0499999999999896E-01
-1.0499999999999866E-01
-1.1999999999999850E-01
-1.1999999999999833E-01
-1.1999999999999862E-01
-1.1999999999999844E-01
-1.1999999999999854E-01
-1.1999999999999868E-01
-1.1999999999999866E-01
-1.1999999999999882E-01
-1.1999999999999890E-01
-1.1999999999999904E-01
-1.1999999999999890E-01
-1.1999999999999950E-01
-1.1999999999999922E-01
-1.1999999999999948E-01
-1.1999999999999912E-01
-1.1999999999999841E-01
-1.1999999999999801E-01
-1.3499999999999801E-01
-1.3499999999999840E-01
-1.3499999999999832E-01
-1.3499999999999829E-01
-1.3499999999999832E-01
-1.3499999999999879E-01
-1.3499999999999870E-01
-1.3499999999999876E-01
-1.3499999999999865E-01
-1.3499999999999898E-01
-1.3499999999999943E-01
-1.3499999999999948E-01
-1.3499999999999890E-01
-1.3499999999999901E-01
-1.3499999999999909E-01
-1.3499999999999823E-01
-1.3499999999999845E-01
-1.4999999999999797E-01
-1.4999999999999805E-01
-1.4999999999999811E-01
-1.4999999999999836E-01
-1.4999999999999813E-01
-1.4999999999999850E-01
-1.4999999999999838E-01
-1.4999999999999836E-01
-1.4999999999999855E-01
-1.4999999999999905E-01
-1.4999999999999952E-01
-1.4999999999999916E-01
-1.4999999999999916E-01
-1.4999999999999869E-01
-1.4999999999999850E-01
-1.4999999999999811E-01
-1.4999999999999852E-01
-1.6499999999999818E-01
-1.6499999999999776E-01
-1.6499999999999776E-01
-1.6499999999999801E-01
-1.6499999999999812E-01
-1.6499999999999818E-01
-1.6499999999999843E-01
-1.6499999999999834E-01
-1.6499999999999823E-01
-1.6499999999999898E-01
-1.6499999999999945E-01
-1.6499999999999909E-01
-1.6499999999999862E-01
-1.6499999999999895E-01
-1.6499999999999845E-01
-1.6499999999999881E-01
-1.6499999999999840E-01
-1.7999999999999777E-01
-1.7999999999999750E-01
-1.7999999999999766E-01
-1.7999999999999802E-01
-1.7999999999999805E-01
-1.7999999999999819E-01
-1.7999999999999852E-01
-1.7999999999999805E-01
-1.7999999999999838E-01
-1.7999999999999863E-01
-1.7999999999999966E-01
-1.7999999999999869E-01
-1.7999999999999830E-01
-1.7999999999999924E-01
-1.7999999999999869E-01
-1.7999999999999927E-01
-1.7999999999999802E-01
0.0000000000000000E+00
0.0000000000000000E+00
0.0000000000000000E+00
0.0000000000000000E+00
0.0000000000000000E+00
0.0000000000000000E+00
0.0000000000000000E+00
0.0000000000000000E+00
0.0000000000000000E+00
0.0000000000000000E+00
0.0000000000000000E+00
0.0000000000000000E+00
0.0000000000000000E+00
0.0000000000000000E+00
0.0000000000000000E+00
0.0000000000000000E+00
0.0000000000000000E+00
-1.4999999999999798E-02
-1.4999999999999857E-02
-1.4999999999999852E-02
-1.4999999999999847E-02
-1.4999999999999824E-02
-1.4999999999999772E-02
-1.4999999999999809E-02
-1.4999999999999809E-02
-1.4999999999999942E-02
-1.4999999999999932E-02
-1.4999999999999862E-02
-1.4999999999999765E-02
-1.4999999999999753E-02
-1.4999999999999793E-02
-1.4999999999999814E-02
-1.4999999999999831E-02
-1.4999999999999659E-02
-2.9999999999999662E-02
-2.9999999999999687E-02
-2.9999999999999669E-02
-2.9999999999999648E-02
-2.9999999999999655E-02
-2.9999999999999648E-02
-2.9999999999999617E-02
-2.9999999999999669E-02
-2.9999999999999749E-02
-2.9999999999999784E-02
-2.9999999999999829E-02
-2.9999999999999638E-02
-2.9999999999999572E-02
-2.9999999999999468E-02
-2.9999999999999329E-02
-2.9999999999999617E-02
-2.9999999999999843E-02
-4.4999999999999533E-02
-4.4999999999999471E-02
-4.4999999999999520E-02
-4.4999999999999464E-02
-4.4999999999999471E-02
-4.4999999999999471E-02
-4.4999999999999499E-02
-4.4999999999999436E-02
-4.4999999999999693E-02
-4.4999999999999728E-02
-4.4999999999999825E-02
-4.4999999999999547E-02
-4.4999999999999436E-02
-4.4999999999999186E-02
-4.4999999999998881E-02
-4.4999999999999193E-02
-4.4999999999999839E-02
-5.9999999999999297E-02
-5.9999999999999235E-02
-5.9999999999999311E-02
-5.9999999999999276E-02
-5.9999999999999255E-02
-5.9999999999999304E-02
-5.9999999999999387E-02
-5.9999999999999415E-02
-5.9999999999999561E-02
-5.9999999999999457E-02
-5.9999999999999588E-02
-5.9999999999999346E-02
-5.9999999999999311E-02
-5.9999999999998971E-02
-5.9999999999998999E-02
-5.9999999999999040E-02
-5.9999999999999304E-02
-7.4999999999999067E-02
-7.4999999999999054E-02
-7.4999999999999054E-02
-7.4999999999999054E-02
-7.4999999999999109E-02
-7.4999999999999248E-02
-7.4999999999999331E-02
-7.4999999999999234E-02
-7.4999999999999303E-02
-7.4999999999999331E-02
-7.4999999999999317E-02
-7.4999999999999178E-02
-7.4999999999999276E-02
-7.4999999999999081E-02
-7.4999999999998693E-02
-7.4999999999998873E-02
-7.4999999999999303E-02
-8.9999999999998817E-02
-8.9999999999998803E-02
-8.9999999999998817E-02
-8.9999999999998734E-02
-8.9999999999998997E-02
-8.9999999999999039E-02
-8.9999999999999136E-02
-8.9999999999999011E-02
-8.9999999999999122E-02
-8.9999999999999261E-02
-8.9999999999999220E-02
-8.9999999999999025E-02
-8.9999999999999178E-02
-8.9999999999998997E-02
-8.9999999999998664E-02
-8.9999999999998817E-02
-8.9999999999998789E-02
-1.0499999999999853E-01
-1.0499999999999855E-01
-1.0499999999999854E-01
-1.0499999999999872E-01
-1.0499999999999879E-01
-1.0499999999999883E-01
-1.0499999999999889E-01
-1.0499999999999889E-01
-1.0499999999999890E-01
-1.0499999999999905E-01
-1.0499999999999911E-01
-1.0499999999999911E-01
-1.0499999999999911E-01
-1.0499999999999905E-01
-1.0499999999999902E-01
-1.0499999999999866E-01
-1.0499999999999848E-01
-1.1999999999999826E-01
-1.1999999999999829E-01
-1.1999999999999839E-01
-1.1999999999999850E-01
-1.1999999999999850E-01
-1.1999999999999855E-01
-1.1999999999999868E-01
-1.1999999999999868E-01
-1.1999999999999876E-01
-1.1999999999999883E-01
-1.1999999999999911E-01
-1.1999999999999905E-01
-1.1999999999999902E-01
-1.1999999999999918E-01
-1.1999999999999868E-01
-1.1999999999999844E-01
-1.1999999999999862E-01
-1.3499999999999823E-01
-1.3499999999999807E-01
-1.3499999999999823E-01
-1.3499999999999829E-01
-1.3499999999999843E-01
-1.3499999999999832E-01
-1.3499999999999865E-01
-1.3499999999999834E-01
-1.3499999999999873E-01
-1.3499999999999879E-01
-1.3499999999999901E-01
-1.3499999999999904E-01
-1.3499999999999907E-01
-1.3499999999999909E-01
-1.3499999999999857E-01
-1.3499999999999832E-01
-1.3499999999999848E-01
-1.4999999999999797E-01
-1.4999999999999797E-01
-1.4999999999999808E-01
-1.4999999999999811E-01
-1.4999999999999802E-01
-1.4999999999999816E-01
-1.4999999999999847E-01
-1.4999999999999833E-01
-1.4999999999999852E-01
-1.4999999999999877E-01
-1.4999999999999900E-01
-1.4999999999999894E-01
-1.4999999999999891E-01
-1.4999999999999869E-01
-1.4999999999999838E-01
-1.4999999999999836E-01
-1.4999999999999825E-01
-1.6499999999999784E-01
-1.6499999999999793E-01
-1.6499999999999776E-01
-1.6499999999999795E-01
-1.6499999999999809E-01
-1.6499999999999815E-01
-1.6499999999999823E-01
-1.6499999999999815E-01
-1.6499999999999851E-01
-1.6499999999999876E-01
-1.6499999999999890E-01
-1.6499999999999895E-01
-1.6499999999999887E-01
-1.6499999999999851E-01
-1.6499999999999845E-01
-1.6499999999999826E-01
-1.6499999999999818E-01
-1.7999999999999761E-01
-1.7999999999999780E-01
-1.7999999999999752E-01
-1.7999999999999763E-01
-1.7999999999999788E-01
-1.7999999999999799E-01
-1.7999999999999797E-01
-1.7999999999999808E-01
-1.7999999999999836E-01
-1.7999999999999877E-01
-1.7999999999999852E-01
-1.7999999999999858E-01
-1.7999999999999844E-01
-1.7999999999999838E-01
-1.7999999999999858E-01
-1.7999999999999866E-01
-1.7999999999999802E-01
0.0000000000000000E+00
0.0000000000000000E+00
0.0000000000000000E+00
0.0000000000000000E+00
0.0000000000000000E+00
0.0000000000000000E+00
0.0000000000000000E+00
0.0000000000000000E+00
0.0000000000000000E+00
0.0000000000000000E+00
0.0000000000000000E+00
0.0000000000000000E+00
0.0000000000000000E+00
0.0000000000000000E+00
0.0000000000000000E+00
0.0000000000000000E+00
0.0000000000000000E+00
-1.4999999999999859E-02
-1.4999999999999836E-02
-1.4999999999999810E-02
-1.4999999999999803E-02
-1.4999999999999824E-02
-1.4999999999999828E-02
-1.4999999999999810E-02
-1.4999999999999786E-02
-1.4999999999999953E-02
-1.4999999999999953E-02
-1.4999999999999838E-02
-1.4999999999999835E-02
-1.4999999999999866E-02
-1.4999999999999793E-02
-1.4999999999999765E-02
-1.4999999999999817E-02
-1.4999999999999687E-02
-2.9999999999999645E-02
-2.9999999999999676E-02
-2.9999999999999645E-02
-2.9999999999999624E-02
-2.9999999999999666E-02
-2.9999999999999614E-02
-2.9999999999999565E-02
-2.9999999999999694E-02
-2.9999999999999784E-02
-2.9999999999999923E-02
-2.9999999999999701E-02
-2.9999999999999617E-02
-2.9999999999999617E-02
-2.9999999999999503E-02
-2.9999999999999447E-02
-2.9999999999999714E-02
-2.9999999999999326E-02
-4.4999999999999485E-02
-4.4999999999999485E-02
-4.4999999999999540E-02
-4.4999999999999381E-02
-4.4999999999999520E-02
-4.4999999999999506E-02
-4.4999999999999520E-02
-4.4999999999999610E-02
-4.4999999999999644E-02
-4.4999999999999638E-02
-4.4999999999999686E-02
-4.4999999999999506E-02
-4.4999999999999284E-02
-4.4999999999999367E-02
-4.4999999999999256E-02
-4.4999999999999270E-02
-4.4999999999999381E-02
-5.9999999999999297E-02
-5.9999999999999262E-02
-5.9999999999999297E-02
-5.9999999999999269E-02
-5.9999999999999248E-02
-5.9999999999999373E-02
-5.9999999999999387E-02
-5.9999999999999415E-02
-5.9999999999999540E-02
-5.9999999999999450E-02
-5.9999999999999394E-02
-5.9999999999999401E-02
-5.9999999999999373E-02
-5.9999999999999193E-02
-5.9999999999998964E-02
-5.9999999999998943E-02
-5.9999999999999304E-02
-7.4999999999998998E-02
-7.4999999999999054E-02
-7.4999999999999040E-02
-7.4999999999999095E-02
-7.4999999999999054E-02
-7.4999999999999192E-02
-7.4999999999999248E-02
-7.4999999999999428E-02
-7.4999999999999165E-02
-7.4999999999999345E-02
-7.4999999999999359E-02
-7.4999999999999345E-02
-7.4999999999999345E-02
-7.4999999999999081E-02
-7.4999999999998929E-02
-7.4999999999998790E-02
-7.4999999999998943E-02
-8.9999999999998845E-02
-8.9999999999998831E-02
-8.9999999999998817E-02
-8.9999999999998900E-02
-8.9999999999998956E-02
-8.9999999999998900E-02
-8.9999999999998997E-02
-8.9999999999999192E-02
-8.9999999999999039E-02
-8.9999999999999095E-02
-8.9999999999999303E-02
-8.9999999999999275E-02
-8.9999999999999164E-02
-8.9999999999999150E-02
-8.9999999999998900E-02
-8.9999999999998817E-02
-8.9999999999998734E-02
-1.0499999999999857E-01
-1.0499999999999853E-01
-1.0499999999999864E-01
-1.0499999999999853E-01
-1.0499999999999877E-01
-1.0499999999999877E-01
-1.0499999999999890E-01
-1.0499999999999894E-01
-1.0499999999999902E-01
-1.0499999999999908E-01
-1.0499999999999912E-01
-1.0499999999999897E-01
-1.0499999999999922E-01
-1.0499999999999889E-01
-1.0499999999999884E-01
-1.0499999999999869E-01
-1.0499999999999823E-01
-1.1999999999999834E-01
-1.1999999999999834E-01
-1.1999999999999832E-01
-1.1999999999999840E-01
-1.1999999999999872E-01
-1.1999999999999864E-01
-1.1999999999999872E-01
-1.1999999999999883E-01
-1.1999999999999898E-01
-1.1999999999999895E-01
-1.1999999999999902E-01
-1.1999999999999902E-01
-1.1999999999999876E-01
-1.1999999999999870E-01
-1.1999999999999858E-01
-1.1999999999999847E-01
-1.1999999999999843E-01
-1.3499999999999812E-01
-1.3499999999999815E-01
-1.3499999999999809E-01
-1.3499999999999829E-01
-1.3499999999999840E-01
-1.3499999999999843E-01
-1.3499999999999862E-01
-1.3499999999999879E-01
-1.3499999999999840E-01
-1.3499999999999893E-01
-1.3499999999999901E-01
-1.3499999999999879E-01
-1.3499999999999890E-01
-1.3499999999999857E-01
-1.3499999999999837E-01
-1.3499999999999815E-01
-1.3499999999999834E-01
-1.4999999999999800E-01
-1.4999999999999800E-01
-1.4999999999999794E-01
-1.4999999999999797E-01
-1.4999999999999805E-01
-1.4999999999999827E-01
-1.4999999999999836E-01
-1.4999999999999852E-01
-1.4999999999999833E-01
-1.4999999999999888E-01
-1.4999999999999880E-01
-1.4999999999999886E-01
-1.4999999999999886E-01
-1.4999999999999863E-01
-1.4999999999999819E-01
-1.4999999999999811E-01
-1.4999999999999813E-01
-1.6499999999999782E-01
-1.6499999999999773E-01
-1.6499999999999773E-01
-1.6499999999999779E-01
-1.6499999999999779E-01
-1.6499999999999806E-01
-1.6499999999999820E-01
-1.6499999999999829E-01
-1.6499999999999848E-01
-1.6499999999999868E-01
-1.6499999999999862E-01
-1.6499999999999831E-01
-1.6499999999999876E-01
-1.6499999999999840E-01
-1.6499999999999815E-01
-1.6499999999999823E-01
-1.6499999999999795E-01
-1.7999999999999761E-01
-1.7999999999999744E-01
-1.7999999999999761E-01
-1.7999999999999761E-01
-1.7999999999999755E-01
-1.7999999999999786E-01
-1.7999999999999827E-01
-1.7999999999999813E-01
-1.7999999999999858E-01
-1.7999999999999841E-01
-1.7999999999999841E-01
-1.7999999999999805E-01
-1.7999999999999847E-01
-1.7999999999999816E-01
-1.7999999999999847E-01
-1.7999999999999813E-01
-1.7999999999999788E-01
0.0000000000000000E+00
0.0000000000000000E+00
0.0000000000000000E+00
0.0000000000000000E+00
0.0000000000000000E+00
0.0000000000000000E+00
0.0000000000000000E+00
0.0000000000000000E+00
0.0000000000000000E+00
0.0000000000000000E+00
0.0000000000000000E+00
0.0000000000000000E+00
0.0000000000000000E+00
0.0000000000000000E+00
0.0000000000000000E+00
0.0000000000000000E+00
0.0000000000000000E+00
-1.4999999999999871E-02
-1.4999999999999843E-02
-1.4999999999999854E-02
-1.4999999999999854E-02
-1.4999999999999840E-02
-1.4999999999999751E-02
-1.4999999999999852E-02
-1.4999999999999986E-02
-1.4999999999999906E-02
-1.4999999999999966E-02
-1.4999999999999928E-02
-1.4999999999999892E-02
-1.4999999999999783E-02
-1.4999999999999869E-02
-1.4999999999999802E-02
-1.4999999999999694E-02
-1.4999999999999670E-02
-2.9999999999999690E-02
-2.9999999999999694E-02
-2.9999999999999680E-02
-2.9999999999999624E-02
-2.9999999999999673E-02
-2.9999999999999648E-02
-2.9999999999999652E-02
-2.9999999999999836E-02
-2.9999999999999839E-02
-2.9999999999999961E-02
-2.9999999999999756E-02
-2.9999999999999749E-02
-2.9999999999999589E-02
-2.9999999999999690E-02
-2.9999999999999534E-02
-2.9999999999999458E-02
-2.9999999999999402E-02
-4.4999999999999471E-02
-4.4999999999999568E-02
-4.4999999999999464E-02
-4.4999999999999464E-02
-4.4999999999999443E-02
-4.4999999999999520E-02
-4.4999999999999617E-02
-4.4999999999999547E-02
-4.4999999999999749E-02
-4.4999999999999825E-02
-4.4999999999999575E-02
-4.4999999999999554E-02
-4.4999999999999492E-02
-4.4999999999999304E-02
-4.4999999999999339E-02
-4.4999999999999374E-02
-4.4999999999999145E-02
-5.9999999999999339E-02
-5.9999999999999290E-02
-5.9999999999999283E-02
-5.9999999999999380E-02
-5.9999999999999262E-02
-5.9999999999999394E-02
-5.9999999999999450E-02
-5.9999999999999477E-02
-5.9999999999999373E-02
-5.9999999999999554E-02
-5.9999999999999359E-02
-5.9999999999999429E-02
-5.9999999999999359E-02
-5.9999999999999269E-02
-5.9999999999999096E-02
-5.9999999999998999E-02
-5.9999999999999193E-02
-7.4999999999999123E-02
-7.4999999999999109E-02
-7.4999999999999040E-02
-7.4999999999999095E-02
-7.4999999999999109E-02
-7.4999999999999192E-02
-7.4999999999999345E-02
-7.4999999999999248E-02
-7.4999999999999220E-02
-7.4999999999999331E-02
-7.4999999999999178E-02
-7.4999999999999359E-02
-7.4999999999999165E-02
-7.4999999999999206E-02
-7.4999999999998998E-02
-7.4999999999998887E-02
-7.4999999999999067E-02
-8.9999999999998803E-02
-8.9999999999998873E-02
-8.9999999999998831E-02
-8.9999999999998900E-02
-8.9999999999998900E-02
-8.9999999999998928E-02
-8.9999999999999122E-02
-8.9999999999999122E-02
-8.9999999999999233E-02
-8.9999999999999358E-02
-8.9999999999999164E-02
-8.9999999999999095E-02
-8.9999999999999067E-02
-8.9999999999998970E-02
-8.9999999999999039E-02
-8.9999999999998886E-02
-8.9999999999998456E-02
-1.0499999999999854E-01
-1.0499999999999858E-01
-1.0499999999999859E-01
-1.0499999999999877E-01
-1.0499999999999869E-01
-1.0499999999999882E-01
-1.0499999999999877E-01
-1.0499999999999901E-01
-1.0499999999999901E-01
-1.0499999999999933E-01
-1.0499999999999914E-01
-1.0499999999999889E-01
-1.0499999999999898E-01
-1.0499999999999875E-01
-1.0499999999999879E-01
-1.0499999999999869E-01
-1.0499999999999825E-01
-1.1999999999999822E-01
-1.1999999999999836E-01
-1.1999999999999825E-01
-1.1999999999999832E-01
-1.1999999999999854E-01
-1.1999999999999872E-01
-1.1999999999999879E-01
-1.1999999999999882E-01
-1.1999999999999920E-01
-1.1999999999999919E-01
-1.1999999999999898E-01
-1.1999999999999886E-01
-1.1999999999999891E-01
-1.1999999999999868E-01
-1.1999999999999834E-01
-1.1999999999999848E-01
-1.1999999999999822E-01
-1.3499999999999809E-01
-1.3499999999999809E-01
-1.3499999999999812E-01
-1.3499999999999804E-01
-1.3499999999999834E-01
-1.3499999999999857E-01
-1.3499999999999887E-01
-1.3499999999999865E-01
-1.3499999999999909E-01
-1.3499999999999893E-01
-1.3499999999999884E-01
-1.3499999999999893E-01
-1.3499999999999873E-01
-1.3499999999999857E-01
-1.3499999999999837E-01
-1.3499999999999809E-01
-1.3499999999999837E-01
-1.4999999999999789E-01
-1.4999999999999797E-01
-1.4999999999999791E-01
-1.4999999999999819E-01
-1.4999999999999813E-01
-1.4999999999999838E-01
-1.4999999999999872E-01
-1.4999999999999872E-01
-1.4999999999999872E-01
-1.4999999999999894E-01
-1.4999999999999902E-01
-1.4999999999999863E-01
-1.4999999999999858E-01
-1.4999999999999827E-01
-1.4999999999999813E-01
-1.4999999999999800E-01
-1.4999999999999816E-01
-1.6499999999999768E-01
-1.6499999999999773E-01
-1.6499999999999782E-01
-1.6499999999999784E-01
-1.6499999999999793E-01
-1.6499999999999823E-01
-1.6499999999999845E-01
-1.6499999999999848E-01
-1.6499999999999884E-01
-1.6499999999999881E-01
-1.6499999999999870E-01
-1.6499999999999873E-01
-1.6499999999999856E-01
-1.6499999999999834E-01
-1.6499999999999795E-01
-1.6499999999999801E-01
-1.6499999999999804E-01
-1.7999999999999744E-01
-1.7999999999999758E-01
-1.7999999999999761E-01
-1.7999999999999766E-01
-1.7999999999999777E-01
-1.7999999999999830E-01
-1.7999999999999802E-01
-1.7999999999999827E-01
-1.7999999999999855E-01
-1.7999999999999849E-01
-1.7999999999999841E-01
-1.7999999999999847E-01
-1.7999999999999844E-01
-1.7999999999999822E-01
-1.7999999999999788E-01
-1.7999999999999844E-01
-1.7999999999999816E-01
0.0000000000000000E+00
0.0000000000000000E+00
0.0000000000000000E+00
0.0000000000000000E+00
0.0000000000000000E+00
0.0000000000000000E+00
0.0000000000000000E+00
0.0000000000000000E+00
0.0000000000000000E+00
0.0000000000000000E+00
0.0000000000000000E+00
0.0000000000000000E+00
0.0000000000000000E+00
0.0000000000000000E+00
0.0000000000000000E+00
0.0000000000000000E+00
0.0000000000000000E+00
-1.4999999999999847E-02
-1.4999999999999826E-02
-1.4999999999999852E-02
-1.4999999999999784E-02
-1.4999999999999843E-02
-1.4999999999999909E-02
-1.4999999999999847E-02
-1.4999999999999930E-02
-1.4999999999999876E-02
-1.4999999999999979E-02
-1.4999999999999951E-02
-1.4999999999999788E-02
-1.4999999999999901E-02
-1.4999999999999764E-02
-1.4999999999999819E-02
-1.4999999999999725E-02
-1.4999999999999491E-02
-2.9999999999999694E-02
-2.9999999999999642E-02
-2.9999999999999638E-02
-2.9999999999999642E-02
-2.9999999999999659E-02
-2.9999999999999770E-02
-2.9999999999999735E-02
-2.9999999999999909E-02
-2.9999999999999815E-02
-2.9999999999999794E-02
-2.9999999999999867E-02
-2.9999999999999777E-02
-2.9999999999999749E-02
-2.9999999999999489E-02
-2.9999999999999617E-02
-2.9999999999999468E-02
-2.9999999999999177E-02
-4.4999999999999492E-02
-4.4999999999999513E-02
-4.4999999999999457E-02
-4.4999999999999513E-02
-4.4999999999999464E-02
-4.4999999999999589E-02
-4.4999999999999672E-02
-4.4999999999999728E-02
-4.4999999999999686E-02
-4.4999999999999582E-02
-4.4999999999999693E-02
-4.4999999999999554E-02
-4.4999999999999513E-02
-4.4999999999999547E-02
-4.4999999999999339E-02
-4.4999999999999193E-02
-4.4999999999999159E-02
-5.9999999999999339E-02
-5.9999999999999304E-02
-5.9999999999999276E-02
-5.9999999999999221E-02
-5.9999999999999359E-02
-5.9999999999999359E-02
-5.9999999999999408E-02
-5.9999999999999380E-02
-5.9999999999999443E-02
-5.9999999999999568E-02
-5.9999999999999526E-02
-5.9999999999999373E-02
-5.9999999999999373E-02
-5.9999999999999408E-02
-5.9999999999999255E-02
-5.9999999999999110E-02
-5.9999999999999082E-02
-7.4999999999998956E-02
-7.4999999999999151E-02
-7.4999999999999067E-02
-7.4999999999999151E-02
-7.4999999999998984E-02
-7.4999999999999151E-02
-7.4999999999999248E-02
-7.4999999999999220E-02
-7.4999999999999137E-02
-7.4999999999999484E-02
-7.4999999999999331E-02
-7.4999999999999262E-02
-7.4999999999999331E-02
-7.4999999999999234E-02
-7.4999999999998998E-02
-7.4999999999998943E-02
-7.4999999999998859E-02
-8.9999999999998914E-02
-8.9999999999998831E-02
-8.9999999999998859E-02
-8.9999999999998914E-02
-8.9999999999998942E-02
-8.9999999999998900E-02
-8.9999999999998984E-02
-8.9999999999999150E-02
-8.9999999999999095E-02
-8.9999999999999150E-02
-8.9999999999999108E-02
-8.9999999999999317E-02
-8.9999999999999178E-02
-8.9999999999998970E-02
-8.9999999999998873E-02
-8.9999999999998651E-02
-8.9999999999998664E-02
-1.0499999999999859E-01
-1.0499999999999854E-01
-1.0499999999999855E-01
-1.0499999999999862E-01
-1.0499999999999866E-01
-1.0499999999999861E-01
-1.0499999999999883E-01
-1.0499999999999904E-01
-1.0499999999999912E-01
-1.0499999999999923E-01
-1.0499999999999907E-01
-1.0499999999999882E-01
-1.0499999999999900E-01
-1.0499999999999880E-01
-1.0499999999999866E-01
-1.0499999999999873E-01
-1.0499999999999839E-01
-1.1999999999999834E-01
-1.1999999999999829E-01
-1.1999999999999830E-01
-1.1999999999999834E-01
-1.1999999999999852E-01
-1.1999999999999844E-01
-1.1999999999999873E-01
-1.1999999999999893E-01
-1.1999999999999911E-01
-1.1999999999999905E-01
-1.1999999999999895E-01
-1.1999999999999875E-01
-1.1999999999999872E-01
-1.1999999999999855E-01
-1.1999999999999868E-01
-1.1999999999999854E-01
-1.1999999999999812E-01
-1.3499999999999790E-01
-1.3499999999999812E-01
-1.3499999999999812E-01
-1.3499999999999820E-01
-1.3499999999999837E-01
-1.3499999999999832E-01
-1.3499999999999859E-01
-1.3499999999999887E-01
-1.3499999999999920E-01
-1.3499999999999895E-01
-1.3499999999999873E-01
-1.3499999999999868E-01
-1.3499999999999879E-01
-1.3499999999999868E-01
-1.3499999999999834E-01
-1.3499999999999829E-01
-1.3499999999999790E-01
-1.4999999999999791E-01
-1.4999999999999775E-01
-1.4999999999999794E-01
-1.4999999999999794E-01
-1.4999999999999816E-01
-1.4999999999999850E-01
-1.4999999999999844E-01
-1.4999999999999883E-01
-1.4999999999999888E-01
-1.4999999999999886E-01
-1.4999999999999858E-01
-1.4999999999999861E-01
-1.4999999999999866E-01
-1.4999999999999844E-01
-1.4999999999999805E-01
-1.4999999999999791E-01
-1.4999999999999783E-01
-1.6499999999999762E-01
-1.6499999999999762E-01
-1.6499999999999770E-01
-1.6499999999999782E-01
-1.6499999999999815E-01
-1.6499999999999829E-01
-1.6499999999999854E-01
-1.6499999999999859E-01
-1.6499999999999887E-01
-1.6499999999999856E-01
-1.6499999999999843E-01
-1.6499999999999848E-01
-1.6499999999999843E-01
-1.6499999999999818E-01
-1.6499999999999790E-01
-1.6499999999999804E-01
-1.6499999999999820E-01
-1.7999999999999744E-01
-1.7999999999999747E-01
-1.7999999999999758E-01
-1.7999999999999777E-01
-1.7999999999999797E-01
-1.7999999999999805E-01
-1.7999999999999805E-01
-1.7999999999999852E-01
-1.7999999999999849E-01
-1.7999999999999847E-01
-1.7999999999999855E-01
-1.7999999999999830E-01
-1.7999999999999827E-01
-1.7999999999999822E-01
-1.7999999999999802E-01
-1.7999999999999797E-01
-1.7999999999999805E-01
0.0000000000000000E+00
0.0000000000000000E+00
0.0000000000000000E+00
0.0000000000000000E+00
0.0000000000000000E+00
0.0000000000000000E+00
0.0000000000000000E+00
0.0000000000000000E+00
0.0000000000000000E+00
0.0000000000000000E+00
0.0000000000000000E+00
0.0000000000000000E+00
0.0000000000000000E+00
0.0000000000000000E+00
0.0000000000000000E+00
0.0000000000000000E+00
0.0000000000000000E+00
-1.4999999999999819E-02
-1.4999999999999842E-02
-1.4999999999999798E-02
-1.4999999999999784E-02
-1.4999999999999784E-02
-1.4999999999999828E-02
-1.4999999999999970E-02
-1.4999999999999939E-02
-1.4999999999999940E-02
-1.4999999999999913E-02
-1.4999999999999895E-02
-1.4999999999999925E-02
-1.4999999999999788E-02
-1.4999999999999946E-02
-1.4999999999999746E-02
-1.4999999999999647E-02
-1.4999999999999583E-02
-2.9999999999999635E-02
-2.9999999999999648E-02
-2.9999999999999610E-02
-2.9999999999999617E-02
-2.9999999999999655E-02
-2.9999999999999645E-02
-2.9999999999999787E-02
-2.9999999999999881E-02
-2.9999999999999905E-02
-2.9999999999999777E-02
-2.9999999999999874E-02
-2.9999999999999832E-02
-2.9999999999999624E-02
-2.9999999999999732E-02
-2.9999999999999610E-02
-2.9999999999999478E-02
-2.9999999999999263E-02
-4.4999999999999457E-02
-4.4999999999999464E-02
-4.4999999999999457E-02
-4.4999999999999388E-02
-4.4999999999999485E-02
-4.4999999999999478E-02
-4.4999999999999617E-02
-4.4999999999999700E-02
-4.4999999999999776E-02
-4.4999999999999735E-02
-4.4999999999999554E-02
-4.4999999999999617E-02
-4.4999999999999506E-02
-4.4999999999999478E-02
-4.4999999999999492E-02
-4.4999999999999318E-02
-4.4999999999999041E-02
-5.9999999999999186E-02
-5.9999999999999241E-02
-5.9999999999999214E-02
-5.9999999999999207E-02
-5.9999999999999262E-02
-5.9999999999999457E-02
-5.9999999999999463E-02
-5.9999999999999477E-02
-5.9999999999999658E-02
-5.9999999999999686E-02
-5.9999999999999443E-02
-5.9999999999999394E-02
-5.9999999999999297E-02
-5.9999999999999339E-02
-5.9999999999999241E-02
-5.9999999999999082E-02
-5.9999999999998929E-02
-7.4999999999999026E-02
-7.4999999999999040E-02
-7.4999999999999026E-02
-7.4999999999999054E-02
-7.4999999999999026E-02
-7.4999999999999248E-02
-7.4999999999999234E-02
-7.4999999999999303E-02
-7.4999999999999414E-02
-7.4999999999999525E-02
-7.4999999999999442E-02
-7.4999999999999428E-02
-7.4999999999999192E-02
-7.4999999999999178E-02
-7.4999999999998943E-02
-7.4999999999998887E-02
-7.4999999999998873E-02
-8.9999999999998803E-02
-8.9999999999998914E-02
-8.9999999999998803E-02
-8.9999999999998775E-02
-8.9999999999998900E-02
-8.9999999999998956E-02
-8.9999999999999081E-02
-8.9999999999999081E-02
-8.9999999999999247E-02
-8.9999999999999289E-02
-8.9999999999999386E-02
-8.9999999999999247E-02
-8.9999999999999067E-02
-8.9999999999998970E-02
-8.9999999999998706E-02
-8.9999999999998859E-02
-8.9999999999998845E-02
-1.0499999999999850E-01
-1.0499999999999858E-01
-1.0499999999999857E-01
-1.0499999999999858E-01
-1.0499999999999844E-01
-1.0499999999999868E-01
-1.0499999999999876E-01
-1.0499999999999919E-01
-1.0499999999999907E-01
-1.0499999999999923E-01
-1.0499999999999904E-01
-1.0499999999999908E-01
-1.0499999999999880E-01
-1.0499999999999877E-01
-1.0499999999999883E-01
-1.0499999999999880E-01
-1.0499999999999836E-01
-1.1999999999999827E-01
-1.1999999999999832E-01
-1.1999999999999834E-01
-1.1999999999999834E-01
-1.1999999999999829E-01
-1.1999999999999854E-01
-1.1999999999999873E-01
-1.1999999999999911E-01
-1.1999999999999923E-01
-1.1999999999999908E-01
-1.1999999999999891E-01
-1.1999999999999877E-01
-1.1999999999999884E-01
-1.1999999999999869E-01
-1.1999999999999883E-01
-1.1999999999999850E-01
-1.1999999999999793E-01
-1.3499999999999801E-01
-1.3499999999999812E-01
-1.3499999999999818E-01
-1.3499999999999818E-01
-1.3499999999999829E-01
-1.3499999999999854E-01
-1.3499999999999862E-01
-1.3499999999999901E-01
-1.3499999999999931E-01
-1.3499999999999901E-01
-1.3499999999999882E-01
-1.3499999999999882E-01
-1.3499999999999879E-01
-1.3499999999999854E-01
-1.3499999999999826E-01
-1.3499999999999823E-01
-1.3499999999999801E-01
-1.4999999999999783E-01
-1.4999999999999786E-01
-1.4999999999999797E-01
-1.4999999999999805E-01
-1.4999999999999816E-01
-1.4999999999999827E-01
-1.4999999999999863E-01
-1.4999999999999863E-01
-1.4999999999999888E-01
-1.4999999999999891E-01
-1.4999999999999875E-01
-1.4999999999999869E-01
-1.4999999999999852E-01
-1.4999999999999844E-01
-1.4999999999999808E-01
-1.4999999999999813E-01
-1.4999999999999822E-01
-1.6499999999999757E-01
-1.6499999999999773E-01
-1.6499999999999787E-01
-1.6499999999999790E-01
-1.6499999999999782E-01
-1.6499999999999834E-01
-1.6499999999999837E-01
-1.6499999999999856E-01
-1.6499999999999840E-01
-1.6499999999999876E-01
-1.6499999999999868E-01
-1.6499999999999862E-01
-1.6499999999999826E-01
-1.6499999999999826E-01
-1.6499999999999801E-01
-1.6499999999999812E-01
-1.6499999999999829E-01
-1.7999999999999738E-01
-1.7999999999999769E-01
-1.7999999999999763E-01
-1.7999999999999769E-01
-1.7999999999999791E-01
-1.7999999999999808E-01
-1.7999999999999813E-01
-1.7999999999999836E-01
-1.7999999999999833E-01
-1.7999999999999858E-01
-1.7999999999999847E-01
-1.7999999999999855E-01
-1.7999999999999808E-01
-1.7999999999999783E-01
-1.7999999999999780E-01
-1.7999999999999822E-01
-1.7999999999999869E-01
0.0000000000000000E+00
0.0000000000000000E+00
0.0000000000000000E+00
0.0000000000000000E+00
0.0000000000000000E+00
0.0000000000000000E+00
0.0000000000000000E+00
0.0000000000000000E+00
0.0000000000000000E+00
0.0000000000000000E+00
0.0000000000000000E+00
0.0000000000000000E+00
0.0000000000000000E+00
0.0000000000000000E+00
0.0000000000000000E+00
0.0000000000000000E+00
0.0000000000000000E+00
-1.4999999999999790E-02
-1.4999999999999786E-02
-1.4999999999999746E-02
-1.4999999999999770E-02
-1.4999999999999760E-02
-1.4999999999999795E-02
-1.4999999999999852E-02
-1.4999999999999873E-02
-1.4999999999999842E-02
-1.4999999999999921E-02
-1.5000000000000060E-02
-1.4999999999999982E-02
-1.4999999999999946E-02
-1.4999999999999854E-02
-1.4999999999999888E-02
-1.4999999999999751E-02
-1.4999999999999637E-02
-2.9999999999999603E-02
-2.9999999999999579E-02
-2.9999999999999596E-02
-2.9999999999999510E-02
-2.9999999999999565E-02
-2.9999999999999659E-02
-2.9999999999999655E-02
-2.9999999999999784E-02
-2.9999999999999711E-02
-2.9999999999999805E-02
-2.9999999999999836E-02
-2.9999999999999843E-02
-2.9999999999999770E-02
-2.9999999999999569E-02
-2.9999999999999676E-02
-2.9999999999999628E-02
-2.9999999999999336E-02
-4.4999999999999395E-02
-4.4999999999999388E-02
-4.4999999999999318E-02
-4.4999999999999360E-02
-4.4999999999999325E-02
-4.4999999999999478E-02
-4.4999999999999603E-02
-4.4999999999999644E-02
-4.4999999999999596E-02
-4.4999999999999873E-02
-4.4999999999999638E-02
-4.4999999999999651E-02
-4.4999999999999568E-02
-4.4999999999999526E-02
-4.4999999999999381E-02
-4.4999999999999332E-02
-4.4999999999999235E-02
-5.9999999999999200E-02
-5.9999999999999186E-02
-5.9999999999999165E-02
-5.9999999999999144E-02
-5.9999999999999193E-02
-5.9999999999999332E-02
-5.9999999999999373E-02
-5.9999999999999470E-02
-5.9999999999999616E-02
-5.9999999999999692E-02
-5.9999999999999713E-02
-5.9999999999999588E-02
-5.9999999999999346E-02
-5.9999999999999332E-02
-5.9999999999999151E-02
-5.9999999999999026E-02
-5.9999999999999054E-02
-7.4999999999998943E-02
-7.4999999999998984E-02
-7.4999999999999054E-02
-7.4999999999998929E-02
-7.4999999999999165E-02
-7.4999999999999220E-02
-7.4999999999999165E-02
-7.4999999999999220E-02
-7.4999999999999484E-02
-7.4999999999999498E-02
-7.4999999999999706E-02
-7.4999999999999414E-02
-7.4999999999999178E-02
-7.4999999999999123E-02
-7.4999999999998859E-02
-7.4999999999998901E-02
-7.4999999999999067E-02
-8.9999999999998734E-02
-8.9999999999998803E-02
-8.9999999999998803E-02
-8.9999999999998692E-02
-8.9999999999998762E-02
-8.9999999999999067E-02
-8.9999999999999025E-02
-8.9999999999999206E-02
-8.9999999999999178E-02
-8.9999999999999428E-02
-8.9999999999999233E-02
-8.9999999999999317E-02
-8.9999999999999108E-02
-8.9999999999999136E-02
-8.9999999999998859E-02
-8.9999999999998623E-02
-8.9999999999998720E-02
-1.0499999999999861E-01
-1.0499999999999864E-01
-1.0499999999999853E-01
-1.0499999999999850E-01
-1.0499999999999876E-01
-1.0499999999999877E-01
-1.0499999999999898E-01
-1.0499999999999905E-01
-1.0499999999999945E-01
-1.0499999999999933E-01
-1.0499999999999926E-01
-1.0499999999999907E-01
-1.0499999999999909E-01
-1.0499999999999887E-01
-1.0499999999999891E-01
-1.0499999999999877E-01
-1.0499999999999841E-01
-1.1999999999999832E-01
-1.1999999999999836E-01
-1.1999999999999841E-01
-1.1999999999999829E-01
-1.1999999999999848E-01
-1.1999999999999857E-01
-1.1999999999999883E-01
-1.1999999999999908E-01
-1.1999999999999968E-01
-1.1999999999999905E-01
-1.1999999999999904E-01
-1.1999999999999897E-01
-1.1999999999999886E-01
-1.1999999999999886E-01
-1.1999999999999883E-01
-1.1999999999999851E-01
-1.1999999999999837E-01
-1.3499999999999804E-01
-1.3499999999999795E-01
-1.3499999999999809E-01
-1.3499999999999820E-01
-1.3499999999999832E-01
-1.3499999999999843E-01
-1.3499999999999857E-01
-1.3499999999999890E-01
-1.3499999999999923E-01
-1.3499999999999893E-01
-1.3499999999999884E-01
-1.3499999999999887E-01
-1.3499999999999887E-01
-1.3499999999999862E-01
-1.3499999999999859E-01
-1.3499999999999845E-01
-1.3499999999999804E-01
-1.4999999999999780E-01
-1.4999999999999777E-01
-1.4999999999999791E-01
-1.4999999999999800E-01
-1.4999999999999811E-01
-1.4999999999999836E-01
-1.4999999999999847E-01
-1.4999999999999891E-01
-1.4999999999999894E-01
-1.4999999999999883E-01
-1.4999999999999883E-01
-1.4999999999999872E-01
-1.4999999999999847E-01
-1.4999999999999855E-01
-1.4999999999999819E-01
-1.4999999999999844E-01
-1.4999999999999800E-01
-1.6499999999999765E-01
-1.6499999999999762E-01
-1.6499999999999776E-01
-1.6499999999999787E-01
-1.6499999999999818E-01
-1.6499999999999809E-01
-1.6499999999999840E-01
-1.6499999999999859E-01
-1.6499999999999895E-01
-1.6499999999999868E-01
-1.6499999999999865E-01
-1.6499999999999859E-01
-1.6499999999999804E-01
-1.6499999999999834E-01
-1.6499999999999818E-01
-1.6499999999999820E-01
-1.6499999999999848E-01
-1.7999999999999747E-01
-1.7999999999999744E-01
-1.7999999999999758E-01
-1.7999999999999788E-01
-1.7999999999999791E-01
-1.7999999999999797E-01
-1.7999999999999827E-01
-1.7999999999999841E-01
-1.7999999999999863E-01
-1.7999999999999863E-01
-1.7999999999999841E-01
-1.7999999999999852E-01
-1.7999999999999786E-01
-1.7999999999999819E-01
-1.7999999999999824E-01
-1.7999999999999816E-01
-1.7999999999999874E-01
