0.0000000000000000E+00
0.0000000000000000E+00
0.0000000000000000E+00
0.0000000000000000E+00
0.0000000000000000E+00
0.0000000000000000E+00
0.0000000000000000E+00
0.0000000000000000E+00
0.0000000000000000E+00
0.0000000000000000E+00
0.0000000000000000E+00
0.0000000000000000E+00
0.0000000000000000E+00
0.0000000000000000E+00
0.0000000000000000E+00
0.0000000000000000E+00
0.0000000000000000E+00
-1.5000000000000224E-01
-1.5000000000000221E-01
-1.5000000000000235E-01
-1.5000000000000221E-01
-1.5000000000000194E-01
-1.5000000000000205E-01
-1.5000000000000233E-01
-1.5000000000000213E-01
-1.5000000000000130E-01
-1.5000000000000097E-01
-1.5000000000000055E-01
-1.5000000000000022E-01
-1.5000000000000088E-01
-1.5000000000000099E-01
-1.5000000000000202E-01
-1.5000000000000280E-01
-1.5000000000000313E-01
-3.0000000000000443E-01
-3.0000000000000465E-01
-3.0000000000000460E-01
-3.0000000000000449E-01
-3.0000000000000393E-01
-3.0000000000000393E-01
-3.0000000000000449E-01
-3.0000000000000437E-01
-3.0000000000000326E-01
-3.0000000000000210E-01
-3.0000000000000110E-01
-3.0000000000000077E-01
-3.0000000000000177E-01
-3.0000000000000321E-01
-3.0000000000000404E-01
-3.0000000000000460E-01
-3.0000000000000787E-01
-4.5000000000000706E-01
-4.5000000000000701E-01
-4.5000000000000695E-01
-4.5000000000000634E-01
-4.5000000000000595E-01
-4.5000000000000584E-01
-4.5000000000000628E-01
-4.5000000000000645E-01
-4.5000000000000512E-01
-4.5000000000000340E-01
-4.5000000000000240E-01
-4.5000000000000229E-01
-4.5000000000000423E-01
-4.5000000000000584E-01
-4.5000000000000623E-01
-4.5000000000000623E-01
-4.5000000000000889E-01
-6.0000000000000941E-01
-6.0000000000000930E-01
-6.0000000000000897E-01
-6.0000000000000864E-01
-6.0000000000000753E-01
-6.0000000000000786E-01
-6.0000000000000764E-01
-6.0000000000000775E-01
-6.0000000000000742E-01
-6.0000000000000608E-01
-6.0000000000000531E-01
-6.0000000000000442E-01
-6.0000000000000686E-01
-6.0000000000000786E-01
-6.0000000000000708E-01
-6.0000000000000675E-01
-6.0000000000000797E-01
-7.5000000000001166E-01
-7.5000000000001166E-01
-7.5000000000001132E-01
-7.5000000000001121E-01
-7.5000000000000966E-01
-7.5000000000000921E-01
-7.5000000000000910E-01
-7.5000000000000955E-01
-7.5000000000000944E-01
-7.5000000000000888E-01
-7.5000000000000788E-01
-7.5000000000000755E-01
-7.5000000000000888E-01
-7.5000000000000810E-01
-7.5000000000000755E-01
-7.5000000000000810E-01
-7.5000000000000999E-01
-9.0000000000001401E-01
-9.0000000000001401E-01
-9.0000000000001390E-01
-9.0000000000001390E-01
-9.0000000000001201E-01
-9.0000000000001068E-01
-9.0000000000001057E-01
-9.0000000000001090E-01
-9.0000000000001190E-01
-9.0000000000001079E-01
-9.0000000000000990E-01
-9.0000000000000990E-01
-9.0000000000001001E-01
-9.0000000000000857E-01
-9.0000000000000946E-01
-9.0000000000000979E-01
-9.0000000000001368E-01
-1.0500000000000167E+00
-1.0500000000000167E+00
-1.0500000000000169E+00
-1.0500000000000160E+00
-1.0500000000000143E+00
-1.0500000000000127E+00
-1.0500000000000129E+00
-1.0500000000000127E+00
-1.0500000000000138E+00
-1.0500000000000127E+00
-1.0500000000000127E+00
-1.0500000000000114E+00
-1.0500000000000114E+00
-1.0500000000000100E+00
-1.0500000000000114E+00
-1.0500000000000116E+00
-1.0500000000000171E+00
-1.2000000000000206E+00
-1.2000000000000197E+00
-1.2000000000000197E+00
-1.2000000000000188E+00
-1.2000000000000168E+00
-1.2000000000000155E+00
-1.2000000000000148E+00
-1.2000000000000142E+00
-1.2000000000000153E+00
-1.2000000000000146E+00
-1.2000000000000144E+00
-1.2000000000000128E+00
-1.2000000000000117E+00
-1.2000000000000135E+00
-1.2000000000000139E+00
-1.2000000000000137E+00
-1.2000000000000157E+00
-1.3500000000000238E+00
-1.3500000000000230E+00
-1.3500000000000227E+00
-1.3500000000000218E+00
-1.3500000000000199E+00
-1.3500000000000176E+00
-1.3500000000000172E+00
-1.3500000000000163E+00
-1.3500000000000163E+00
-1.3500000000000150E+00
-1.3500000000000167E+00
-1.3500000000000156E+00
-1.3500000000000156E+00
-1.3500000000000161E+00
-1.3500000000000159E+00
-1.3500000000000139E+00
-1.3500000000000130E+00
-1.5000000000000271E+00
-1.5000000000000260E+00
-1.5000000000000260E+00
-1.5000000000000249E+00
-1.5000000000000222E+00
-1.5000000000000198E+00
-1.5000000000000187E+00
-1.5000000000000178E+00
-1.5000000000000180E+00
-1.5000000000000162E+00
-1.5000000000000184E+00
-1.5000000000000195E+00
-1.5000000000000178E+00
-1.5000000000000180E+00
-1.5000000000000167E+00
-1.5000000000000120E+00
-1.5000000000000082E+00
-1.6500000000000301E+00
-1.6500000000000290E+00
-1.6500000000000286E+00
-1.6500000000000277E+00
-1.6500000000000252E+00
-1.6500000000000226E+00
-1.6500000000000217E+00
-1.6500000000000201E+00
-1.6500000000000192E+00
-1.6500000000000170E+00
-1.6500000000000199E+00
-1.6500000000000212E+00
-1.6500000000000199E+00
-1.6500000000000195E+00
-1.6500000000000175E+00
-1.6500000000000123E+00
-1.6500000000000077E+00
-1.8000000000000318E+00
-1.8000000000000316E+00
-1.8000000000000305E+00
-1.8000000000000302E+00
-1.8000000000000278E+00
-1.8000000000000247E+00
-1.8000000000000238E+00
-1.8000000000000227E+00
-1.8000000000000207E+00
-1.8000000000000191E+00
-1.8000000000000198E+00
-1.8000000000000222E+00
-1.8000000000000207E+00
-1.8000000000000205E+00
-1.8000000000000180E+00
-1.8000000000000131E+00
-1.8000000000000083E+00
