********************************************************************************
Field Output Report, written Tue Jul 04 09:15:00 2017

Source 1
---------

   ODB: D:/Abaqus_working/2D_UNIAX_ELASTIC_elem_20_160x120mm_intp_1_DIRECT.odb
   Step: Load
   Frame: Increment      5: Step Time =    5.000

Loc 1 : Nodal values from source 1

Output sorted by column "Node Label".

Field Output reported at nodes for part: RECTANGULARINSTANCE

    Node Label          U.U1          U.U2
                      @Loc 1        @Loc 1
-------------------------------------------
             1           -0.           -0.
             2            1.           -0.
             3            2.           -0.
             4            3.           -0.
             5            4.           -0.
             6            5.           -0.
             7            6.           -0.
             8            7.           -0.
             9            8.           -0.
            10     5.000E-33    -300.0E-03
            11            1.    -300.0E-03
            12            2.    -300.0E-03
            13            3.    -300.0E-03
            14            4.    -300.0E-03
            15            5.    -300.0E-03
            16            6.    -300.0E-03
            17            7.    -300.0E-03
            18            8.    -300.0E-03
            19     5.000E-33    -600.0E-03
            20            1.    -600.0E-03
            21            2.    -600.0E-03
            22            3.    -600.0E-03
            23            4.    -600.0E-03
            24            5.    -600.0E-03
            25            6.    -600.0E-03
            26            7.    -600.0E-03
            27            8.    -600.0E-03
            28     5.000E-33    -900.0E-03
            29            1.    -900.0E-03
            30            2.    -900.0E-03
            31            3.    -900.0E-03
            32            4.    -900.0E-03
            33            5.    -900.0E-03
            34            6.    -900.0E-03
            35            7.    -900.0E-03
            36            8.    -900.0E-03
            37     5.000E-33        -1.200
            38            1.        -1.200
            39            2.        -1.200
            40            3.        -1.200
            41            4.        -1.200
            42            5.        -1.200
            43            6.        -1.200
            44            7.        -1.200
            45            8.        -1.200
            46     5.000E-33          -1.5
            47            1.          -1.5
            48            2.          -1.5
            49            3.          -1.5
            50            4.          -1.5
            51            5.          -1.5
            52            6.          -1.5
            53            7.          -1.5
            54            8.          -1.5
            55           -0.        -1.800
            56            1.        -1.800
            57            2.        -1.800
            58            3.        -1.800
            59            4.        -1.800
            60            5.        -1.800
            61            6.        -1.800
            62            7.        -1.800
            63            8.        -1.800


  Minimum                -0.        -1.800
       At Node            55            63

  Maximum                 8.           -0.
       At Node            63             9

         Total          252.        -56.70


