********************************************************************************
Field Output Report, written Tue Jul 04 09:14:51 2017

Source 1
---------

   ODB: D:/Abaqus_working/2D_UNIAX_ELASTIC_elem_10_160x120mm_intp_1_DIRECT.odb
   Step: Load
   Frame: Increment      5: Step Time =    5.000

Loc 1 : Nodal values from source 1

Output sorted by column "Node Label".

Field Output reported at nodes for part: RECTANGULARINSTANCE

    Node Label          U.U1          U.U2
                      @Loc 1        @Loc 1
-------------------------------------------
             1           -0.           -0.
             2      500.E-03           -0.
             3            1.            0.
             4           1.5            0.
             5            2.           -0.
             6           2.5            0.
             7            3.            0.
             8           3.5           -0.
             9            4.            0.
            10           4.5            0.
            11            5.            0.
            12           5.5           -0.
            13            6.           -0.
            14           6.5           -0.
            15            7.           -0.
            16           7.5           -0.
            17            8.           -0.
            18     2.500E-33    -150.0E-03
            19      500.E-03    -150.0E-03
            20            1.    -150.0E-03
            21           1.5    -150.0E-03
            22            2.    -150.0E-03
            23           2.5    -150.0E-03
            24            3.    -150.0E-03
            25           3.5    -150.0E-03
            26            4.    -150.0E-03
            27           4.5    -150.0E-03
            28            5.    -150.0E-03
            29           5.5    -150.0E-03
            30            6.    -150.0E-03
            31           6.5    -150.0E-03
            32            7.    -150.0E-03
            33           7.5    -150.0E-03
            34            8.    -150.0E-03
            35     2.500E-33    -300.0E-03
            36      500.E-03    -300.0E-03
            37            1.    -300.0E-03
            38           1.5    -300.0E-03
            39            2.    -300.0E-03
            40           2.5    -300.0E-03
            41            3.    -300.0E-03
            42           3.5    -300.0E-03
            43            4.    -300.0E-03
            44           4.5    -300.0E-03
            45            5.    -300.0E-03
            46           5.5    -300.0E-03
            47            6.    -300.0E-03
            48           6.5    -300.0E-03
            49            7.    -300.0E-03
            50           7.5    -300.0E-03
            51            8.    -300.0E-03
            52     2.500E-33    -450.0E-03
            53      500.E-03    -450.0E-03
            54            1.    -450.0E-03
            55           1.5    -450.0E-03
            56            2.    -450.0E-03
            57           2.5    -450.0E-03
            58            3.    -450.0E-03
            59           3.5    -450.0E-03
            60            4.    -450.0E-03
            61           4.5    -450.0E-03
            62            5.    -450.0E-03
            63           5.5    -450.0E-03
            64            6.    -450.0E-03
            65           6.5    -450.0E-03
            66            7.    -450.0E-03
            67           7.5    -450.0E-03
            68            8.    -450.0E-03
            69     2.500E-33    -600.0E-03
            70      500.E-03    -600.0E-03
            71            1.    -600.0E-03
            72           1.5    -600.0E-03
            73            2.    -600.0E-03
            74           2.5    -600.0E-03
            75            3.    -600.0E-03
            76           3.5    -600.0E-03
            77            4.    -600.0E-03
            78           4.5    -600.0E-03
            79            5.    -600.0E-03
            80           5.5    -600.0E-03
            81            6.    -600.0E-03
            82           6.5    -600.0E-03
            83            7.    -600.0E-03
            84           7.5    -600.0E-03
            85            8.    -600.0E-03
            86     2.500E-33     -750.E-03
            87      500.E-03     -750.E-03
            88            1.     -750.E-03
            89           1.5     -750.E-03
            90            2.     -750.E-03
            91           2.5     -750.E-03
            92            3.     -750.E-03
            93           3.5     -750.E-03
            94            4.     -750.E-03
            95           4.5     -750.E-03
            96            5.     -750.E-03
            97           5.5     -750.E-03
            98            6.     -750.E-03
            99           6.5     -750.E-03
           100            7.     -750.E-03
           101           7.5     -750.E-03
           102            8.     -750.E-03
           103     2.500E-33    -900.0E-03
           104      500.E-03    -900.0E-03
           105            1.    -900.0E-03
           106           1.5    -900.0E-03
           107            2.    -900.0E-03
           108           2.5    -900.0E-03
           109            3.    -900.0E-03
           110           3.5    -900.0E-03
           111            4.    -900.0E-03
           112           4.5    -900.0E-03
           113            5.    -900.0E-03
           114           5.5    -900.0E-03
           115            6.    -900.0E-03
           116           6.5    -900.0E-03
           117            7.    -900.0E-03
           118           7.5    -900.0E-03
           119            8.    -900.0E-03
           120     2.500E-33        -1.050
           121      500.E-03        -1.050
           122            1.        -1.050
           123           1.5        -1.050
           124            2.        -1.050
           125           2.5        -1.050
           126            3.        -1.050
           127           3.5        -1.050
           128            4.        -1.050
           129           4.5        -1.050
           130            5.        -1.050
           131           5.5        -1.050
           132            6.        -1.050
           133           6.5        -1.050
           134            7.        -1.050
           135           7.5        -1.050
           136            8.        -1.050
           137     2.500E-33        -1.200
           138      500.E-03        -1.200
           139            1.        -1.200
           140           1.5        -1.200
           141            2.        -1.200
           142           2.5        -1.200
           143            3.        -1.200
           144           3.5        -1.200
           145            4.        -1.200
           146           4.5        -1.200
           147            5.        -1.200
           148           5.5        -1.200
           149            6.        -1.200
           150           6.5        -1.200
           151            7.        -1.200
           152           7.5        -1.200
           153            8.        -1.200
           154     2.500E-33        -1.350
           155      500.E-03        -1.350
           156            1.        -1.350
           157           1.5        -1.350
           158            2.        -1.350
           159           2.5        -1.350
           160            3.        -1.350
           161           3.5        -1.350
           162            4.        -1.350
           163           4.5        -1.350
           164            5.        -1.350
           165           5.5        -1.350
           166            6.        -1.350
           167           6.5        -1.350
           168            7.        -1.350
           169           7.5        -1.350
           170            8.        -1.350
           171     2.500E-33          -1.5
           172      500.E-03          -1.5
           173            1.          -1.5
           174           1.5          -1.5
           175            2.          -1.5
           176           2.5          -1.5
           177            3.          -1.5
           178           3.5          -1.5
           179            4.          -1.5
           180           4.5          -1.5
           181            5.          -1.5
           182           5.5          -1.5
           183            6.          -1.5
           184           6.5          -1.5
           185            7.          -1.5
           186           7.5          -1.5
           187            8.          -1.5
           188     2.500E-33        -1.650
           189      500.E-03        -1.650
           190            1.        -1.650
           191           1.5        -1.650
           192            2.        -1.650
           193           2.5        -1.650
           194            3.        -1.650
           195           3.5        -1.650
           196            4.        -1.650
           197           4.5        -1.650
           198            5.        -1.650
           199           5.5        -1.650
           200            6.        -1.650
           201           6.5        -1.650
           202            7.        -1.650
           203           7.5        -1.650
           204            8.        -1.650
           205           -0.        -1.800
           206      500.E-03        -1.800
           207            1.        -1.800
           208           1.5        -1.800
           209            2.        -1.800
           210           2.5        -1.800
           211            3.        -1.800
           212           3.5        -1.800
           213            4.        -1.800
           214           4.5        -1.800
           215            5.        -1.800
           216           5.5        -1.800
           217            6.        -1.800
           218           6.5        -1.800
           219            7.        -1.800
           220           7.5        -1.800
           221            8.        -1.800


  Minimum                -0.        -1.800
       At Node           205           221

  Maximum                 8.           -0.
       At Node           221            17

         Total          884.        -198.9


