********************************************************************************
Field Output Report, written Fri Jun 30 12:56:49 2017

Source 1
---------

   ODB: D:/Abaqus_working/2D_SHEAR_ELASTIC_elemSize_20_160x120mm_intp_1_DIRECT.odb
   Step: Load
   Frame: Increment      5: Step Time =    5.000

Loc 1 : Nodal values from source 1

Output sorted by column "Node Label".

Field Output reported at nodes for part: RECTANGULARINSTANCE

    Node Label          U.U1          U.U2
                      @Loc 1        @Loc 1
-------------------------------------------
             1            0.            0.
             2         1.046     916.5E-03
             3         1.518         1.807
             4         1.860         2.884
             5         1.965            4.
             6         1.860         5.116
             7         1.518         6.193
             8         1.046         7.083
             9           -0.            8.
            10     2.505E-33     1.604E-33
            11     316.0E-03     677.1E-03
            12     761.2E-03         1.741
            13     952.6E-03         2.813
            14         1.030            4.
            15     952.6E-03         5.187
            16     761.2E-03         6.259
            17     316.0E-03         7.323
            18     2.505E-33            8.
            19     1.625E-33     1.307E-33
            20     165.7E-03     690.5E-03
            21     262.1E-03         1.635
            22     396.9E-03         2.801
            23     430.6E-03            4.
            24     396.9E-03         5.199
            25     262.1E-03         6.365
            26     165.7E-03         7.309
            27     1.625E-33            8.
            28     713.9E-36     1.031E-33
            29     141.2E-18     690.9E-03
            30    -4.785E-18         1.645
            31     87.11E-18         2.767
            32    -101.9E-18            4.
            33     210.2E-18         5.233
            34    -190.5E-18         6.355
            35     67.23E-18         7.309
            36     713.9E-36            8.
            37    -163.5E-36     736.7E-36
            38    -165.7E-03     690.5E-03
            39    -262.1E-03         1.635
            40    -396.9E-03         2.801
            41    -430.6E-03            4.
            42    -396.9E-03         5.199
            43    -262.1E-03         6.365
            44    -165.7E-03         7.309
            45    -163.5E-36            8.
            46    -2.713E-33     364.5E-36
            47    -316.0E-03     677.1E-03
            48    -761.2E-03         1.741
            49    -952.6E-03         2.813
            50        -1.030            4.
            51    -952.6E-03         5.187
            52    -761.2E-03         6.259
            53    -316.0E-03         7.323
            54    -2.713E-33            8.
            55            0.           -0.
            56        -1.046     916.5E-03
            57        -1.518         1.807
            58        -1.860         2.884
            59        -1.965            4.
            60        -1.860         5.116
            61        -1.518         6.193
            62        -1.046         7.083
            63            0.            8.


  Minimum             -1.965           -0.
       At Node            59            55

  Maximum              1.965            8.
       At Node             5            63

         Total            0.         252.0


