********************************************************************************
Field Output Report, written Fri Jun 30 12:56:54 2017

Source 1
---------

   ODB: D:/Abaqus_working/2D_SHEAR_ELASTIC_elemSize_5_160x120mm_intp_1_DIRECT.odb
   Step: Load
   Frame: Increment      5: Step Time =    5.000

Loc 1 : Nodal values from source 1

Output sorted by column "Node Label".

Field Output reported at nodes for part: RECTANGULARINSTANCE

    Node Label          U.U1          U.U2
                      @Loc 1        @Loc 1
-------------------------------------------
             1           -0.           -0.
             2     375.7E-03     272.4E-03
             3     573.7E-03     447.4E-03
             4     801.3E-03     670.2E-03
             5     963.5E-03     871.4E-03
             6         1.137         1.103
             7         1.271         1.327
             8         1.406         1.573
             9         1.515         1.817
            10         1.618         2.076
            11         1.701         2.335
            12         1.776         2.606
            13         1.834         2.877
            14         1.881         3.155
            15         1.913         3.434
            16         1.933         3.717
            17         1.939            4.
            18         1.933         4.283
            19         1.913         4.566
            20         1.881         4.845
            21         1.834         5.123
            22         1.776         5.394
            23         1.701         5.665
            24         1.618         5.924
            25         1.515         6.183
            26         1.406         6.427
            27         1.271         6.673
            28         1.137         6.897
            29     963.5E-03         7.129
            30     801.3E-03         7.330
            31     573.7E-03         7.553
            32     375.7E-03         7.728
            33            0.            8.
            34     1.228E-33     544.4E-36
            35     180.1E-03     168.6E-03
            36     434.9E-03     409.8E-03
            37     596.8E-03     600.4E-03
            38     781.9E-03     834.8E-03
            39     917.2E-03         1.050
            40         1.061         1.295
            41         1.172         1.532
            42         1.283         1.790
            43         1.371         2.045
            44         1.453         2.315
            45         1.518         2.584
            46         1.574         2.863
            47         1.616         3.143
            48         1.647         3.428
            49         1.664         3.713
            50         1.671            4.
            51         1.664         4.287
            52         1.647         4.572
            53         1.616         4.857
            54         1.574         5.137
            55         1.518         5.416
            56         1.453         5.685
            57         1.371         5.955
            58         1.283         6.210
            59         1.172         6.468
            60         1.061         6.705
            61     917.2E-03         6.950
            62     781.9E-03         7.165
            63     596.8E-03         7.400
            64     434.9E-03         7.590
            65     180.1E-03         7.831
            66     1.228E-33            8.
            67     1.003E-33     441.3E-36
            68     163.0E-03     156.1E-03
            69     297.3E-03     342.1E-03
            70     481.5E-03     572.6E-03
            71     609.4E-03     779.8E-03
            72     756.5E-03         1.022
            73     866.0E-03         1.252
            74     981.7E-03         1.508
            75         1.071         1.757
            76         1.160         2.025
            77         1.229         2.291
            78         1.292         2.570
            79         1.340         2.848
            80         1.380         3.134
            81         1.407         3.420
            82         1.424         3.710
            83         1.429            4.
            84         1.424         4.290
            85         1.407         4.580
            86         1.380         4.866
            87         1.340         5.152
            88         1.292         5.430
            89         1.229         5.709
            90         1.160         5.975
            91         1.071         6.243
            92     981.7E-03         6.492
            93     866.0E-03         6.748
            94     756.5E-03         6.978
            95     609.4E-03         7.220
            96     481.5E-03         7.427
            97     297.3E-03         7.658
            98     163.0E-03         7.844
            99     1.003E-33            8.
           100     863.3E-36     438.5E-36
           101     116.8E-03     144.0E-03
           102     255.7E-03     329.4E-03
           103     363.0E-03     527.2E-03
           104     502.4E-03     759.2E-03
           105     603.5E-03     980.6E-03
           106     719.1E-03         1.231
           107     806.0E-03         1.474
           108     897.4E-03         1.739
           109     967.6E-03         1.999
           110         1.036         2.276
           111         1.088         2.551
           112         1.135         2.837
           113         1.168         3.123
           114         1.194         3.415
           115         1.209         3.706
           116         1.214            4.
           117         1.209         4.294
           118         1.194         4.585
           119         1.168         4.877
           120         1.135         5.163
           121         1.088         5.449
           122         1.036         5.724
           123     967.6E-03         6.001
           124     897.4E-03         6.261
           125     806.0E-03         6.526
           126     719.1E-03         6.769
           127     603.5E-03         7.019
           128     502.4E-03         7.241
           129     363.0E-03         7.473
           130     255.7E-03         7.671
           131     116.8E-03         7.856
           132     863.3E-36            8.
           133     745.6E-36     394.7E-36
           134     102.6E-03     142.5E-03
           135     193.2E-03     313.5E-03
           136     306.5E-03     516.7E-03
           137     392.5E-03     726.9E-03
           138     499.9E-03     965.4E-03
           139     579.4E-03         1.200
           140     669.2E-03         1.458
           141     737.0E-03         1.712
           142     807.4E-03         1.986
           143     860.9E-03         2.256
           144     912.0E-03         2.541
           145     949.6E-03         2.824
           146     981.9E-03         3.116
           147         1.003         3.408
           148         1.017         3.704
           149         1.021            4.
           150         1.017         4.296
           151         1.003         4.592
           152     981.9E-03         4.884
           153     949.6E-03         5.176
           154     912.0E-03         5.459
           155     860.9E-03         5.744
           156     807.4E-03         6.014
           157     737.0E-03         6.288
           158     669.2E-03         6.542
           159     579.4E-03         6.800
           160     499.9E-03         7.035
           161     392.5E-03         7.273
           162     306.5E-03         7.483
           163     193.2E-03         7.686
           164     102.6E-03         7.858
           165     745.6E-36            8.
           166     660.9E-36     384.0E-36
           167     78.44E-03     141.0E-03
           168     165.2E-03     311.5E-03
           169     236.9E-03     501.7E-03
           170     327.1E-03     718.7E-03
           171     395.3E-03     941.5E-03
           172     478.0E-03         1.188
           173     539.8E-03         1.435
           174     608.4E-03         1.701
           175     660.0E-03         1.966
           176     712.7E-03         2.247
           177     751.8E-03         2.526
           178     788.2E-03         2.817
           179     813.5E-03         3.107
           180     833.8E-03         3.404
           181     844.5E-03         3.701
           182     849.1E-03            4.
           183     844.5E-03         4.299
           184     833.8E-03         4.596
           185     813.5E-03         4.893
           186     788.2E-03         5.183
           187     751.8E-03         5.474
           188     712.7E-03         5.753
           189     660.0E-03         6.034
           190     608.4E-03         6.299
           191     539.8E-03         6.565
           192     478.0E-03         6.812
           193     395.3E-03         7.058
           194     327.1E-03         7.281
           195     236.9E-03         7.498
           196     165.2E-03         7.688
           197     78.44E-03         7.859
           198     660.9E-36            8.
           199     582.6E-36     358.7E-36
           200     66.74E-03     142.2E-03
           201     126.9E-03     308.4E-03
           202     197.8E-03     499.7E-03
           203     254.2E-03     705.9E-03
           204     324.5E-03     935.3E-03
           205     377.5E-03         1.170
           206     440.3E-03         1.426
           207     487.2E-03         1.683
           208     538.3E-03         1.958
           209     576.3E-03         2.232
           210     614.1E-03         2.520
           211     641.3E-03         2.807
           212     665.5E-03         3.103
           213     680.8E-03         3.399
           214     691.5E-03         3.700
           215     694.0E-03            4.
           216     691.5E-03         4.300
           217     680.8E-03         4.601
           218     665.5E-03         4.897
           219     641.3E-03         5.193
           220     614.1E-03         5.480
           221     576.3E-03         5.768
           222     538.3E-03         6.042
           223     487.2E-03         6.317
           224     440.3E-03         6.574
           225     377.5E-03         6.830
           226     324.5E-03         7.065
           227     254.2E-03         7.294
           228     197.8E-03         7.500
           229     126.9E-03         7.692
           230     66.74E-03         7.858
           231     582.6E-36            8.
           232     519.5E-36     346.7E-36
           233     50.70E-03     143.3E-03
           234     104.8E-03     309.7E-03
           235     150.7E-03     495.8E-03
           236     206.6E-03     704.2E-03
           237     249.9E-03     924.7E-03
           238     303.3E-03         1.166
           239     343.3E-03         1.413
           240     389.7E-03         1.678
           241     424.0E-03         1.945
           242     460.6E-03         2.227
           243     487.3E-03         2.510
           244     513.0E-03         2.803
           245     530.4E-03         3.097
           246     544.9E-03         3.397
           247     552.2E-03         3.697
           248     555.6E-03            4.
           249     552.2E-03         4.303
           250     544.9E-03         4.603
           251     530.4E-03         4.903
           252     513.0E-03         5.197
           253     487.3E-03         5.490
           254     460.6E-03         5.773
           255     424.0E-03         6.055
           256     389.7E-03         6.322
           257     343.3E-03         6.587
           258     303.3E-03         6.834
           259     249.9E-03         7.075
           260     206.6E-03         7.296
           261     150.7E-03         7.504
           262     104.8E-03         7.690
           263     50.70E-03         7.857
           264     519.5E-36            8.
           265     459.1E-36     328.6E-36
           266     40.63E-03     144.8E-03
           267     77.51E-03     310.2E-03
           268     119.5E-03     496.8E-03
           269     153.7E-03     700.0E-03
           270     195.7E-03     923.3E-03
           271     227.8E-03         1.157
           272     266.7E-03         1.410
           273     295.6E-03         1.667
           274     328.2E-03         1.941
           275     352.1E-03         2.217
           276     376.8E-03         2.506
           277     394.2E-03         2.796
           278     410.2E-03         3.095
           279     420.0E-03         3.393
           280     427.2E-03         3.697
           281     428.6E-03            4.
           282     427.2E-03         4.303
           283     420.0E-03         4.607
           284     410.2E-03         4.905
           285     394.2E-03         5.204
           286     376.8E-03         5.494
           287     352.1E-03         5.783
           288     328.2E-03         6.059
           289     295.6E-03         6.333
           290     266.7E-03         6.590
           291     227.8E-03         6.843
           292     195.7E-03         7.077
           293     153.7E-03         7.300
           294     119.5E-03         7.503
           295     77.51E-03         7.690
           296     40.63E-03         7.855
           297     459.1E-36            8.
           298     405.2E-36     315.1E-36
           299     28.54E-03     146.1E-03
           300     58.37E-03     311.9E-03
           301     84.03E-03     496.5E-03
           302     114.5E-03     700.6E-03
           303     138.6E-03     919.2E-03
           304     168.2E-03         1.156
           305     190.5E-03         1.403
           306     216.9E-03         1.665
           307     236.3E-03         1.934
           308     257.6E-03         2.215
           309     272.8E-03         2.500
           310     288.0E-03         2.794
           311     298.1E-03         3.090
           312     306.8E-03         3.393
           313     311.0E-03         3.695
           314     313.1E-03            4.
           315     311.0E-03         4.305
           316     306.8E-03         4.607
           317     298.1E-03         4.910
           318     288.0E-03         5.206
           319     272.8E-03         5.500
           320     257.6E-03         5.785
           321     236.3E-03         6.066
           322     216.9E-03         6.335
           323     190.5E-03         6.597
           324     168.2E-03         6.844
           325     138.6E-03         7.081
           326     114.5E-03         7.299
           327     84.03E-03         7.504
           328     58.37E-03         7.688
           329     28.54E-03         7.854
           330     405.2E-36            8.
           331     352.8E-36     299.3E-36
           332     19.29E-03     147.1E-03
           333     36.83E-03     312.9E-03
           334     56.44E-03     497.7E-03
           335     72.58E-03     699.5E-03
           336     92.23E-03     919.6E-03
           337     107.4E-03         1.152
           338     125.8E-03         1.402
           339     139.5E-03         1.660
           340     155.3E-03         1.933
           341     166.7E-03         2.210
           342     178.8E-03         2.499
           343     187.2E-03         2.790
           344     195.1E-03         3.090
           345     199.9E-03         3.390
           346     203.5E-03         3.695
           347     204.1E-03            4.
           348     203.5E-03         4.305
           349     199.9E-03         4.610
           350     195.1E-03         4.910
           351     187.2E-03         5.210
           352     178.8E-03         5.501
           353     166.7E-03         5.790
           354     155.3E-03         6.067
           355     139.5E-03         6.340
           356     125.8E-03         6.598
           357     107.4E-03         6.848
           358     92.23E-03         7.080
           359     72.58E-03         7.301
           360     56.44E-03         7.502
           361     36.83E-03         7.687
           362     19.29E-03         7.853
           363     352.8E-36            8.
           364     300.9E-36     283.5E-36
           365     9.219E-03     147.8E-03
           366     18.77E-03     313.8E-03
           367     27.02E-03     497.9E-03
           368     36.73E-03     700.3E-03
           369     44.43E-03     918.0E-03
           370     53.89E-03         1.153
           371     61.04E-03         1.399
           372     69.56E-03         1.660
           373     75.82E-03         1.929
           374     82.79E-03         2.210
           375     87.74E-03         2.495
           376     92.75E-03         2.790
           377     96.03E-03         3.087
           378     98.92E-03         3.390
           379     100.3E-03         3.694
           380     101.0E-03            4.
           381     100.3E-03         4.306
           382     98.92E-03         4.610
           383     96.03E-03         4.913
           384     92.75E-03         5.210
           385     87.74E-03         5.505
           386     82.79E-03         5.790
           387     75.82E-03         6.071
           388     69.56E-03         6.340
           389     61.04E-03         6.601
           390     53.89E-03         6.847
           391     44.43E-03         7.082
           392     36.73E-03         7.300
           393     27.02E-03         7.502
           394     18.77E-03         7.686
           395     9.219E-03         7.852
           396     300.9E-36            8.
           397     250.0E-36     267.5E-36
           398     19.99E-18     147.9E-03
           399    -6.779E-18     314.0E-03
           400     57.23E-18     498.4E-03
           401    -4.246E-18     699.7E-03
           402     42.49E-18     918.9E-03
           403     20.78E-18         1.151
           404     30.12E-18         1.400
           405     98.48E-18         1.658
           406     15.26E-18         1.930
           407     129.7E-18         2.208
           408     23.25E-18         2.497
           409     114.7E-18         2.788
           410     33.98E-18         3.088
           411     122.7E-18         3.389
           412    -80.16E-18         3.694
           413     72.48E-18            4.
           414    -81.87E-18         4.306
           415     123.8E-18         4.611
           416    -38.93E-18         4.912
           417     89.56E-18         5.212
           418    -64.38E-18         5.503
           419     54.64E-18         5.792
           420    -38.18E-18         6.070
           421    -3.215E-18         6.342
           422    -27.39E-18         6.600
           423    -55.36E-18         6.849
           424    -25.90E-18         7.081
           425     91.41E-18         7.300
           426     61.63E-18         7.502
           427    -35.34E-18         7.686
           428    -174.8E-18         7.852
           429     250.0E-36            8.
           430     194.9E-36     248.4E-36
           431    -9.219E-03     147.8E-03
           432    -18.77E-03     313.8E-03
           433    -27.02E-03     497.9E-03
           434    -36.73E-03     700.3E-03
           435    -44.43E-03     918.0E-03
           436    -53.89E-03         1.153
           437    -61.04E-03         1.399
           438    -69.56E-03         1.660
           439    -75.82E-03         1.929
           440    -82.79E-03         2.210
           441    -87.74E-03         2.495
           442    -92.75E-03         2.790
           443    -96.03E-03         3.087
           444    -98.92E-03         3.390
           445    -100.3E-03         3.694
           446    -101.0E-03            4.
           447    -100.3E-03         4.306
           448    -98.92E-03         4.610
           449    -96.03E-03         4.913
           450    -92.75E-03         5.210
           451    -87.74E-03         5.505
           452    -82.79E-03         5.790
           453    -75.82E-03         6.071
           454    -69.56E-03         6.340
           455    -61.04E-03         6.601
           456    -53.89E-03         6.847
           457    -44.43E-03         7.082
           458    -36.73E-03         7.300
           459    -27.02E-03         7.502
           460    -18.77E-03         7.686
           461    -9.219E-03         7.852
           462     194.9E-36            8.
           463     140.8E-36     230.8E-36
           464    -19.29E-03     147.1E-03
           465    -36.83E-03     312.9E-03
           466    -56.44E-03     497.7E-03
           467    -72.58E-03     699.5E-03
           468    -92.23E-03     919.6E-03
           469    -107.4E-03         1.152
           470    -125.8E-03         1.402
           471    -139.5E-03         1.660
           472    -155.3E-03         1.933
           473    -166.7E-03         2.210
           474    -178.8E-03         2.499
           475    -187.2E-03         2.790
           476    -195.1E-03         3.090
           477    -199.9E-03         3.390
           478    -203.5E-03         3.695
           479    -204.1E-03            4.
           480    -203.5E-03         4.305
           481    -199.9E-03         4.610
           482    -195.1E-03         4.910
           483    -187.2E-03         5.210
           484    -178.8E-03         5.501
           485    -166.7E-03         5.790
           486    -155.3E-03         6.067
           487    -139.5E-03         6.340
           488    -125.8E-03         6.598
           489    -107.4E-03         6.848
           490    -92.23E-03         7.080
           491    -72.58E-03         7.301
           492    -56.44E-03         7.502
           493    -36.83E-03         7.687
           494    -19.29E-03         7.853
           495     140.8E-36            8.
           496     76.95E-36     207.5E-36
           497    -28.54E-03     146.1E-03
           498    -58.37E-03     311.9E-03
           499    -84.03E-03     496.5E-03
           500    -114.5E-03     700.6E-03
           501    -138.6E-03     919.2E-03
           502    -168.2E-03         1.156
           503    -190.5E-03         1.403
           504    -216.9E-03         1.665
           505    -236.3E-03         1.934
           506    -257.6E-03         2.215
           507    -272.8E-03         2.500
           508    -288.0E-03         2.794
           509    -298.1E-03         3.090
           510    -306.8E-03         3.393
           511    -311.0E-03         3.695
           512    -313.1E-03            4.
           513    -311.0E-03         4.305
           514    -306.8E-03         4.607
           515    -298.1E-03         4.910
           516    -288.0E-03         5.206
           517    -272.8E-03         5.500
           518    -257.6E-03         5.785
           519    -236.3E-03         6.066
           520    -216.9E-03         6.335
           521    -190.5E-03         6.597
           522    -168.2E-03         6.844
           523    -138.6E-03         7.081
           524    -114.5E-03         7.299
           525    -84.03E-03         7.504
           526    -58.37E-03         7.688
           527    -28.54E-03         7.854
           528     76.95E-36            8.
           529     15.11E-36     187.8E-36
           530    -40.63E-03     144.8E-03
           531    -77.51E-03     310.2E-03
           532    -119.5E-03     496.8E-03
           533    -153.7E-03     700.0E-03
           534    -195.7E-03     923.3E-03
           535    -227.8E-03         1.157
           536    -266.7E-03         1.410
           537    -295.6E-03         1.667
           538    -328.2E-03         1.941
           539    -352.1E-03         2.217
           540    -376.8E-03         2.506
           541    -394.2E-03         2.796
           542    -410.2E-03         3.095
           543    -420.0E-03         3.393
           544    -427.2E-03         3.697
           545    -428.6E-03            4.
           546    -427.2E-03         4.303
           547    -420.0E-03         4.607
           548    -410.2E-03         4.905
           549    -394.2E-03         5.204
           550    -376.8E-03         5.494
           551    -352.1E-03         5.783
           552    -328.2E-03         6.059
           553    -295.6E-03         6.333
           554    -266.7E-03         6.590
           555    -227.8E-03         6.843
           556    -195.7E-03         7.077
           557    -153.7E-03         7.300
           558    -119.5E-03         7.503
           559    -77.51E-03         7.690
           560    -40.63E-03         7.855
           561     15.11E-36            8.
           562    -64.38E-36     159.4E-36
           563    -50.70E-03     143.3E-03
           564    -104.8E-03     309.7E-03
           565    -150.7E-03     495.8E-03
           566    -206.6E-03     704.2E-03
           567    -249.9E-03     924.7E-03
           568    -303.3E-03         1.166
           569    -343.3E-03         1.413
           570    -389.7E-03         1.678
           571    -424.0E-03         1.945
           572    -460.6E-03         2.227
           573    -487.3E-03         2.510
           574    -513.0E-03         2.803
           575    -530.4E-03         3.097
           576    -544.9E-03         3.397
           577    -552.2E-03         3.697
           578    -555.6E-03            4.
           579    -552.2E-03         4.303
           580    -544.9E-03         4.603
           581    -530.4E-03         4.903
           582    -513.0E-03         5.197
           583    -487.3E-03         5.490
           584    -460.6E-03         5.773
           585    -424.0E-03         6.055
           586    -389.7E-03         6.322
           587    -343.3E-03         6.587
           588    -303.3E-03         6.834
           589    -249.9E-03         7.075
           590    -206.6E-03         7.296
           591    -150.7E-03         7.504
           592    -104.8E-03         7.690
           593    -50.70E-03         7.857
           594    -64.38E-36            8.
           595    -138.7E-36     138.2E-36
           596    -66.74E-03     142.2E-03
           597    -126.9E-03     308.4E-03
           598    -197.8E-03     499.7E-03
           599    -254.2E-03     705.9E-03
           600    -324.5E-03     935.3E-03
           601    -377.5E-03         1.170
           602    -440.3E-03         1.426
           603    -487.2E-03         1.683
           604    -538.3E-03         1.958
           605    -576.3E-03         2.232
           606    -614.1E-03         2.520
           607    -641.3E-03         2.807
           608    -665.5E-03         3.103
           609    -680.8E-03         3.399
           610    -691.5E-03         3.700
           611    -694.0E-03            4.
           612    -691.5E-03         4.300
           613    -680.8E-03         4.601
           614    -665.5E-03         4.897
           615    -641.3E-03         5.193
           616    -614.1E-03         5.480
           617    -576.3E-03         5.768
           618    -538.3E-03         6.042
           619    -487.2E-03         6.317
           620    -440.3E-03         6.574
           621    -377.5E-03         6.830
           622    -324.5E-03         7.065
           623    -254.2E-03         7.294
           624    -197.8E-03         7.500
           625    -126.9E-03         7.692
           626    -66.74E-03         7.858
           627    -138.7E-36            8.
           628    -246.7E-36     104.2E-36
           629    -78.44E-03     141.0E-03
           630    -165.2E-03     311.5E-03
           631    -236.9E-03     501.7E-03
           632    -327.1E-03     718.7E-03
           633    -395.3E-03     941.5E-03
           634    -478.0E-03         1.188
           635    -539.8E-03         1.435
           636    -608.4E-03         1.701
           637    -660.0E-03         1.966
           638    -712.7E-03         2.247
           639    -751.8E-03         2.526
           640    -788.2E-03         2.817
           641    -813.5E-03         3.107
           642    -833.8E-03         3.404
           643    -844.5E-03         3.701
           644    -849.1E-03            4.
           645    -844.5E-03         4.299
           646    -833.8E-03         4.596
           647    -813.5E-03         4.893
           648    -788.2E-03         5.183
           649    -751.8E-03         5.474
           650    -712.7E-03         5.753
           651    -660.0E-03         6.034
           652    -608.4E-03         6.299
           653    -539.8E-03         6.565
           654    -478.0E-03         6.812
           655    -395.3E-03         7.058
           656    -327.1E-03         7.281
           657    -236.9E-03         7.498
           658    -165.2E-03         7.688
           659    -78.44E-03         7.859
           660    -246.7E-36            8.
           661    -339.8E-36     84.98E-36
           662    -102.6E-03     142.5E-03
           663    -193.2E-03     313.5E-03
           664    -306.5E-03     516.7E-03
           665    -392.5E-03     726.9E-03
           666    -499.9E-03     965.4E-03
           667    -579.4E-03         1.200
           668    -669.2E-03         1.458
           669    -737.0E-03         1.712
           670    -807.4E-03         1.986
           671    -860.9E-03         2.256
           672    -912.0E-03         2.541
           673    -949.6E-03         2.824
           674    -981.9E-03         3.116
           675        -1.003         3.408
           676        -1.017         3.704
           677        -1.021            4.
           678        -1.017         4.296
           679        -1.003         4.592
           680    -981.9E-03         4.884
           681    -949.6E-03         5.176
           682    -912.0E-03         5.459
           683    -860.9E-03         5.744
           684    -807.4E-03         6.014
           685    -737.0E-03         6.288
           686    -669.2E-03         6.542
           687    -579.4E-03         6.800
           688    -499.9E-03         7.035
           689    -392.5E-03         7.273
           690    -306.5E-03         7.483
           691    -193.2E-03         7.686
           692    -102.6E-03         7.858
           693    -339.8E-36            8.
           694    -514.6E-36     46.90E-36
           695    -116.8E-03     144.0E-03
           696    -255.7E-03     329.4E-03
           697    -363.0E-03     527.2E-03
           698    -502.4E-03     759.2E-03
           699    -603.5E-03     980.6E-03
           700    -719.1E-03         1.231
           701    -806.0E-03         1.474
           702    -897.4E-03         1.739
           703    -967.6E-03         1.999
           704        -1.036         2.276
           705        -1.088         2.551
           706        -1.135         2.837
           707        -1.168         3.123
           708        -1.194         3.415
           709        -1.209         3.706
           710        -1.214            4.
           711        -1.209         4.294
           712        -1.194         4.585
           713        -1.168         4.877
           714        -1.135         5.163
           715        -1.088         5.449
           716        -1.036         5.724
           717    -967.6E-03         6.001
           718    -897.4E-03         6.261
           719    -806.0E-03         6.526
           720    -719.1E-03         6.769
           721    -603.5E-03         7.019
           722    -502.4E-03         7.241
           723    -363.0E-03         7.473
           724    -255.7E-03         7.671
           725    -116.8E-03         7.856
           726    -514.6E-36            8.
           727    -636.6E-36     47.26E-36
           728    -163.0E-03     156.1E-03
           729    -297.3E-03     342.1E-03
           730    -481.5E-03     572.6E-03
           731    -609.4E-03     779.8E-03
           732    -756.5E-03         1.022
           733    -866.0E-03         1.252
           734    -981.7E-03         1.508
           735        -1.071         1.757
           736        -1.160         2.025
           737        -1.229         2.291
           738        -1.292         2.570
           739        -1.340         2.848
           740        -1.380         3.134
           741        -1.407         3.420
           742        -1.424         3.710
           743        -1.429            4.
           744        -1.424         4.290
           745        -1.407         4.580
           746        -1.380         4.866
           747        -1.340         5.152
           748        -1.292         5.430
           749        -1.229         5.709
           750        -1.160         5.975
           751        -1.071         6.243
           752    -981.7E-03         6.492
           753    -866.0E-03         6.748
           754    -756.5E-03         6.978
           755    -609.4E-03         7.220
           756    -481.5E-03         7.427
           757    -297.3E-03         7.658
           758    -163.0E-03         7.844
           759    -636.6E-36            8.
           760    -1.205E-33     62.86E-36
           761    -180.1E-03     168.6E-03
           762    -434.9E-03     409.8E-03
           763    -596.8E-03     600.4E-03
           764    -781.9E-03     834.8E-03
           765    -917.2E-03         1.050
           766        -1.061         1.295
           767        -1.172         1.532
           768        -1.283         1.790
           769        -1.371         2.045
           770        -1.453         2.315
           771        -1.518         2.584
           772        -1.574         2.863
           773        -1.616         3.143
           774        -1.647         3.428
           775        -1.664         3.713
           776        -1.671            4.
           777        -1.664         4.287
           778        -1.647         4.572
           779        -1.616         4.857
           780        -1.574         5.137
           781        -1.518         5.416
           782        -1.453         5.685
           783        -1.371         5.955
           784        -1.283         6.210
           785        -1.172         6.468
           786        -1.061         6.705
           787    -917.2E-03         6.950
           788    -781.9E-03         7.165
           789    -596.8E-03         7.400
           790    -434.9E-03         7.590
           791    -180.1E-03         7.831
           792    -1.205E-33            8.
           793            0.           -0.
           794    -375.7E-03     272.4E-03
           795    -573.7E-03     447.4E-03
           796    -801.3E-03     670.2E-03
           797    -963.5E-03     871.4E-03
           798        -1.137         1.103
           799        -1.271         1.327
           800        -1.406         1.573
           801        -1.515         1.817
           802        -1.618         2.076
           803        -1.701         2.335
           804        -1.776         2.606
           805        -1.834         2.877
           806        -1.881         3.155
           807        -1.913         3.434
           808        -1.933         3.717
           809        -1.939            4.
           810        -1.933         4.283
           811        -1.913         4.566
           812        -1.881         4.845
           813        -1.834         5.123
           814        -1.776         5.394
           815        -1.701         5.665
           816        -1.618         5.924
           817        -1.515         6.183
           818        -1.406         6.427
           819        -1.271         6.673
           820        -1.137         6.897
           821    -963.5E-03         7.129
           822    -801.3E-03         7.330
           823    -573.7E-03         7.553
           824    -375.7E-03         7.728
           825           -0.            8.


  Minimum             -1.939           -0.
       At Node           809           793

  Maximum              1.939            8.
       At Node            17           825

         Total            0.     3.300E+03


