********************************************************************************
Field Output Report, written Wed Jul 05 10:41:20 2017

Source 1
---------

   ODB: D:/Abaqus_working/3D_SHEAR_ELASTIC_elem_20_160x120x120mm_intp_2_DIRECT.odb
   Step: Load
   Frame: Increment      5: Step Time =    5.000

Loc 1 : Nodal values from source 1

Output sorted by column "Node Label".

Field Output reported at nodes for part: RECTANGULARINSTANCE

    Node Label          U.U1          U.U2          U.U3
                      @Loc 1        @Loc 1        @Loc 1
---------------------------------------------------------
             1           -0.            8.    -784.2E-03
             2     8.265E-33            8.    -508.5E-03
             3     4.894E-33            8.    -251.5E-03
             4     2.690E-33            8.     156.6E-18
             5    -1.116E-33            8.     251.5E-03
             6    -7.300E-33            8.     508.5E-03
             7           -0.            8.     784.2E-03
             8     5.419E-33            8.    -495.5E-03
             9     23.48E-33            8.    -373.2E-03
            10     10.54E-33            8.    -193.0E-03
            11     2.001E-33            8.     114.7E-18
            12    -8.245E-33            8.     193.0E-03
            13    -23.75E-33            8.     373.2E-03
            14    -5.419E-33            8.     495.5E-03
            15     5.435E-33            8.    -316.1E-03
            16     25.39E-33            8.    -251.7E-03
            17     11.44E-33            8.    -134.7E-03
            18     2.253E-33            8.    -386.2E-18
            19    -8.673E-33            8.     134.7E-03
            20    -24.49E-33            8.     251.7E-03
            21    -5.435E-33            8.     316.1E-03
            22     5.353E-33            8.    -195.6E-03
            23     26.03E-33            8.    -160.2E-03
            24     11.74E-33            8.    -87.68E-03
            25     2.316E-33            8.    -102.3E-18
            26    -8.846E-33            8.     87.68E-03
            27    -24.73E-33            8.     160.2E-03
            28    -5.353E-33            8.     195.6E-03
            29     5.343E-33            8.    -112.1E-03
            30     26.24E-33            8.    -93.23E-03
            31     11.84E-33            8.    -51.80E-03
            32     2.333E-33            8.    -122.4E-18
            33    -8.903E-33            8.     51.80E-03
            34    -24.80E-33            8.     93.23E-03
            35    -5.343E-33            8.     112.1E-03
            36     5.355E-33            8.    -50.86E-03
            37     26.32E-33            8.    -42.65E-03
            38     11.88E-33            8.    -23.88E-03
            39     2.341E-33            8.    -82.94E-18
            40    -8.922E-33            8.     23.88E-03
            41    -24.82E-33            8.     42.65E-03
            42    -5.355E-33            8.     50.86E-03
            43           -0.            8.           -0.
            44     9.301E-33            8.    -1.351E-33
            45     4.958E-33            8.    -345.5E-36
            46     2.347E-33            8.     458.2E-36
            47    -1.990E-33            8.     1.637E-33
            48    -7.770E-33            8.     3.682E-33
            49            0.            8.           -0.
            50    -842.3E-03         7.310    -658.0E-03
            51    -323.5E-03         7.435    -456.1E-03
            52    -114.3E-03         7.469    -227.0E-03
            53    -463.8E-18         7.467    -59.11E-18
            54     114.3E-03         7.469     227.0E-03
            55     323.5E-03         7.435     456.1E-03
            56     842.3E-03         7.310     658.0E-03
            57    -926.8E-03         7.163    -453.4E-03
            58    -384.5E-03         7.297    -334.8E-03
            59    -143.1E-03         7.333    -173.8E-03
            60     256.6E-18         7.331    -1.617E-18
            61     143.1E-03         7.333     173.8E-03
            62     384.5E-03         7.297     334.8E-03
            63     926.8E-03         7.163     453.4E-03
            64    -948.0E-03         7.101    -293.6E-03
            65    -395.9E-03         7.252    -228.4E-03
            66    -149.6E-03         7.294    -122.3E-03
            67     88.82E-18         7.293    -312.8E-18
            68     149.6E-03         7.294     122.3E-03
            69     395.9E-03         7.252     228.4E-03
            70     948.0E-03         7.101     293.6E-03
            71    -948.7E-03         7.078    -181.4E-03
            72    -393.6E-03         7.241    -146.1E-03
            73    -148.7E-03         7.288    -79.92E-03
            74     80.22E-18         7.288     108.8E-18
            75     148.7E-03         7.288     79.92E-03
            76     393.6E-03         7.241     146.1E-03
            77     948.7E-03         7.078     181.4E-03
            78    -944.7E-03         7.068    -103.8E-03
            79    -388.8E-03         7.239    -85.29E-03
            80    -146.2E-03         7.290    -47.33E-03
            81    -82.42E-18         7.290     27.44E-18
            82     146.2E-03         7.290     47.33E-03
            83     388.8E-03         7.239     85.29E-03
            84     944.7E-03         7.068     103.8E-03
            85    -940.9E-03         7.064    -46.99E-03
            86    -385.2E-03         7.239    -39.06E-03
            87    -144.1E-03         7.292    -21.85E-03
            88    -115.4E-18         7.293    -17.01E-18
            89     144.1E-03         7.292     21.85E-03
            90     385.2E-03         7.239     39.06E-03
            91     940.9E-03         7.064     46.99E-03
            92    -939.5E-03         7.063    -1.774E-33
            93    -383.9E-03         7.239    -3.912E-33
            94    -143.4E-03         7.293    -1.622E-33
            95     20.91E-18         7.295     441.6E-36
            96     143.4E-03         7.293     2.894E-33
            97     383.9E-03         7.239     5.984E-33
            98     939.5E-03         7.063     1.774E-33
            99        -1.369         6.334    -458.8E-03
           100    -606.8E-03         6.435    -319.1E-03
           101    -227.3E-03         6.480    -164.0E-03
           102     30.83E-18         6.489    -272.9E-18
           103     227.3E-03         6.480     164.0E-03
           104     606.8E-03         6.435     319.1E-03
           105         1.369         6.334     458.8E-03
           106        -1.474         6.223    -334.7E-03
           107    -697.5E-03         6.327    -241.1E-03
           108    -274.9E-03         6.369    -126.4E-03
           109     157.2E-18         6.378    -105.9E-18
           110     274.9E-03         6.369     126.4E-03
           111     697.5E-03         6.327     241.1E-03
           112         1.474         6.223     334.7E-03
           113        -1.492         6.164    -222.5E-03
           114    -720.4E-03         6.278    -168.2E-03
           115    -289.1E-03         6.327    -90.05E-03
           116     83.13E-18         6.336    -78.05E-18
           117     289.1E-03         6.327     90.05E-03
           118     720.4E-03         6.278     168.2E-03
           119         1.492         6.164     222.5E-03
           120        -1.488         6.138    -138.7E-03
           121    -719.2E-03         6.261    -109.1E-03
           122    -289.5E-03         6.314    -59.52E-03
           123    -75.39E-18         6.326     162.6E-18
           124     289.5E-03         6.314     59.52E-03
           125     719.2E-03         6.261     109.1E-03
           126         1.488         6.138     138.7E-03
           127        -1.478         6.128    -79.36E-03
           128    -712.3E-03         6.256    -64.21E-03
           129    -286.2E-03         6.313    -35.48E-03
           130    -168.2E-18         6.326    -83.22E-18
           131     286.2E-03         6.313     35.48E-03
           132     712.3E-03         6.256     64.21E-03
           133         1.478         6.128     79.36E-03
           134        -1.471         6.124    -35.86E-03
           135    -706.6E-03         6.255    -29.50E-03
           136    -283.1E-03         6.315    -16.44E-03
           137    -186.2E-18         6.328     31.47E-18
           138     283.1E-03         6.315     16.44E-03
           139     706.6E-03         6.255     29.50E-03
           140         1.471         6.124     35.86E-03
           141        -1.468         6.123    -815.8E-36
           142    -704.5E-03         6.256    -2.473E-33
           143    -282.0E-03         6.316    -1.067E-33
           144    -40.21E-18         6.329     303.2E-36
           145     282.0E-03         6.316     1.785E-33
           146     704.5E-03         6.256     3.590E-33
           147         1.468         6.123     815.8E-36
           148        -1.675         5.208    -237.9E-03
           149    -798.5E-03         5.260    -164.2E-03
           150    -310.5E-03         5.288    -84.61E-03
           151    -323.1E-18         5.296     85.75E-18
           152     310.5E-03         5.288     84.61E-03
           153     798.5E-03         5.260     164.2E-03
           154         1.675         5.208     237.9E-03
           155        -1.791         5.147    -175.3E-03
           156    -903.3E-03         5.200    -125.0E-03
           157    -366.8E-03         5.228    -65.56E-03
           158     343.2E-18         5.236    -83.80E-18
           159     366.8E-03         5.228     65.56E-03
           160     903.3E-03         5.200     125.0E-03
           161         1.791         5.147     175.3E-03
           162        -1.810         5.112    -118.8E-03
           163    -934.3E-03         5.170    -88.35E-03
           164    -386.2E-03         5.201    -47.17E-03
           165    -29.73E-18         5.210    -202.6E-18
           166     386.2E-03         5.201     47.17E-03
           167     934.3E-03         5.170     88.35E-03
           168         1.810         5.112     118.8E-03
           169        -1.801         5.096    -74.75E-03
           170    -935.0E-03         5.158    -57.99E-03
           171    -388.5E-03         5.192    -31.46E-03
           172     118.9E-18         5.201    -52.49E-18
           173     388.5E-03         5.192     31.46E-03
           174     935.0E-03         5.158     57.99E-03
           175         1.801         5.096     74.75E-03
           176        -1.787         5.089    -42.86E-03
           177    -927.2E-03         5.155    -34.33E-03
           178    -385.1E-03         5.190    -18.88E-03
           179    -168.6E-18         5.200    -57.08E-18
           180     385.1E-03         5.190     18.88E-03
           181     927.2E-03         5.155     34.33E-03
           182         1.787         5.089     42.86E-03
           183        -1.778         5.087    -19.37E-03
           184    -920.3E-03         5.154    -15.82E-03
           185    -381.6E-03         5.190    -8.778E-03
           186     49.12E-18         5.201    -126.7E-18
           187     381.6E-03         5.190     8.778E-03
           188     920.3E-03         5.154     15.82E-03
           189         1.778         5.087     19.37E-03
           190        -1.774         5.087    -272.3E-36
           191    -917.8E-03         5.154    -1.076E-33
           192    -380.3E-03         5.191    -443.0E-36
           193     44.36E-18         5.202     167.0E-36
           194     380.3E-03         5.191     811.1E-36
           195     917.8E-03         5.154     1.510E-33
           196         1.774         5.087     272.3E-36
           197        -1.778            4.     245.5E-18
           198    -862.3E-03            4.     96.48E-18
           199    -340.0E-03            4.    -98.78E-18
           200     59.31E-18            4.    -135.0E-18
           201     340.0E-03            4.     19.82E-18
           202     862.3E-03            4.     7.283E-18
           203         1.778            4.    -12.65E-18
           204        -1.898            4.     44.58E-18
           205    -971.1E-03            4.     11.38E-18
           206    -398.6E-03            4.     19.59E-18
           207     191.0E-18            4.    -10.33E-18
           208     398.6E-03            4.     35.86E-18
           209     971.1E-03            4.    -226.6E-18
           210         1.898            4.     21.78E-18
           211        -1.917            4.     3.530E-18
           212        -1.004            4.    -107.9E-18
           213    -419.7E-03            4.    -2.397E-18
           214    -91.14E-18            4.    -53.69E-18
           215     419.7E-03            4.    -95.24E-18
           216         1.004            4.    -96.16E-18
           217         1.917            4.    -89.12E-18
           218        -1.906            4.     191.3E-18
           219        -1.006            4.     87.22E-18
           220    -422.6E-03            4.    -40.34E-18
           221    -59.44E-18            4.     71.04E-18
           222     422.6E-03            4.    -58.15E-18
           223         1.006            4.    -15.04E-18
           224         1.906            4.     255.6E-18
           225        -1.892            4.     82.55E-18
           226    -997.6E-03            4.     5.578E-18
           227    -419.3E-03            4.    -11.11E-18
           228    -7.999E-18            4.    -146.9E-18
           229     419.3E-03            4.     61.75E-18
           230     997.6E-03            4.    -29.59E-18
           231         1.892            4.     73.40E-18
           232        -1.881            4.     147.8E-18
           233    -990.4E-03            4.     160.7E-18
           234    -415.7E-03            4.     28.94E-18
           235    -143.7E-18            4.    -54.77E-18
           236     415.7E-03            4.     5.118E-18
           237     990.4E-03            4.    -2.322E-18
           238         1.881            4.     121.7E-18
           239        -1.878            4.     320.0E-36
           240    -987.7E-03            4.     309.5E-36
           241    -414.3E-03            4.     156.5E-36
           242    -21.04E-18            4.     33.43E-36
           243     414.3E-03            4.    -73.92E-36
           244     987.7E-03            4.    -189.7E-36
           245         1.878            4.    -320.0E-36
           246        -1.675         2.792     237.9E-03
           247    -798.5E-03         2.740     164.2E-03
           248    -310.5E-03         2.712     84.61E-03
           249    -52.62E-18         2.704    -27.63E-18
           250     310.5E-03         2.712    -84.61E-03
           251     798.5E-03         2.740    -164.2E-03
           252         1.675         2.792    -237.9E-03
           253        -1.791         2.853     175.3E-03
           254    -903.3E-03         2.800     125.0E-03
           255    -366.8E-03         2.772     65.56E-03
           256     236.7E-18         2.764    -33.28E-18
           257     366.8E-03         2.772    -65.56E-03
           258     903.3E-03         2.800    -125.0E-03
           259         1.791         2.853    -175.3E-03
           260        -1.810         2.888     118.8E-03
           261    -934.3E-03         2.830     88.35E-03
           262    -386.2E-03         2.799     47.17E-03
           263    -91.41E-18         2.790    -133.4E-18
           264     386.2E-03         2.799    -47.17E-03
           265     934.3E-03         2.830    -88.35E-03
           266         1.810         2.888    -118.8E-03
           267        -1.801         2.904     74.75E-03
           268    -935.0E-03         2.842     57.99E-03
           269    -388.5E-03         2.808     31.46E-03
           270     109.6E-18         2.799    -46.31E-18
           271     388.5E-03         2.808    -31.46E-03
           272     935.0E-03         2.842    -57.99E-03
           273         1.801         2.904    -74.75E-03
           274        -1.787         2.911     42.86E-03
           275    -927.2E-03         2.845     34.33E-03
           276    -385.1E-03         2.810     18.88E-03
           277    -10.13E-18         2.800    -27.84E-18
           278     385.1E-03         2.810    -18.88E-03
           279     927.2E-03         2.845    -34.33E-03
           280         1.787         2.911    -42.86E-03
           281        -1.778         2.913     19.37E-03
           282    -920.3E-03         2.846     15.82E-03
           283    -381.6E-03         2.810     8.778E-03
           284    -107.1E-18         2.799    -33.82E-18
           285     381.6E-03         2.810    -8.778E-03
           286     920.3E-03         2.846    -15.82E-03
           287         1.778         2.913    -19.37E-03
           288        -1.774         2.913     984.1E-36
           289    -917.8E-03         2.846     1.751E-33
           290    -380.3E-03         2.809     790.3E-36
           291     158.0E-18         2.798    -80.64E-36
           292     380.3E-03         2.809    -959.0E-36
           293     917.8E-03         2.846    -1.928E-33
           294         1.774         2.913    -984.1E-36
           295        -1.369         1.666     458.8E-03
           296    -606.8E-03         1.565     319.1E-03
           297    -227.3E-03         1.520     164.0E-03
           298    -38.92E-18         1.511    -60.65E-18
           299     227.3E-03         1.520    -164.0E-03
           300     606.8E-03         1.565    -319.1E-03
           301         1.369         1.666    -458.8E-03
           302        -1.474         1.777     334.7E-03
           303    -697.5E-03         1.673     241.1E-03
           304    -274.9E-03         1.631     126.4E-03
           305     243.3E-18         1.622    -122.9E-18
           306     274.9E-03         1.631    -126.4E-03
           307     697.5E-03         1.673    -241.1E-03
           308         1.474         1.777    -334.7E-03
           309        -1.492         1.836     222.5E-03
           310    -720.4E-03         1.722     168.2E-03
           311    -289.1E-03         1.673     90.05E-03
           312    -140.6E-18         1.664    -153.8E-18
           313     289.1E-03         1.673    -90.05E-03
           314     720.4E-03         1.722    -168.2E-03
           315         1.492         1.836    -222.5E-03
           316        -1.488         1.862     138.7E-03
           317    -719.2E-03         1.739     109.1E-03
           318    -289.5E-03         1.686     59.52E-03
           319     138.6E-18         1.674    -21.85E-18
           320     289.5E-03         1.686    -59.52E-03
           321     719.2E-03         1.739    -109.1E-03
           322         1.488         1.862    -138.7E-03
           323        -1.478         1.872     79.36E-03
           324    -712.3E-03         1.744     64.21E-03
           325    -286.2E-03         1.687     35.48E-03
           326    -876.6E-21         1.674    -48.04E-18
           327     286.2E-03         1.687    -35.48E-03
           328     712.3E-03         1.744    -64.21E-03
           329         1.478         1.872    -79.36E-03
           330        -1.471         1.876     35.86E-03
           331    -706.6E-03         1.745     29.50E-03
           332    -283.1E-03         1.685     16.44E-03
           333    -37.04E-18         1.672    -26.78E-18
           334     283.1E-03         1.685    -16.44E-03
           335     706.6E-03         1.745    -29.50E-03
           336         1.471         1.876    -35.86E-03
           337        -1.468         1.877     1.923E-33
           338    -704.5E-03         1.744     3.491E-33
           339    -282.0E-03         1.684     1.495E-33
           340     117.7E-18         1.671    -196.8E-36
           341     282.0E-03         1.684    -1.943E-33
           342     704.5E-03         1.744    -4.086E-33
           343         1.468         1.877    -1.923E-33
           344    -842.3E-03     689.8E-03     658.0E-03
           345    -323.5E-03     565.0E-03     456.1E-03
           346    -114.3E-03     531.5E-03     227.0E-03
           347    -64.70E-18     533.1E-03    -73.43E-18
           348     114.3E-03     531.5E-03    -227.0E-03
           349     323.5E-03     565.0E-03    -456.1E-03
           350     842.3E-03     689.8E-03    -658.0E-03
           351    -926.8E-03     837.2E-03     453.4E-03
           352    -384.5E-03     702.5E-03     334.8E-03
           353    -143.1E-03     667.4E-03     173.8E-03
           354     248.2E-18     669.2E-03    -33.46E-18
           355     143.1E-03     667.4E-03    -173.8E-03
           356     384.5E-03     702.5E-03    -334.8E-03
           357     926.8E-03     837.2E-03    -453.4E-03
           358    -948.0E-03     898.9E-03     293.6E-03
           359    -395.9E-03     747.7E-03     228.4E-03
           360    -149.6E-03     706.1E-03     122.3E-03
           361    -149.1E-18     707.2E-03    -60.07E-18
           362     149.6E-03     706.1E-03    -122.3E-03
           363     395.9E-03     747.7E-03    -228.4E-03
           364     948.0E-03     898.9E-03    -293.6E-03
           365    -948.7E-03     922.2E-03     181.4E-03
           366    -393.6E-03     759.0E-03     146.1E-03
           367    -148.7E-03     712.0E-03     79.92E-03
           368    -31.79E-18     712.1E-03    -13.67E-18
           369     148.7E-03     712.0E-03    -79.92E-03
           370     393.6E-03     759.0E-03    -146.1E-03
           371     948.7E-03     922.2E-03    -181.4E-03
           372    -944.7E-03     932.1E-03     103.8E-03
           373    -388.8E-03     761.4E-03     85.29E-03
           374    -146.2E-03     710.5E-03     47.33E-03
           375    -26.88E-18     709.7E-03    -27.47E-18
           376     146.2E-03     710.5E-03    -47.33E-03
           377     388.8E-03     761.4E-03    -85.29E-03
           378     944.7E-03     932.1E-03    -103.8E-03
           379    -940.9E-03     935.9E-03     46.99E-03
           380    -385.2E-03     761.1E-03     39.06E-03
           381    -144.1E-03     708.0E-03     21.85E-03
           382     66.43E-18     706.6E-03    -16.23E-18
           383     144.1E-03     708.0E-03    -21.85E-03
           384     385.2E-03     761.1E-03    -39.06E-03
           385     940.9E-03     935.9E-03    -46.99E-03
           386    -939.5E-03     936.9E-03     3.382E-33
           387    -383.9E-03     760.9E-03     5.580E-33
           388    -143.4E-03     707.0E-03     2.294E-33
           389     5.304E-18     705.5E-03    -344.9E-36
           390     143.4E-03     707.0E-03    -3.072E-33
           391     383.9E-03     760.9E-03    -6.384E-33
           392     939.5E-03     936.9E-03    -3.382E-33
           393           -0.            0.     784.2E-03
           394     8.265E-33    -5.750E-33     508.5E-03
           395     4.894E-33    -5.138E-33     251.5E-03
           396     2.690E-33    -4.180E-33    -123.3E-18
           397    -1.116E-33    -3.034E-33    -251.5E-03
           398    -7.300E-33     216.7E-36    -508.5E-03
           399            0.            0.    -784.2E-03
           400     5.419E-33     3.083E-33     495.5E-03
           401     23.48E-33    -7.853E-33     373.2E-03
           402     10.54E-33    -10.28E-33     193.0E-03
           403     2.001E-33    -9.543E-33    -23.34E-18
           404    -8.245E-33    -8.268E-33    -193.0E-03
           405    -23.75E-33    -1.270E-33    -373.2E-03
           406    -5.419E-33     3.083E-33    -495.5E-03
           407     5.435E-33     3.249E-33     316.1E-03
           408     25.39E-33    -8.711E-33     251.7E-03
           409     11.44E-33    -11.27E-33     134.7E-03
           410     2.253E-33    -10.28E-33    -51.25E-18
           411    -8.673E-33    -8.832E-33    -134.7E-03
           412    -24.49E-33    -746.3E-36    -251.7E-03
           413    -5.435E-33     3.249E-33    -316.1E-03
           414     5.353E-33     3.366E-33     195.6E-03
           415     26.03E-33    -8.955E-33     160.2E-03
           416     11.74E-33    -11.58E-33     87.68E-03
           417     2.316E-33    -10.49E-33    -30.13E-18
           418    -8.846E-33    -8.968E-33    -87.68E-03
           419    -24.73E-33    -610.1E-36    -160.2E-03
           420    -5.353E-33     3.366E-33    -195.6E-03
           421     5.343E-33     3.390E-33     112.1E-03
           422     26.24E-33    -8.985E-33     93.23E-03
           423     11.84E-33    -11.68E-33     51.80E-03
           424     2.333E-33    -10.57E-33    -48.76E-18
           425    -8.903E-33    -9.014E-33    -51.80E-03
           426    -24.80E-33    -599.7E-36    -93.23E-03
           427    -5.343E-33     3.390E-33    -112.1E-03
           428     5.355E-33     3.376E-33     50.86E-03
           429     26.32E-33    -8.988E-33     42.65E-03
           430     11.88E-33    -11.75E-33     23.88E-03
           431     2.341E-33    -10.64E-33    -37.28E-18
           432    -8.922E-33    -9.086E-33    -23.88E-03
           433    -24.82E-33    -649.9E-36    -42.65E-03
           434    -5.355E-33     3.376E-33    -50.86E-03
           435           -0.            0.           -0.
           436     9.301E-33    -5.761E-33     1.351E-33
           437     4.958E-33    -4.830E-33     345.5E-36
           438     2.347E-33    -3.592E-33    -458.2E-36
           439    -1.990E-33    -2.194E-33    -1.637E-33
           440    -7.770E-33     2.504E-33    -3.682E-33
           441           -0.            0.            0.
           442    -904.8E-03         7.215    -556.1E-03
           443    -577.7E-03         7.262    -401.1E-03
           444    -364.7E-03         7.341    -395.9E-03
           445    -505.3E-03         7.399    -555.9E-03
           446            0.            8.    -661.5E-03
           447    -31.88E-33            8.    -444.4E-03
           448    -42.75E-33            8.    -453.4E-03
           449            0.            8.    -625.3E-03
           450    -154.3E-03         7.810    -494.1E-03
           451    -450.4E-03         7.700    -740.0E-03
           452    -184.7E-03         7.701    -363.1E-03
           453    -505.0E-03         7.573    -487.9E-03
           454    -240.6E-03         7.324    -257.6E-03
           455    -132.8E-03         7.374    -201.4E-03
           456    -196.2E-03         7.460    -341.5E-03
           457            0.            8.    -380.2E-03
           458    -19.19E-33            8.    -223.0E-03
           459    -19.13E-33            8.    -285.9E-03
           460    -59.17E-03         7.811    -246.4E-03
           461    -74.52E-03         7.700    -187.9E-03
           462    -66.96E-03         7.331    -87.62E-03
           463     136.4E-18         7.373    -62.79E-18
           464    -52.58E-03         7.468    -112.9E-03
           465            0.            8.    -125.0E-03
           466    -9.899E-33            8.     81.99E-18
           467    -5.438E-33            8.    -96.95E-03
           468    -186.7E-18         7.806     142.5E-18
           469     63.91E-18         7.695    -24.90E-18
           470     66.96E-03         7.331     87.62E-03
           471     132.8E-03         7.374     201.4E-03
           472     52.58E-03         7.468     112.9E-03
           473           -0.            8.     125.0E-03
           474     1.989E-33            8.     223.0E-03
           475     5.438E-33            8.     96.95E-03
           476     59.17E-03         7.811     246.4E-03
           477     74.52E-03         7.700     187.9E-03
           478     240.6E-03         7.324     257.6E-03
           479     364.7E-03         7.341     395.9E-03
           480     196.2E-03         7.460     341.5E-03
           481            0.            8.     380.2E-03
           482     23.47E-33            8.     444.4E-03
           483     19.13E-33            8.     285.9E-03
           484     154.3E-03         7.810     494.1E-03
           485     184.7E-03         7.701     363.1E-03
           486     577.7E-03         7.262     401.1E-03
           487     904.8E-03         7.215     556.1E-03
           488     505.3E-03         7.399     555.9E-03
           489           -0.            8.     661.5E-03
           490           -0.            8.     625.3E-03
           491     42.75E-33            8.     453.4E-03
           492     450.4E-03         7.700     740.0E-03
           493     505.0E-03         7.573     487.9E-03
           494    -941.5E-03         7.124    -367.4E-03
           495    -589.3E-03         7.212    -267.9E-03
           496    -393.2E-03         7.268    -279.0E-03
           497    -37.02E-33            8.    -308.9E-03
           498    -44.41E-33            8.    -295.6E-03
           499            0.            8.    -395.1E-03
           500    -188.1E-03         7.685    -245.7E-03
           501    -516.0E-03         7.539    -310.8E-03
           502    -249.8E-03         7.284    -178.7E-03
           503    -148.0E-03         7.306    -147.2E-03
           504    -22.61E-33            8.    -162.9E-03
           505    -20.11E-33            8.    -197.1E-03
           506    -77.99E-03         7.685    -131.5E-03
           507    -70.57E-03         7.293    -62.05E-03
           508     133.2E-18         7.304    -86.59E-18
           509    -11.74E-33            8.    -284.0E-18
           510    -5.768E-33            8.    -68.38E-03
           511     6.674E-18         7.680    -431.4E-18
           512     70.57E-03         7.293     62.05E-03
           513     148.0E-03         7.306     147.2E-03
           514     1.696E-33            8.     162.9E-03
           515     5.768E-33            8.     68.38E-03
           516     77.99E-03         7.685     131.5E-03
           517     249.8E-03         7.284     178.7E-03
           518     393.2E-03         7.268     279.0E-03
           519     24.33E-33            8.     308.9E-03
           520     20.11E-33            8.     197.1E-03
           521     188.1E-03         7.685     245.7E-03
           522     589.3E-03         7.212     267.9E-03
           523     941.5E-03         7.124     367.4E-03
           524           -0.            8.     395.1E-03
           525     44.41E-33            8.     295.6E-03
           526     516.0E-03         7.539     310.8E-03
           527    -949.4E-03         7.087    -232.2E-03
           528    -586.5E-03         7.196    -168.6E-03
           529    -395.4E-03         7.245    -184.2E-03
           530    -38.40E-33            8.    -202.2E-03
           531    -44.97E-33            8.    -184.6E-03
           532            0.            8.    -249.8E-03
           533    -185.7E-03         7.681    -156.4E-03
           534    -517.1E-03         7.523    -192.3E-03
           535    -248.0E-03         7.276    -115.8E-03
           536    -149.7E-03         7.289    -99.83E-03
           537    -23.33E-33            8.    -109.7E-03
           538    -20.47E-33            8.    -127.1E-03
           539    -77.30E-03         7.683    -85.71E-03
           540    -70.22E-03         7.288    -40.80E-03
           541     148.4E-18         7.288    -87.32E-18
           542    -11.89E-33            8.    -259.2E-18
           543    -5.891E-33            8.    -44.76E-03
           544     9.134E-18         7.678     21.33E-18
           545     70.22E-03         7.288     40.80E-03
           546     149.7E-03         7.289     99.83E-03
           547     2.013E-33            8.     109.7E-03
           548     5.891E-33            8.     44.76E-03
           549     77.30E-03         7.683     85.71E-03
           550     248.0E-03         7.276     115.8E-03
           551     395.4E-03         7.245     184.2E-03
           552     24.89E-33            8.     202.2E-03
           553     20.47E-33            8.     127.1E-03
           554     185.7E-03         7.681     156.4E-03
           555     586.5E-03         7.196     168.6E-03
           556     949.4E-03         7.087     232.2E-03
           557           -0.            8.     249.8E-03
           558     44.97E-33            8.     184.6E-03
           559     517.1E-03         7.523     192.3E-03
           560    -946.9E-03         7.072    -139.2E-03
           561    -581.2E-03         7.191    -97.51E-03
           562    -391.2E-03         7.239    -113.4E-03
           563    -38.77E-33            8.    -124.0E-03
           564    -45.16E-33            8.    -106.5E-03
           565            0.            8.    -150.0E-03
           566    -182.6E-03         7.680    -91.12E-03
           567    -514.9E-03         7.516    -110.1E-03
           568    -244.1E-03         7.276    -68.13E-03
           569    -147.5E-03         7.288    -62.54E-03
           570    -23.44E-33            8.    -68.51E-03
           571    -20.61E-33            8.    -74.57E-03
           572    -75.81E-03         7.685    -50.66E-03
           573    -68.94E-03         7.290    -24.24E-03
           574    -32.86E-18         7.289     27.00E-18
           575    -11.82E-33            8.    -205.3E-18
           576    -5.936E-33            8.    -26.54E-03
           577    -51.77E-18         7.681    -95.29E-18
           578     68.94E-03         7.290     24.24E-03
           579     147.5E-03         7.288     62.54E-03
           580     2.187E-33            8.     68.51E-03
           581     5.936E-33            8.     26.54E-03
           582     75.81E-03         7.685     50.66E-03
           583     244.1E-03         7.276     68.13E-03
           584     391.2E-03         7.239     113.4E-03
           585     25.06E-33            8.     124.0E-03
           586     20.61E-33            8.     74.57E-03
           587     182.6E-03         7.680     91.12E-03
           588     581.2E-03         7.191     97.51E-03
           589     946.9E-03         7.072     139.2E-03
           590           -0.            8.     150.0E-03
           591     45.16E-33            8.     106.5E-03
           592     514.9E-03         7.516     110.1E-03
           593    -942.6E-03         7.066    -73.47E-03
           594    -577.2E-03         7.189    -44.41E-03
           595    -386.8E-03         7.239    -60.79E-03
           596    -38.81E-33            8.    -66.38E-03
           597    -45.25E-33            8.    -48.45E-03
           598            0.            8.    -79.41E-03
           599    -180.3E-03         7.681    -41.69E-03
           600    -512.9E-03         7.513    -49.90E-03
           601    -241.1E-03         7.278    -31.34E-03
           602    -145.0E-03         7.291    -33.90E-03
           603    -23.39E-33            8.    -37.07E-03
           604    -20.67E-33            8.    -34.26E-03
           605    -74.66E-03         7.687    -23.36E-03
           606    -67.91E-03         7.293    -11.21E-03
           607    -53.90E-18         7.292    -68.57E-18
           608    -11.72E-33            8.    -49.96E-18
           609    -5.959E-33            8.    -12.26E-03
           610    -30.87E-18         7.683    -95.88E-18
           611     67.91E-03         7.293     11.21E-03
           612     145.0E-03         7.291     33.90E-03
           613     2.278E-33            8.     37.07E-03
           614     5.959E-33            8.     12.26E-03
           615     74.66E-03         7.687     23.36E-03
           616     241.1E-03         7.278     31.34E-03
           617     386.8E-03         7.239     60.79E-03
           618     25.08E-33            8.     66.38E-03
           619     20.67E-33            8.     34.26E-03
           620     180.3E-03         7.681     41.69E-03
           621     577.2E-03         7.189     44.41E-03
           622     942.6E-03         7.066     73.47E-03
           623           -0.            8.     79.41E-03
           624     45.25E-33            8.     48.45E-03
           625     512.9E-03         7.513     49.90E-03
           626    -939.9E-03         7.063    -22.88E-03
           627    -575.8E-03         7.189     8.488E-33
           628    -384.2E-03         7.239    -19.07E-03
           629    -38.79E-33            8.    -20.82E-03
           630            0.            8.           -0.
           631            0.            8.    -24.77E-03
           632    -179.6E-03         7.681     7.353E-33
           633    -512.2E-03         7.512           -0.
           634    -240.1E-03         7.278     4.381E-33
           635    -143.6E-03         7.293    -10.69E-03
           636    -23.33E-33            8.    -11.69E-03
           637           -0.            8.            0.
           638    -74.24E-03         7.687     2.476E-33
           639    -67.53E-03         7.295     1.421E-33
           640     33.55E-18         7.294    -73.09E-18
           641    -11.66E-33            8.    -169.4E-18
           642            0.            8.           -0.
           643    -102.3E-18         7.684    -943.7E-36
           644     67.53E-03         7.295    -1.421E-33
           645     143.6E-03         7.293     10.69E-03
           646     2.315E-33            8.     11.69E-03
           647           -0.            8.            0.
           648     74.24E-03         7.687    -5.106E-33
           649     240.1E-03         7.278    -4.381E-33
           650     384.2E-03         7.239     19.07E-03
           651     25.08E-33            8.     20.82E-03
           652            0.            8.           -0.
           653     179.6E-03         7.681    -10.71E-33
           654     575.8E-03         7.189    -8.488E-33
           655     939.9E-03         7.063     22.88E-03
           656            0.            8.     24.77E-03
           657            0.            8.            0.
           658     512.2E-03         7.512            0.
           659        -1.440         6.274    -396.5E-03
           660        -1.030         6.278    -290.2E-03
           661    -665.0E-03         6.373    -280.5E-03
           662    -923.1E-03         6.388    -391.8E-03
           663    -472.9E-03         6.967    -391.7E-03
           664        -1.138         6.844    -561.7E-03
           665    -551.5E-03         6.839    -292.3E-03
           666        -1.236         6.709    -400.7E-03
           667    -457.9E-03         6.354    -186.1E-03
           668    -257.0E-03         6.415    -145.7E-03
           669    -387.0E-03         6.463    -243.6E-03
           670    -172.7E-03         7.009    -198.7E-03
           671    -212.4E-03         6.879    -152.7E-03
           672    -128.8E-03         6.376    -63.92E-03
           673    -10.27E-18         6.423    -195.6E-18
           674    -104.8E-03         6.487    -82.34E-03
           675    -239.0E-18         7.015    -308.2E-18
           676     138.7E-18         6.885    -145.8E-18
           677     128.8E-03         6.376     63.92E-03
           678     257.0E-03         6.415     145.7E-03
           679     104.8E-03         6.487     82.34E-03
           680     172.7E-03         7.009     198.7E-03
           681     212.4E-03         6.879     152.7E-03
           682     457.9E-03         6.354     186.1E-03
           683     665.0E-03         6.373     280.5E-03
           684     387.0E-03         6.463     243.6E-03
           685     472.9E-03         6.967     391.7E-03
           686     551.5E-03         6.839     292.3E-03
           687         1.030         6.278     290.2E-03
           688         1.440         6.274     396.5E-03
           689     923.1E-03         6.388     391.8E-03
           690         1.138         6.844     561.7E-03
           691         1.236         6.709     400.7E-03
           692        -1.489         6.188    -275.8E-03
           693        -1.054         6.224    -199.0E-03
           694    -714.2E-03         6.297    -203.3E-03
           695    -568.6E-03         6.787    -201.6E-03
           696        -1.257         6.643    -263.1E-03
           697    -477.9E-03         6.309    -131.5E-03
           698    -284.7E-03         6.342    -107.7E-03
           699    -222.8E-03         6.834    -108.1E-03
           700    -136.2E-03         6.335    -45.77E-03
           701     167.8E-18         6.351    -167.4E-18
           702     100.4E-18         6.842    -293.5E-18
           703     136.2E-03         6.335     45.77E-03
           704     284.7E-03         6.342     107.7E-03
           705     222.8E-03         6.834     108.1E-03
           706     477.9E-03         6.309     131.5E-03
           707     714.2E-03         6.297     203.3E-03
           708     568.6E-03         6.787     201.6E-03
           709         1.054         6.224     199.0E-03
           710         1.489         6.188     275.8E-03
           711         1.257         6.643     263.1E-03
           712        -1.491         6.148    -177.3E-03
           713        -1.051         6.202    -127.1E-03
           714    -721.4E-03         6.267    -136.9E-03
           715    -566.6E-03         6.771    -129.9E-03
           716        -1.255         6.615    -163.3E-03
           717    -477.9E-03         6.294    -86.22E-03
           718    -290.3E-03         6.318    -73.95E-03
           719    -222.4E-03         6.824    -70.98E-03
           720    -136.6E-03         6.324    -30.37E-03
           721     8.356E-18         6.329    -31.84E-18
           722    -44.72E-18         6.834     91.91E-18
           723     136.6E-03         6.324     30.37E-03
           724     290.3E-03         6.318     73.95E-03
           725     222.4E-03         6.824     70.98E-03
           726     477.9E-03         6.294     86.22E-03
           727     721.4E-03         6.267     136.9E-03
           728     566.6E-03         6.771     129.9E-03
           729         1.051         6.202     127.1E-03
           730         1.491         6.148     177.3E-03
           731         1.255         6.615     163.3E-03
           732        -1.483         6.132    -106.5E-03
           733        -1.042         6.195    -73.93E-03
           734    -715.9E-03         6.257    -85.12E-03
           735    -560.5E-03         6.768    -76.12E-03
           736        -1.248         6.605    -93.35E-03
           737    -472.7E-03         6.292    -51.13E-03
           738    -288.0E-03         6.313    -46.76E-03
           739    -219.2E-03         6.824    -42.17E-03
           740    -134.9E-03         6.324    -18.17E-03
           741    -116.6E-18         6.325    -4.470E-18
           742    -84.07E-18         6.835    -102.7E-18
           743     134.9E-03         6.324     18.17E-03
           744     288.0E-03         6.313     46.76E-03
           745     219.2E-03         6.824     42.17E-03
           746     472.7E-03         6.292     51.13E-03
           747     715.9E-03         6.257     85.12E-03
           748     560.5E-03         6.768     76.12E-03
           749         1.042         6.195     73.93E-03
           750         1.483         6.132     106.5E-03
           751         1.248         6.605     93.35E-03
           752        -1.474         6.125    -56.14E-03
           753        -1.036         6.193    -33.73E-03
           754    -709.1E-03         6.255    -45.87E-03
           755    -555.7E-03         6.767    -34.91E-03
           756        -1.242         6.601    -42.23E-03
           757    -468.3E-03         6.293    -23.61E-03
           758    -284.5E-03         6.314    -25.47E-03
           759    -216.6E-03         6.827    -19.50E-03
           760    -133.4E-03         6.326    -8.431E-03
           761    -309.4E-18         6.327     37.08E-18
           762    -146.2E-18         6.838    -10.94E-18
           763     133.4E-03         6.326     8.431E-03
           764     284.5E-03         6.314     25.47E-03
           765     216.6E-03         6.827     19.50E-03
           766     468.3E-03         6.293     23.61E-03
           767     709.1E-03         6.255     45.87E-03
           768     555.7E-03         6.767     34.91E-03
           769         1.036         6.193     33.73E-03
           770         1.474         6.125     56.14E-03
           771         1.242         6.601     42.23E-03
           772        -1.469         6.123    -17.46E-03
           773        -1.033         6.192     4.609E-33
           774    -705.1E-03         6.255    -14.42E-03
           775    -554.0E-03         6.768     4.612E-33
           776        -1.240         6.600            0.
           777    -466.6E-03         6.293     2.757E-33
           778    -282.3E-03         6.315    -8.052E-03
           779    -215.6E-03         6.828     1.927E-33
           780    -132.8E-03         6.327     892.1E-36
           781    -121.9E-18         6.329    -53.19E-18
           782     74.07E-18         6.839    -629.1E-36
           783     132.8E-03         6.327    -892.1E-36
           784     282.3E-03         6.315     8.052E-03
           785     215.6E-03         6.828    -3.458E-33
           786     466.6E-03         6.293    -2.757E-33
           787     705.1E-03         6.255     14.42E-03
           788     554.0E-03         6.768    -7.124E-33
           789         1.033         6.192    -4.609E-33
           790         1.469         6.123     17.46E-03
           791         1.240         6.600            0.
           792        -1.754         5.174    -206.6E-03
           793        -1.292         5.178    -151.1E-03
           794    -863.5E-03         5.226    -144.7E-03
           795        -1.171         5.237    -201.0E-03
           796    -718.0E-03         5.863    -242.9E-03
           797        -1.547         5.786    -351.5E-03
           798    -817.5E-03         5.777    -184.8E-03
           799        -1.659         5.698    -258.2E-03
           800    -602.1E-03         5.217    -96.36E-03
           801    -344.7E-03         5.252    -75.29E-03
           802    -519.7E-03         5.277    -125.1E-03
           803    -274.1E-03         5.902    -125.3E-03
           804    -327.0E-03         5.815    -97.01E-03
           805    -172.8E-03         5.234    -33.21E-03
           806     52.14E-18         5.260    -37.75E-18
           807    -144.3E-03         5.294    -42.64E-03
           808    -154.3E-18         5.913     145.3E-18
           809     301.5E-18         5.824    -153.8E-18
           810     172.8E-03         5.234     33.21E-03
           811     344.7E-03         5.252     75.29E-03
           812     144.3E-03         5.294     42.64E-03
           813     274.1E-03         5.902     125.3E-03
           814     327.0E-03         5.815     97.01E-03
           815     602.1E-03         5.217     96.36E-03
           816     863.5E-03         5.226     144.7E-03
           817     519.7E-03         5.277     125.1E-03
           818     718.0E-03         5.863     242.9E-03
           819     817.5E-03         5.777     184.8E-03
           820         1.292         5.178     151.1E-03
           821         1.754         5.174     206.6E-03
           822         1.171         5.237     201.0E-03
           823         1.547         5.786     351.5E-03
           824         1.659         5.698     258.2E-03
           825        -1.807         5.127    -145.9E-03
           826        -1.322         5.145    -105.2E-03
           827    -925.1E-03         5.182    -106.1E-03
           828    -845.4E-03         5.736    -129.9E-03
           829        -1.677         5.649    -173.6E-03
           830    -629.0E-03         5.189    -68.85E-03
           831    -379.8E-03         5.211    -56.13E-03
           832    -344.1E-03         5.778    -69.47E-03
           833    -182.9E-03         5.208    -23.97E-03
           834     179.5E-18         5.219    -112.9E-18
           835     38.54E-18         5.789    -160.4E-18
           836     182.9E-03         5.208     23.97E-03
           837     379.8E-03         5.211     56.13E-03
           838     344.1E-03         5.778     69.47E-03
           839     629.0E-03         5.189     68.85E-03
           840     925.1E-03         5.182     106.1E-03
           841     845.4E-03         5.736     129.9E-03
           842         1.322         5.145     105.2E-03
           843         1.807         5.127     145.9E-03
           844         1.677         5.649     173.6E-03
           845        -1.807         5.103    -95.18E-03
           846        -1.319         5.131    -67.91E-03
           847    -936.8E-03         5.163    -72.34E-03
           848    -845.2E-03         5.720    -84.86E-03
           849        -1.670         5.627    -108.8E-03
           850    -631.1E-03         5.179    -45.65E-03
           851    -388.6E-03         5.195    -38.93E-03
           852    -345.5E-03         5.766    -46.16E-03
           853    -184.3E-03         5.199    -16.05E-03
           854     47.27E-18         5.204    -103.3E-18
           855     56.25E-18         5.778     64.37E-18
           856     184.3E-03         5.199     16.05E-03
           857     388.6E-03         5.195     38.93E-03
           858     345.5E-03         5.766     46.16E-03
           859     631.1E-03         5.179     45.65E-03
           860     936.8E-03         5.163     72.34E-03
           861     845.2E-03         5.720     84.86E-03
           862         1.319         5.131     67.91E-03
           863         1.807         5.103     95.18E-03
           864         1.670         5.627     108.8E-03
           865        -1.794         5.092    -57.51E-03
           866        -1.308         5.126    -39.70E-03
           867    -931.4E-03         5.156    -45.40E-03
           868    -837.8E-03         5.715    -50.10E-03
           869        -1.658         5.618    -62.29E-03
           870    -625.7E-03         5.176    -27.25E-03
           871    -387.0E-03         5.190    -24.81E-03
           872    -342.1E-03         5.765    -27.62E-03
           873    -182.6E-03         5.198    -9.659E-03
           874    -1.619E-18         5.200    -97.50E-18
           875    -182.9E-18         5.778    -146.6E-18
           876     182.6E-03         5.198     9.659E-03
           877     387.0E-03         5.190     24.81E-03
           878     342.1E-03         5.765     27.62E-03
           879     625.7E-03         5.176     27.25E-03
           880     931.4E-03         5.156     45.40E-03
           881     837.8E-03         5.715     50.10E-03
           882         1.308         5.126     39.70E-03
           883         1.794         5.092     57.51E-03
           884         1.658         5.618     62.29E-03
           885        -1.782         5.088    -30.33E-03
           886        -1.300         5.125    -18.15E-03
           887    -923.4E-03         5.154    -24.57E-03
           888    -831.4E-03         5.714    -23.06E-03
           889        -1.650         5.615    -28.15E-03
           890    -620.5E-03         5.176    -12.63E-03
           891    -383.2E-03         5.190    -13.59E-03
           892    -338.8E-03         5.766    -12.82E-03
           893    -180.9E-03         5.199    -4.499E-03
           894    -44.23E-18         5.201    -132.0E-18
           895    -65.85E-18         5.779    -51.77E-18
           896     180.9E-03         5.199     4.499E-03
           897     383.2E-03         5.190     13.59E-03
           898     338.8E-03         5.766     12.82E-03
           899     620.5E-03         5.176     12.63E-03
           900     923.4E-03         5.154     24.57E-03
           901     831.4E-03         5.714     23.06E-03
           902         1.300         5.125     18.15E-03
           903         1.782         5.088     30.33E-03
           904         1.650         5.615     28.15E-03
           905        -1.775         5.087    -9.427E-03
           906        -1.296         5.125     1.897E-33
           907    -918.4E-03         5.154    -7.739E-03
           908    -829.1E-03         5.714     2.706E-33
           909        -1.647         5.614            0.
           910    -618.5E-03         5.176     1.133E-33
           911    -380.6E-03         5.191    -4.305E-03
           912    -337.5E-03         5.766     1.126E-33
           913    -180.2E-03         5.199     371.1E-36
           914    -31.90E-18         5.202    -137.4E-18
           915     64.99E-18         5.780    -383.7E-36
           916     180.2E-03         5.199    -371.1E-36
           917     380.6E-03         5.191     4.305E-03
           918     337.5E-03         5.766    -1.932E-33
           919     618.5E-03         5.176    -1.133E-33
           920     918.4E-03         5.154     7.739E-03
           921     829.1E-03         5.714    -3.561E-33
           922         1.296         5.125    -1.897E-33
           923         1.775         5.087     9.427E-03
           924         1.647         5.614            0.
           925        -1.860            4.     189.6E-18
           926        -1.380            4.    -64.34E-18
           927    -929.5E-03            4.     109.0E-18
           928        -1.254            4.    -118.1E-18
           929    -846.3E-03         4.635    -82.64E-03
           930        -1.752         4.610    -119.8E-03
           931    -954.2E-03         4.605    -63.02E-03
           932        -1.871         4.579    -88.59E-03
           933    -652.1E-03            4.    -93.32E-18
           934    -375.3E-03            4.     2.402E-18
           935    -566.2E-03            4.    -56.68E-18
           936    -332.5E-03         4.650    -42.54E-03
           937    -390.6E-03         4.619    -33.05E-03
           938    -188.6E-03            4.    -74.22E-18
           939     78.54E-18            4.    -82.20E-18
           940    -158.8E-03            4.    -56.57E-18
           941    -97.72E-18         4.654     30.50E-18
           942     283.6E-18         4.623    -126.1E-18
           943     188.6E-03            4.    -90.82E-18
           944     375.3E-03            4.     36.49E-18
           945     158.8E-03            4.    -15.16E-18
           946     332.5E-03         4.650     42.54E-03
           947     390.6E-03         4.619     33.05E-03
           948     652.1E-03            4.    -157.9E-18
           949     929.5E-03            4.    -76.81E-18
           950     566.2E-03            4.    -123.9E-18
           951     846.3E-03         4.635     82.64E-03
           952     954.2E-03         4.605     63.02E-03
           953         1.380            4.    -141.1E-18
           954         1.860            4.    -6.119E-18
           955         1.254            4.    -151.8E-18
           956         1.752         4.610     119.8E-03
           957         1.871         4.579     88.59E-03
           958        -1.914            4.    -18.59E-18
           959        -1.411            4.     38.70E-18
           960    -994.3E-03            4.     45.09E-18
           961    -987.1E-03         4.589    -44.68E-03
           962        -1.890         4.561    -60.27E-03
           963    -681.4E-03            4.    -40.59E-18
           964    -412.5E-03            4.     2.885E-18
           965    -411.3E-03         4.605    -23.83E-03
           966    -199.7E-03            4.    -36.94E-18
           967    -27.38E-18            4.    -42.34E-18
           968    -78.46E-18         4.610    -176.0E-18
           969     199.7E-03            4.    -36.31E-18
           970     412.5E-03            4.    -7.163E-18
           971     411.3E-03         4.605     23.83E-03
           972     681.4E-03            4.    -80.75E-18
           973     994.3E-03            4.    -100.1E-18
           974     987.1E-03         4.589     44.68E-03
           975         1.411            4.    -35.95E-18
           976         1.914            4.    -44.96E-18
           977         1.890         4.561     60.27E-03
           978        -1.913            4.     59.49E-18
           979        -1.407            4.    -7.827E-18
           980        -1.007            4.     55.20E-18
           981    -988.2E-03         4.583    -29.41E-03
           982        -1.880         4.552    -38.03E-03
           983    -684.3E-03            4.     7.874E-18
           984    -422.6E-03            4.    -88.66E-18
           985    -414.0E-03         4.600    -15.94E-03
           986    -201.4E-03            4.    -84.57E-18
           987     76.81E-18            4.    -12.03E-18
           988     58.84E-18         4.605     24.83E-18
           989     201.4E-03            4.    -16.47E-18
           990     422.6E-03            4.    -92.41E-18
           991     414.0E-03         4.600     15.94E-03
           992     684.3E-03            4.    -88.62E-18
           993         1.007            4.     37.77E-18
           994     988.2E-03         4.583     29.41E-03
           995         1.407            4.    -44.52E-18
           996         1.913            4.     63.66E-18
           997         1.880         4.552     38.03E-03
           998        -1.899            4.     124.2E-18
           999        -1.396            4.    -1.802E-18
          1000        -1.002            4.     54.25E-18
          1001    -980.2E-03         4.581    -17.44E-03
          1002        -1.866         4.549    -21.83E-03
          1003    -678.8E-03            4.    -43.98E-18
          1004    -421.2E-03            4.    -57.46E-18
          1005    -410.7E-03         4.599    -9.582E-03
          1006    -199.8E-03            4.    -109.1E-18
          1007    -62.15E-18            4.    -18.39E-18
          1008    -80.35E-18         4.605    -128.2E-18
          1009     199.8E-03            4.    -48.50E-18
          1010     421.2E-03            4.    -18.74E-18
          1011     410.7E-03         4.599     9.582E-03
          1012     678.8E-03            4.    -123.2E-18
          1013         1.002            4.     17.00E-18
          1014     980.2E-03         4.581     17.44E-03
          1015         1.396            4.     39.75E-18
          1016         1.899            4.     208.9E-18
          1017         1.866         4.549     21.83E-03
          1018        -1.886            4.     140.2E-18
          1019        -1.387            4.    -73.30E-18
          1020    -993.6E-03            4.     172.4E-18
          1021    -973.0E-03         4.580    -8.046E-03
          1022        -1.855         4.547    -9.867E-03
          1023    -673.4E-03            4.    -43.97E-18
          1024    -417.3E-03            4.     58.46E-18
          1025    -407.2E-03         4.599    -4.459E-03
          1026    -198.0E-03            4.    -90.60E-18
          1027    -103.0E-18            4.    -14.40E-18
          1028    -116.7E-18         4.605    -174.1E-18
          1029     198.0E-03            4.     5.044E-18
          1030     417.3E-03            4.     43.51E-18
          1031     407.2E-03         4.599     4.459E-03
          1032     673.4E-03            4.    -70.12E-18
          1033     993.6E-03            4.     36.15E-18
          1034     973.0E-03         4.580     8.046E-03
          1035         1.387            4.    -10.06E-18
          1036         1.886            4.     157.8E-18
          1037         1.855         4.547     9.867E-03
          1038        -1.879            4.     87.03E-18
          1039        -1.384            4.    -641.5E-36
          1040    -988.4E-03            4.     138.9E-18
          1041    -970.3E-03         4.580     842.4E-36
          1042        -1.852         4.547           -0.
          1043    -671.4E-03            4.    -352.7E-36
          1044    -414.7E-03            4.    -5.770E-18
          1045    -405.8E-03         4.599     356.4E-36
          1046    -197.3E-03            4.    -108.8E-36
          1047    -13.50E-18            4.    -12.27E-18
          1048     19.95E-18         4.605    -118.5E-36
          1049     197.3E-03            4.     108.8E-36
          1050     414.7E-03            4.     20.92E-18
          1051     405.8E-03         4.599    -624.1E-36
          1052     671.4E-03            4.     352.7E-36
          1053     988.4E-03            4.     5.498E-18
          1054     970.3E-03         4.580    -1.175E-33
          1055         1.384            4.     641.5E-36
          1056         1.879            4.     57.83E-18
          1057         1.852         4.547            0.
          1058        -1.754         2.826     206.6E-03
          1059        -1.292         2.822     151.1E-03
          1060    -863.5E-03         2.774     144.7E-03
          1061        -1.171         2.763     201.0E-03
          1062    -846.3E-03         3.365     82.64E-03
          1063        -1.752         3.390     119.8E-03
          1064    -954.2E-03         3.395     63.02E-03
          1065        -1.871         3.421     88.59E-03
          1066    -602.1E-03         2.783     96.36E-03
          1067    -344.7E-03         2.748     75.29E-03
          1068    -519.7E-03         2.723     125.1E-03
          1069    -332.5E-03         3.350     42.54E-03
          1070    -390.6E-03         3.381     33.05E-03
          1071    -172.8E-03         2.766     33.21E-03
          1072     163.3E-18         2.740    -49.92E-18
          1073    -144.3E-03         2.706     42.64E-03
          1074     33.05E-18         3.346    -67.47E-18
          1075     201.2E-18         3.377    -1.624E-18
          1076     172.8E-03         2.766    -33.21E-03
          1077     344.7E-03         2.748    -75.29E-03
          1078     144.3E-03         2.706    -42.64E-03
          1079     332.5E-03         3.350    -42.54E-03
          1080     390.6E-03         3.381    -33.05E-03
          1081     602.1E-03         2.783    -96.36E-03
          1082     863.5E-03         2.774    -144.7E-03
          1083     519.7E-03         2.723    -125.1E-03
          1084     846.3E-03         3.365    -82.64E-03
          1085     954.2E-03         3.395    -63.02E-03
          1086         1.292         2.822    -151.1E-03
          1087         1.754         2.826    -206.6E-03
          1088         1.171         2.763    -201.0E-03
          1089         1.752         3.390    -119.8E-03
          1090         1.871         3.421    -88.59E-03
          1091        -1.807         2.873     145.9E-03
          1092        -1.322         2.855     105.2E-03
          1093    -925.1E-03         2.818     106.1E-03
          1094    -987.1E-03         3.411     44.68E-03
          1095        -1.890         3.439     60.27E-03
          1096    -629.0E-03         2.811     68.85E-03
          1097    -379.8E-03         2.789     56.13E-03
          1098    -411.3E-03         3.395     23.83E-03
          1099    -182.9E-03         2.792     23.97E-03
          1100     65.40E-18         2.781    -108.8E-18
          1101    -112.0E-18         3.390    -150.0E-18
          1102     182.9E-03         2.792    -23.97E-03
          1103     379.8E-03         2.789    -56.13E-03
          1104     411.3E-03         3.395    -23.83E-03
          1105     629.0E-03         2.811    -68.85E-03
          1106     925.1E-03         2.818    -106.1E-03
          1107     987.1E-03         3.411    -44.68E-03
          1108         1.322         2.855    -105.2E-03
          1109         1.807         2.873    -145.9E-03
          1110         1.890         3.439    -60.27E-03
          1111        -1.807         2.897     95.18E-03
          1112        -1.319         2.869     67.91E-03
          1113    -936.8E-03         2.837     72.34E-03
          1114    -988.2E-03         3.417     29.41E-03
          1115        -1.880         3.448     38.03E-03
          1116    -631.1E-03         2.821     45.65E-03
          1117    -388.6E-03         2.805     38.93E-03
          1118    -414.0E-03         3.400     15.94E-03
          1119    -184.3E-03         2.801     16.05E-03
          1120     112.2E-18         2.796    -74.71E-18
          1121     19.05E-18         3.395     43.20E-18
          1122     184.3E-03         2.801    -16.05E-03
          1123     388.6E-03         2.805    -38.93E-03
          1124     414.0E-03         3.400    -15.94E-03
          1125     631.1E-03         2.821    -45.65E-03
          1126     936.8E-03         2.837    -72.34E-03
          1127     988.2E-03         3.417    -29.41E-03
          1128         1.319         2.869    -67.91E-03
          1129         1.807         2.897    -95.18E-03
          1130         1.880         3.448    -38.03E-03
          1131        -1.794         2.908     57.51E-03
          1132        -1.308         2.874     39.70E-03
          1133    -931.4E-03         2.844     45.40E-03
          1134    -980.2E-03         3.419     17.44E-03
          1135        -1.866         3.451     21.83E-03
          1136    -625.7E-03         2.824     27.25E-03
          1137    -387.0E-03         2.810     24.81E-03
          1138    -410.7E-03         3.401     9.582E-03
          1139    -182.6E-03         2.802     9.659E-03
          1140     37.71E-18         2.800    -72.82E-18
          1141     19.33E-18         3.395    -122.0E-18
          1142     182.6E-03         2.802    -9.659E-03
          1143     387.0E-03         2.810    -24.81E-03
          1144     410.7E-03         3.401    -9.582E-03
          1145     625.7E-03         2.824    -27.25E-03
          1146     931.4E-03         2.844    -45.40E-03
          1147     980.2E-03         3.419    -17.44E-03
          1148         1.308         2.874    -39.70E-03
          1149         1.794         2.908    -57.51E-03
          1150         1.866         3.451    -21.83E-03
          1151        -1.782         2.912     30.33E-03
          1152        -1.300         2.875     18.15E-03
          1153    -923.4E-03         2.846     24.57E-03
          1154    -973.0E-03         3.420     8.046E-03
          1155        -1.855         3.453     9.867E-03
          1156    -620.5E-03         2.824     12.63E-03
          1157    -383.2E-03         2.810     13.59E-03
          1158    -407.2E-03         3.401     4.459E-03
          1159    -180.9E-03         2.801     4.499E-03
          1160    -83.24E-18         2.799    -20.82E-18
          1161    -179.1E-18         3.395    -75.39E-18
          1162     180.9E-03         2.801    -4.499E-03
          1163     383.2E-03         2.810    -13.59E-03
          1164     407.2E-03         3.401    -4.459E-03
          1165     620.5E-03         2.824    -12.63E-03
          1166     923.4E-03         2.846    -24.57E-03
          1167     973.0E-03         3.420    -8.046E-03
          1168         1.300         2.875    -18.15E-03
          1169         1.782         2.912    -30.33E-03
          1170         1.855         3.453    -9.867E-03
          1171        -1.775         2.913     9.427E-03
          1172        -1.296         2.875    -3.315E-33
          1173    -918.4E-03         2.846     7.739E-03
          1174    -970.3E-03         3.420    -842.4E-36
          1175        -1.852         3.453           -0.
          1176    -618.5E-03         2.824    -1.885E-33
          1177    -380.6E-03         2.809     4.305E-03
          1178    -405.8E-03         3.401    -356.4E-36
          1179    -180.2E-03         2.801    -621.0E-36
          1180     20.61E-18         2.798    -401.1E-21
          1181     87.64E-18         3.395     118.5E-36
          1182     180.2E-03         2.801     621.0E-36
          1183     380.6E-03         2.809    -4.305E-03
          1184     405.8E-03         3.401     624.1E-36
          1185     618.5E-03         2.824     1.885E-33
          1186     918.4E-03         2.846    -7.739E-03
          1187     970.3E-03         3.420     1.175E-33
          1188         1.296         2.875     3.315E-33
          1189         1.775         2.913    -9.427E-03
          1190         1.852         3.453           -0.
          1191        -1.440         1.726     396.5E-03
          1192        -1.030         1.722     290.2E-03
          1193    -665.0E-03         1.627     280.5E-03
          1194    -923.1E-03         1.612     391.8E-03
          1195    -718.0E-03         2.137     242.9E-03
          1196        -1.547         2.214     351.5E-03
          1197    -817.5E-03         2.223     184.8E-03
          1198        -1.659         2.302     258.2E-03
          1199    -457.9E-03         1.646     186.1E-03
          1200    -257.0E-03         1.585     145.7E-03
          1201    -387.0E-03         1.537     243.6E-03
          1202    -274.1E-03         2.098     125.3E-03
          1203    -327.0E-03         2.185     97.01E-03
          1204    -128.8E-03         1.624     63.92E-03
          1205     166.0E-18         1.577    -108.3E-18
          1206    -104.8E-03         1.513     82.34E-03
          1207    -132.8E-18         2.087    -17.61E-18
          1208     230.7E-18         2.176    -113.0E-18
          1209     128.8E-03         1.624    -63.92E-03
          1210     257.0E-03         1.585    -145.7E-03
          1211     104.8E-03         1.513    -82.34E-03
          1212     274.1E-03         2.098    -125.3E-03
          1213     327.0E-03         2.185    -97.01E-03
          1214     457.9E-03         1.646    -186.1E-03
          1215     665.0E-03         1.627    -280.5E-03
          1216     387.0E-03         1.537    -243.6E-03
          1217     718.0E-03         2.137    -242.9E-03
          1218     817.5E-03         2.223    -184.8E-03
          1219         1.030         1.722    -290.2E-03
          1220         1.440         1.726    -396.5E-03
          1221     923.1E-03         1.612    -391.8E-03
          1222         1.547         2.214    -351.5E-03
          1223         1.659         2.302    -258.2E-03
          1224        -1.489         1.812     275.8E-03
          1225        -1.054         1.776     199.0E-03
          1226    -714.2E-03         1.703     203.3E-03
          1227    -845.4E-03         2.264     129.9E-03
          1228        -1.677         2.351     173.6E-03
          1229    -477.9E-03         1.691     131.5E-03
          1230    -284.7E-03         1.658     107.7E-03
          1231    -344.1E-03         2.222     69.47E-03
          1232    -136.2E-03         1.665     45.77E-03
          1233     40.06E-18         1.649    -118.6E-18
          1234    -88.44E-18         2.211    -193.3E-18
          1235     136.2E-03         1.665    -45.77E-03
          1236     284.7E-03         1.658    -107.7E-03
          1237     344.1E-03         2.222    -69.47E-03
          1238     477.9E-03         1.691    -131.5E-03
          1239     714.2E-03         1.703    -203.3E-03
          1240     845.4E-03         2.264    -129.9E-03
          1241         1.054         1.776    -199.0E-03
          1242         1.489         1.812    -275.8E-03
          1243         1.677         2.351    -173.6E-03
          1244        -1.491         1.852     177.3E-03
          1245        -1.051         1.798     127.1E-03
          1246    -721.4E-03         1.733     136.9E-03
          1247    -845.2E-03         2.280     84.86E-03
          1248        -1.670         2.373     108.8E-03
          1249    -477.9E-03         1.706     86.22E-03
          1250    -290.3E-03         1.682     73.95E-03
          1251    -345.5E-03         2.234     46.16E-03
          1252    -136.6E-03         1.676     30.37E-03
          1253     50.58E-18         1.671    -102.3E-18
          1254     153.2E-18         2.222     10.15E-18
          1255     136.6E-03         1.676    -30.37E-03
          1256     290.3E-03         1.682    -73.95E-03
          1257     345.5E-03         2.234    -46.16E-03
          1258     477.9E-03         1.706    -86.22E-03
          1259     721.4E-03         1.733    -136.9E-03
          1260     845.2E-03         2.280    -84.86E-03
          1261         1.051         1.798    -127.1E-03
          1262         1.491         1.852    -177.3E-03
          1263         1.670         2.373    -108.8E-03
          1264        -1.483         1.868     106.5E-03
          1265        -1.042         1.805     73.93E-03
          1266    -715.9E-03         1.743     85.12E-03
          1267    -837.8E-03         2.285     50.10E-03
          1268        -1.658         2.382     62.29E-03
          1269    -472.7E-03         1.708     51.13E-03
          1270    -288.0E-03         1.687     46.76E-03
          1271    -342.1E-03         2.235     27.62E-03
          1272    -134.9E-03         1.676     18.17E-03
          1273     85.19E-18         1.675    -54.72E-18
          1274    -9.645E-18         2.222    -55.22E-18
          1275     134.9E-03         1.676    -18.17E-03
          1276     288.0E-03         1.687    -46.76E-03
          1277     342.1E-03         2.235    -27.62E-03
          1278     472.7E-03         1.708    -51.13E-03
          1279     715.9E-03         1.743    -85.12E-03
          1280     837.8E-03         2.285    -50.10E-03
          1281         1.042         1.805    -73.93E-03
          1282         1.483         1.868    -106.5E-03
          1283         1.658         2.382    -62.29E-03
          1284        -1.474         1.875     56.14E-03
          1285        -1.036         1.807     33.73E-03
          1286    -709.1E-03         1.745     45.87E-03
          1287    -831.4E-03         2.286     23.06E-03
          1288        -1.650         2.385     28.15E-03
          1289    -468.3E-03         1.707     23.61E-03
          1290    -284.5E-03         1.686     25.47E-03
          1291    -338.8E-03         2.234     12.82E-03
          1292    -133.4E-03         1.674     8.431E-03
          1293     48.50E-18         1.673    -31.63E-18
          1294    -89.47E-18         2.221    -60.02E-18
          1295     133.4E-03         1.674    -8.431E-03
          1296     284.5E-03         1.686    -25.47E-03
          1297     338.8E-03         2.234    -12.82E-03
          1298     468.3E-03         1.707    -23.61E-03
          1299     709.1E-03         1.745    -45.87E-03
          1300     831.4E-03         2.286    -23.06E-03
          1301         1.036         1.807    -33.73E-03
          1302         1.474         1.875    -56.14E-03
          1303         1.650         2.385    -28.15E-03
          1304        -1.469         1.877     17.46E-03
          1305        -1.033         1.808    -6.740E-33
          1306    -705.1E-03         1.745     14.42E-03
          1307    -829.1E-03         2.286    -2.706E-33
          1308        -1.647         2.386            0.
          1309    -466.6E-03         1.707    -3.699E-33
          1310    -282.3E-03         1.685     8.052E-03
          1311    -337.5E-03         2.234    -1.126E-33
          1312    -132.8E-03         1.673    -1.140E-33
          1313     94.76E-18         1.671    -47.11E-18
          1314     168.9E-18         2.220     383.7E-36
          1315     132.8E-03         1.673     1.140E-33
          1316     282.3E-03         1.685    -8.052E-03
          1317     337.5E-03         2.234     1.932E-33
          1318     466.6E-03         1.707     3.699E-33
          1319     705.1E-03         1.745    -14.42E-03
          1320     829.1E-03         2.286     3.561E-33
          1321         1.033         1.808     6.740E-33
          1322         1.469         1.877    -17.46E-03
          1323         1.647         2.386           -0.
          1324    -904.8E-03     785.0E-03     556.1E-03
          1325    -577.7E-03     738.1E-03     401.1E-03
          1326    -364.7E-03     658.7E-03     395.9E-03
          1327    -505.3E-03     600.9E-03     555.9E-03
          1328    -472.9E-03         1.033     391.7E-03
          1329        -1.138         1.156     561.7E-03
          1330    -551.5E-03         1.161     292.3E-03
          1331        -1.236         1.291     400.7E-03
          1332    -240.6E-03     676.0E-03     257.6E-03
          1333    -132.8E-03     626.3E-03     201.4E-03
          1334    -196.2E-03     539.8E-03     341.5E-03
          1335    -172.7E-03     991.1E-03     198.7E-03
          1336    -212.4E-03         1.121     152.7E-03
          1337    -66.96E-03     668.5E-03     87.62E-03
          1338     123.8E-18     627.4E-03    -63.00E-18
          1339    -52.58E-03     532.4E-03     112.9E-03
          1340    -52.75E-18     984.7E-03    -36.06E-18
          1341     241.9E-18         1.115    -81.72E-18
          1342     66.96E-03     668.5E-03    -87.62E-03
          1343     132.8E-03     626.3E-03    -201.4E-03
          1344     52.58E-03     532.4E-03    -112.9E-03
          1345     172.7E-03     991.1E-03    -198.7E-03
          1346     212.4E-03         1.121    -152.7E-03
          1347     240.6E-03     676.0E-03    -257.6E-03
          1348     364.7E-03     658.7E-03    -395.9E-03
          1349     196.2E-03     539.8E-03    -341.5E-03
          1350     472.9E-03         1.033    -391.7E-03
          1351     551.5E-03         1.161    -292.3E-03
          1352     577.7E-03     738.1E-03    -401.1E-03
          1353     904.8E-03     785.0E-03    -556.1E-03
          1354     505.3E-03     600.9E-03    -555.9E-03
          1355         1.138         1.156    -561.7E-03
          1356         1.236         1.291    -400.7E-03
          1357    -941.5E-03     875.6E-03     367.4E-03
          1358    -589.3E-03     788.2E-03     267.9E-03
          1359    -393.2E-03     732.3E-03     279.0E-03
          1360    -568.6E-03         1.213     201.6E-03
          1361        -1.257         1.357     263.1E-03
          1362    -249.8E-03     716.4E-03     178.7E-03
          1363    -148.0E-03     694.1E-03     147.2E-03
          1364    -222.8E-03         1.166     108.1E-03
          1365    -70.57E-03     706.7E-03     62.05E-03
          1366     28.36E-18     695.6E-03    -48.58E-18
          1367    -161.3E-18         1.158    -107.8E-18
          1368     70.57E-03     706.7E-03    -62.05E-03
          1369     148.0E-03     694.1E-03    -147.2E-03
          1370     222.8E-03         1.166    -108.1E-03
          1371     249.8E-03     716.4E-03    -178.7E-03
          1372     393.2E-03     732.3E-03    -279.0E-03
          1373     568.6E-03         1.213    -201.6E-03
          1374     589.3E-03     788.2E-03    -267.9E-03
          1375     941.5E-03     875.6E-03    -367.4E-03
          1376         1.257         1.357    -263.1E-03
          1377    -949.4E-03     913.1E-03     232.2E-03
          1378    -586.5E-03     804.0E-03     168.6E-03
          1379    -395.4E-03     755.3E-03     184.2E-03
          1380    -566.6E-03         1.229     129.9E-03
          1381        -1.255         1.385     163.3E-03
          1382    -248.0E-03     724.2E-03     115.8E-03
          1383    -149.7E-03     710.9E-03     99.83E-03
          1384    -222.4E-03         1.176     70.98E-03
          1385    -70.22E-03     711.8E-03     40.80E-03
          1386    -38.78E-18     711.5E-03    -53.47E-18
          1387     26.49E-18         1.166    -1.512E-18
          1388     70.22E-03     711.8E-03    -40.80E-03
          1389     149.7E-03     710.9E-03    -99.83E-03
          1390     222.4E-03         1.176    -70.98E-03
          1391     248.0E-03     724.2E-03    -115.8E-03
          1392     395.4E-03     755.3E-03    -184.2E-03
          1393     566.6E-03         1.229    -129.9E-03
          1394     586.5E-03     804.0E-03    -168.6E-03
          1395     949.4E-03     913.1E-03    -232.2E-03
          1396         1.255         1.385    -163.3E-03
          1397    -946.9E-03     928.2E-03     139.2E-03
          1398    -581.2E-03     809.3E-03     97.51E-03
          1399    -391.2E-03     760.8E-03     113.4E-03
          1400    -560.5E-03         1.232     76.12E-03
          1401        -1.248         1.395     93.35E-03
          1402    -244.1E-03     724.1E-03     68.13E-03
          1403    -147.5E-03     711.6E-03     62.54E-03
          1404    -219.2E-03         1.176     42.17E-03
          1405    -68.94E-03     709.5E-03     24.24E-03
          1406    -23.62E-18     711.2E-03    -21.65E-18
          1407    -59.78E-18         1.165    -25.73E-18
          1408     68.94E-03     709.5E-03    -24.24E-03
          1409     147.5E-03     711.6E-03    -62.54E-03
          1410     219.2E-03         1.176    -42.17E-03
          1411     244.1E-03     724.1E-03    -68.13E-03
          1412     391.2E-03     760.8E-03    -113.4E-03
          1413     560.5E-03         1.232    -76.12E-03
          1414     581.2E-03     809.3E-03    -97.51E-03
          1415     946.9E-03     928.2E-03    -139.2E-03
          1416         1.248         1.395    -93.35E-03
          1417    -942.6E-03     934.4E-03     73.47E-03
          1418    -577.2E-03     810.8E-03     44.41E-03
          1419    -386.8E-03     761.3E-03     60.79E-03
          1420    -555.7E-03         1.233     34.91E-03
          1421        -1.242         1.399     42.23E-03
          1422    -241.1E-03     722.5E-03     31.34E-03
          1423    -145.0E-03     709.1E-03     33.90E-03
          1424    -216.6E-03         1.173     19.50E-03
          1425    -67.91E-03     706.6E-03     11.21E-03
          1426     33.96E-18     708.0E-03    -20.28E-18
          1427     23.79E-18         1.162    -43.18E-18
          1428     67.91E-03     706.6E-03    -11.21E-03
          1429     145.0E-03     709.1E-03    -33.90E-03
          1430     216.6E-03         1.173    -19.50E-03
          1431     241.1E-03     722.5E-03    -31.34E-03
          1432     386.8E-03     761.3E-03    -60.79E-03
          1433     555.7E-03         1.233    -34.91E-03
          1434     577.2E-03     810.8E-03    -44.41E-03
          1435     942.6E-03     934.4E-03    -73.47E-03
          1436         1.242         1.399    -42.23E-03
          1437    -939.9E-03     936.6E-03     22.88E-03
          1438    -575.8E-03     811.1E-03    -11.35E-33
          1439    -384.2E-03     761.0E-03     19.07E-03
          1440    -554.0E-03         1.232    -4.612E-33
          1441        -1.240         1.400            0.
          1442    -240.1E-03     721.8E-03    -5.918E-33
          1443    -143.6E-03     707.3E-03     10.69E-03
          1444    -215.6E-03         1.172    -1.927E-33
          1445    -67.53E-03     705.5E-03    -1.593E-33
          1446     28.84E-18     705.7E-03    -7.420E-18
          1447     71.55E-18         1.161     629.1E-36
          1448     67.53E-03     705.5E-03     1.593E-33
          1449     143.6E-03     707.3E-03    -10.69E-03
          1450     215.6E-03         1.172     3.458E-33
          1451     240.1E-03     721.8E-03     5.918E-33
          1452     384.2E-03     761.0E-03    -19.07E-03
          1453     554.0E-03         1.232     7.124E-33
          1454     575.8E-03     811.1E-03     11.35E-33
          1455     939.9E-03     936.6E-03    -22.88E-03
          1456         1.240         1.400            0.
          1457            0.           -0.     625.3E-03
          1458    -42.75E-33     3.309E-33     453.4E-03
          1459    -31.88E-33     18.54E-33     444.4E-03
          1460            0.           -0.     661.5E-03
          1461    -154.3E-03     189.6E-03     494.1E-03
          1462    -450.4E-03     300.3E-03     740.0E-03
          1463    -184.7E-03     298.6E-03     363.1E-03
          1464    -505.0E-03     426.9E-03     487.9E-03
          1465    -19.13E-33     9.458E-33     285.9E-03
          1466    -19.19E-33     15.66E-33     223.0E-03
          1467            0.           -0.     380.2E-03
          1468    -59.17E-03     189.0E-03     246.4E-03
          1469    -74.52E-03     300.1E-03     187.9E-03
          1470    -5.438E-33     10.02E-33     96.95E-03
          1471    -9.899E-33     12.43E-33    -95.74E-18
          1472            0.           -0.     125.0E-03
          1473    -15.20E-18     194.3E-03    -84.26E-18
          1474     135.7E-18     304.9E-03    -13.42E-18
          1475     5.438E-33     10.02E-33    -96.95E-03
          1476     1.989E-33     8.395E-33    -223.0E-03
          1477            0.            0.    -125.0E-03
          1478     59.17E-03     189.0E-03    -246.4E-03
          1479     74.52E-03     300.1E-03    -187.9E-03
          1480     19.13E-33     9.458E-33    -285.9E-03
          1481     23.47E-33     3.377E-33    -444.4E-03
          1482           -0.           -0.    -380.2E-03
          1483     154.3E-03     189.6E-03    -494.1E-03
          1484     184.7E-03     298.6E-03    -363.1E-03
          1485     42.75E-33     3.309E-33    -453.4E-03
          1486           -0.           -0.    -625.3E-03
          1487           -0.            0.    -661.5E-03
          1488     450.4E-03     300.3E-03    -740.0E-03
          1489     505.0E-03     426.9E-03    -487.9E-03
          1490            0.           -0.     395.1E-03
          1491    -44.41E-33     4.380E-33     295.6E-03
          1492    -37.02E-33     21.83E-33     308.9E-03
          1493    -188.1E-03     315.1E-03     245.7E-03
          1494    -516.0E-03     461.2E-03     310.8E-03
          1495    -20.11E-33     11.09E-33     197.1E-03
          1496    -22.61E-33     18.26E-33     162.9E-03
          1497    -77.99E-03     315.5E-03     131.5E-03
          1498    -5.768E-33     11.44E-33     68.38E-03
          1499    -11.74E-33     14.37E-33    -37.76E-18
          1500    -45.01E-18     320.4E-03    -44.82E-18
          1501     5.768E-33     11.44E-33    -68.38E-03
          1502     1.696E-33     9.551E-33    -162.9E-03
          1503     77.99E-03     315.5E-03    -131.5E-03
          1504     20.11E-33     11.09E-33    -197.1E-03
          1505     24.33E-33     3.087E-33    -308.9E-03
          1506     188.1E-03     315.1E-03    -245.7E-03
          1507     44.41E-33     4.380E-33    -295.6E-03
          1508           -0.           -0.    -395.1E-03
          1509     516.0E-03     461.2E-03    -310.8E-03
          1510            0.           -0.     249.8E-03
          1511    -44.97E-33     4.890E-33     184.6E-03
          1512    -38.40E-33     22.96E-33     202.2E-03
          1513    -185.7E-03     319.5E-03     156.4E-03
          1514    -517.1E-03     477.3E-03     192.3E-03
          1515    -20.47E-33     11.98E-33     127.1E-03
          1516    -23.33E-33     18.95E-33     109.7E-03
          1517    -77.30E-03     317.3E-03     85.71E-03
          1518    -5.891E-33     12.35E-33     44.76E-03
          1519    -11.89E-33     14.62E-33    -58.93E-18
          1520    -15.84E-18     321.8E-03    -18.53E-18
          1521     5.891E-33     12.35E-33    -44.76E-03
          1522     2.013E-33     9.398E-33    -109.7E-03
          1523     77.30E-03     317.3E-03    -85.71E-03
          1524     20.47E-33     11.98E-33    -127.1E-03
          1525     24.89E-33     2.593E-33    -202.2E-03
          1526     185.7E-03     319.5E-03    -156.4E-03
          1527     44.97E-33     4.890E-33    -184.6E-03
          1528           -0.           -0.    -249.8E-03
          1529     517.1E-03     477.3E-03    -192.3E-03
          1530            0.           -0.     150.0E-03
          1531    -45.16E-33     5.199E-33     106.5E-03
          1532    -38.77E-33     23.33E-33     124.0E-03
          1533    -182.6E-03     319.5E-03     91.12E-03
          1534    -514.9E-03     484.4E-03     110.1E-03
          1535    -20.61E-33     12.59E-33     74.57E-03
          1536    -23.44E-33     19.03E-33     68.51E-03
          1537    -75.81E-03     315.2E-03     50.66E-03
          1538    -5.936E-33     13.04E-33     26.54E-03
          1539    -11.82E-33     14.44E-33    -43.91E-18
          1540    -10.04E-18     319.2E-03    -33.24E-18
          1541     5.936E-33     13.04E-33    -26.54E-03
          1542     2.187E-33     9.010E-33    -68.51E-03
          1543     75.81E-03     315.2E-03    -50.66E-03
          1544     20.61E-33     12.59E-33    -74.57E-03
          1545     25.06E-33     2.182E-33    -124.0E-03
          1546     182.6E-03     319.5E-03    -91.12E-03
          1547     45.16E-33     5.199E-33    -106.5E-03
          1548           -0.            0.    -150.0E-03
          1549     514.9E-03     484.4E-03    -110.1E-03
          1550            0.           -0.     79.41E-03
          1551    -45.25E-33     5.416E-33     48.45E-03
          1552    -38.81E-33     23.46E-33     66.38E-03
          1553    -180.3E-03     318.9E-03     41.69E-03
          1554    -512.9E-03     487.4E-03     49.90E-03
          1555    -20.67E-33     13.07E-33     34.26E-03
          1556    -23.39E-33     18.98E-33     37.07E-03
          1557    -74.66E-03     313.3E-03     23.36E-03
          1558    -5.959E-33     13.63E-33     12.26E-03
          1559    -11.72E-33     14.24E-33    -58.16E-18
          1560     45.93E-18     316.9E-03    -27.59E-18
          1561     5.959E-33     13.63E-33    -12.26E-03
          1562     2.278E-33     8.714E-33    -37.07E-03
          1563     74.66E-03     313.3E-03    -23.36E-03
          1564     20.67E-33     13.07E-33    -34.26E-03
          1565     25.08E-33     1.928E-33    -66.38E-03
          1566     180.3E-03     318.9E-03    -41.69E-03
          1567     45.25E-33     5.416E-33    -48.45E-03
          1568           -0.           -0.    -79.41E-03
          1569     512.9E-03     487.4E-03    -49.90E-03
          1570            0.           -0.     24.77E-03
          1571           -0.           -0.            0.
          1572    -38.79E-33     23.49E-33     20.82E-03
          1573    -179.6E-03     318.6E-03    -7.353E-33
          1574    -512.2E-03     488.2E-03            0.
          1575            0.           -0.            0.
          1576    -23.33E-33     18.94E-33     11.69E-03
          1577    -74.24E-03     312.5E-03    -2.476E-33
          1578            0.            0.           -0.
          1579    -11.66E-33     14.12E-33    -9.804E-18
          1580    -1.065E-18     316.1E-03     943.7E-36
          1581            0.           -0.            0.
          1582     2.315E-33     8.562E-33    -11.69E-03
          1583     74.24E-03     312.5E-03     5.106E-33
          1584           -0.           -0.            0.
          1585     25.08E-33     1.806E-33    -20.82E-03
          1586     179.6E-03     318.6E-03     10.71E-33
          1587            0.           -0.            0.
          1588            0.           -0.    -24.77E-03
          1589     512.2E-03     488.2E-03            0.


  Minimum             -1.917    -11.75E-33    -784.2E-03
       At Node           211           430           399

  Maximum              1.917            8.     784.2E-03
       At Node           217           657           393

         Total     222.0E-18     6.356E+03    -7.168E-15


