0.0000000000000000E+00
4.2234934796587975E-01
8.3142228166493992E-01
1.2940775573345080E+00
1.7792741181561067E+00
2.2637531488263956E+00
2.7216538560718315E+00
3.1260213034946998E+00
3.4411783070570885E+00
0.0000000000000000E+00
3.2340100112517373E-01
7.7189504465126413E-01
1.2614236030715924E+00
1.7764540307605345E+00
2.2902606035269666E+00
2.7765628471980492E+00
3.2091916564850642E+00
3.5388784567547478E+00
0.0000000000000000E+00
3.0860400839640956E-01
7.4034729349956430E-01
1.2429725360624075E+00
1.7744089896333166E+00
2.3046451212678525E+00
2.8028357643841524E+00
3.2326633649165455E+00
3.5553004402470334E+00
0.0000000000000000E+00
3.0837230873757965E-01
7.3414722598871263E-01
1.2369185036206605E+00
1.7737007574375412E+00
2.3088645977909121E+00
2.8088302078729939E+00
3.2363625723704748E+00
3.5571805490335113E+00
0.0000000000000000E+00
3.0860400839640956E-01
7.4034729349956430E-01
1.2429725360624080E+00
1.7744089896333146E+00
2.3046451212678520E+00
2.8028357643841502E+00
3.2326633649165450E+00
3.5553004402470330E+00
0.0000000000000000E+00
3.2340100112517367E-01
7.7189504465126380E-01
1.2614236030715933E+00
1.7764540307605334E+00
2.2902606035269661E+00
2.7765628471980466E+00
3.2091916564850633E+00
3.5388784567547455E+00
0.0000000000000000E+00
4.2234934796587931E-01
8.3142228166493959E-01
1.2940775573345094E+00
1.7792741181561060E+00
2.2637531488263951E+00
2.7216538560718302E+00
3.1260213034946984E+00
3.4411783070570858E+00
0.0000000000000000E+00
4.2229098422008671E-01
8.3186409126458616E-01
1.2950925857493227E+00
1.7809882842530045E+00
2.2662363647525061E+00
2.7248444409657138E+00
3.1297091449039081E+00
3.4450448311979693E+00
0.0000000000000000E+00
3.2395931706548603E-01
7.7282869502433904E-01
1.2627488425044826E+00
1.7782566023034192E+00
2.2926154579895339E+00
2.7794384132359347E+00
3.2124344559475366E+00
3.5422528177989214E+00
0.0000000000000000E+00
3.0950396944269276E-01
7.4160874063229032E-01
1.2444914699308363E+00
1.7762681192576810E+00
2.3069281417357019E+00
2.8055289763338678E+00
3.2356459656568575E+00
3.5583861487738120E+00
0.0000000000000000E+00
3.0937378809172583E-01
7.3551880703258832E-01
1.2385058689279744E+00
1.7755803912629005E+00
2.3111255885871622E+00
2.8114647399930353E+00
3.2392607778121558E+00
3.5601724115648645E+00
0.0000000000000000E+00
3.0950396944269276E-01
7.4160874063229043E-01
1.2444914699308356E+00
1.7762681192576815E+00
2.3069281417357010E+00
2.8055289763338664E+00
3.2356459656568566E+00
3.5583861487738138E+00
0.0000000000000000E+00
3.2395931706548609E-01
7.7282869502433837E-01
1.2627488425044822E+00
1.7782566023034199E+00
2.2926154579895317E+00
2.7794384132359347E+00
3.2124344559475353E+00
3.5422528177989192E+00
0.0000000000000000E+00
4.2229098422008637E-01
8.3186409126458538E-01
1.2950925857493218E+00
1.7809882842530045E+00
2.2662363647525043E+00
2.7248444409657124E+00
3.1297091449039058E+00
3.4450448311979667E+00
0.0000000000000000E+00
4.2173180234005286E-01
8.3265790666957717E-01
1.2976737596548196E+00
1.7859458653455629E+00
2.2738709822949112E+00
2.7349441019439586E+00
3.1415349819873217E+00
3.4574900734969716E+00
0.0000000000000000E+00
3.2538921268900228E-01
7.7515810523522211E-01
1.2662780823344664E+00
1.7834690158084217E+00
2.2998401806871116E+00
2.7885451810269521E+00
3.2228511704245193E+00
3.5531350781100715E+00
0.0000000000000000E+00
3.1195833817411145E-01
7.4493715862431487E-01
1.2486064934338261E+00
1.7816516909184617E+00
2.3139299993810902E+00
2.8140715086219243E+00
3.2452551020334122E+00
3.5683709338411962E+00
0.0000000000000000E+00
3.1212084997316436E-01
7.3917192125087816E-01
1.2428286094151897E+00
1.7810275364666213E+00
2.3180608078445535E+00
2.8198291436747653E+00
3.2486126884566442E+00
3.5698709881845172E+00
0.0000000000000000E+00
3.1195833817411139E-01
7.4493715862431475E-01
1.2486064934338263E+00
1.7816516909184612E+00
2.3139299993810876E+00
2.8140715086219230E+00
3.2452551020334153E+00
3.5683709338411935E+00
0.0000000000000000E+00
3.2538921268900217E-01
7.7515810523522222E-01
1.2662780823344653E+00
1.7834690158084223E+00
2.2998401806871120E+00
2.7885451810269499E+00
3.2228511704245180E+00
3.5531350781100675E+00
0.0000000000000000E+00
4.2173180234005270E-01
8.3265790666957684E-01
1.2976737596548189E+00
1.7859458653455635E+00
2.2738709822949117E+00
2.7349441019439573E+00
3.1415349819873204E+00
3.4574900734969654E+00
0.0000000000000000E+00
4.1927703526624616E-01
8.3185949850123619E-01
1.3001820732174501E+00
1.7935205412982498E+00
2.2872963538228230E+00
2.7537059088871203E+00
3.1640132115128825E+00
3.4813008377168542E+00
0.0000000000000000E+00
3.2671380376471343E-01
7.7709768123815237E-01
1.2703808750260792E+00
1.7914329365139940E+00
2.3125083946516982E+00
2.8054999457227505E+00
3.2427237394718151E+00
3.5740332507121102E+00
0.0000000000000000E+00
3.1495347472052715E-01
7.4856767223855869E-01
1.2537244929443352E+00
1.7899063006454881E+00
2.3261922807395221E+00
2.8300290518680882E+00
3.2637047834224138E+00
3.5876853160140811E+00
0.0000000000000000E+00
3.1552250103377832E-01
7.4332234813051867E-01
1.2483150816549875E+00
1.7893944513081499E+00
2.3301994267702764E+00
2.8354789398209181E+00
3.2666347337559882E+00
3.5887111798130813E+00
0.0000000000000000E+00
3.1495347472052715E-01
7.4856767223855880E-01
1.2537244929443341E+00
1.7899063006454903E+00
2.3261922807395234E+00
2.8300290518680948E+00
3.2637047834224107E+00
3.5876853160140825E+00
0.0000000000000000E+00
3.2671380376471343E-01
7.7709768123815237E-01
1.2703808750260788E+00
1.7914329365139974E+00
2.3125083946516996E+00
2.8054999457227532E+00
3.2427237394718147E+00
3.5740332507121035E+00
0.0000000000000000E+00
4.1927703526624643E-01
8.3185949850123608E-01
1.3001820732174507E+00
1.7935205412982527E+00
2.2872963538228257E+00
2.7537059088871239E+00
3.1640132115128754E+00
3.4813008377168488E+00
0.0000000000000000E+00
4.1144421295551326E-01
8.2485192824189724E-01
1.2990349261602676E+00
1.8025983937317545E+00
2.3078617136406039E+00
2.7846608848677712E+00
3.2022202751880631E+00
3.5221271324523897E+00
0.0000000000000000E+00
3.2524305132608167E-01
7.7405405319911835E-01
1.2714223509333458E+00
1.8009532556252055E+00
2.3318970418567582E+00
2.8336599355225247E+00
3.2766763512389518E+00
3.6099617614385595E+00
0.0000000000000000E+00
3.1544600613116958E-01
7.4800034711542929E-01
1.2563170616501220E+00
1.7998296587612841E+00
2.3448732974416284E+00
2.8565994250446418E+00
3.2955202664733276E+00
3.6212839807811390E+00
0.0000000000000000E+00
3.1638131494917715E-01
7.4352873679589415E-01
1.2514963956755012E+00
1.7994836302326460E+00
2.3486449728678811E+00
2.8615121223965123E+00
3.2978319476529250E+00
3.6217263040173435E+00
0.0000000000000000E+00
3.1544600613116969E-01
7.4800034711542951E-01
1.2563170616501200E+00
1.7998296587612848E+00
2.3448732974416275E+00
2.8565994250446387E+00
3.2955202664733254E+00
3.6212839807811368E+00
0.0000000000000000E+00
3.2524305132608200E-01
7.7405405319911802E-01
1.2714223509333444E+00
1.8009532556252055E+00
2.3318970418567586E+00
2.8336599355225225E+00
3.2766763512389452E+00
3.6099617614385555E+00
0.0000000000000000E+00
4.1144421295551314E-01
8.2485192824189668E-01
1.2990349261602667E+00
1.8025983937317538E+00
2.3078617136406052E+00
2.7846608848677699E+00
3.2022202751880591E+00
3.5221271324523831E+00
0.0000000000000000E+00
3.8940117819761527E-01
8.0083471710151499E-01
1.2889714977427145E+00
1.8117337803205049E+00
2.3377682469063199E+00
2.8340602506291863E+00
3.2656860562231498E+00
3.5906122992717560E+00
0.0000000000000000E+00
3.1252600654551127E-01
7.5485970203395736E-01
1.2637637743283865E+00
1.8104868297972088E+00
2.3601747801557962E+00
2.8790622272873962E+00
3.3336890749069070E+00
3.6708123952638751E+00
0.0000000000000000E+00
3.0446199291203135E-01
7.3245924398975837E-01
1.2506301890763596E+00
1.8097484363458887E+00
2.3720059189644895E+00
2.8992197416659855E+00
3.3489496271653305E+00
3.6786122911362558E+00
0.0000000000000000E+00
3.0581512659097171E-01
7.2882962644746463E-01
1.2465459041050864E+00
1.8095422894733539E+00
2.3753713130569145E+00
2.9031936623661401E+00
3.3498178877183280E+00
3.6773505773321671E+00
0.0000000000000000E+00
3.0446199291203113E-01
7.3245924398975837E-01
1.2506301890763598E+00
1.8097484363458851E+00
2.3720059189644882E+00
2.8992197416659837E+00
3.3489496271653230E+00
3.6786122911362522E+00
0.0000000000000000E+00
3.1252600654551127E-01
7.5485970203395658E-01
1.2637637743283849E+00
1.8104868297972043E+00
2.3601747801557940E+00
2.8790622272873914E+00
3.3336890749069008E+00
3.6708123952638689E+00
0.0000000000000000E+00
3.8940117819761533E-01
8.0083471710151488E-01
1.2889714977427114E+00
1.8117337803205029E+00
2.3377682469063141E+00
2.8340602506291837E+00
3.2656860562231436E+00
3.5906122992717506E+00
0.0000000000000000E+00
3.1490030570387467E-01
7.4989109576083479E-01
1.2655385655848597E+00
1.8197837784680460E+00
2.3788169712423799E+00
2.9091348600269820E+00
3.3748901732959609E+00
3.7166433757903978E+00
0.0000000000000000E+00
2.4903725524803627E-01
7.0688567908498945E-01
1.2418940421443800E+00
1.8186918586629948E+00
2.3999020772095148E+00
2.9495563922323997E+00
3.4302541927834116E+00
3.7785132641806909E+00
0.0000000000000000E+00
2.4251660129733577E-01
6.8629159525260153E-01
1.2289212482307721E+00
1.8177339130859165E+00
2.4106367308991348E+00
2.9660837723269293E+00
3.4367467739130131E+00
3.7743075789469045E+00
0.0000000000000000E+00
2.4411268483442031E-01
6.8269378311393425E-01
1.2248271239612030E+00
1.8173205439242455E+00
2.4135146428339347E+00
2.9686422641412333E+00
3.4349126035054001E+00
3.7697245355846771E+00
0.0000000000000000E+00
2.4251660129733588E-01
6.8629159525260119E-01
1.2289212482307712E+00
1.8177339130859145E+00
2.4106367308991268E+00
2.9660837723269280E+00
3.4367467739130118E+00
3.7743075789469009E+00
0.0000000000000000E+00
2.4903725524803627E-01
7.0688567908498934E-01
1.2418940421443785E+00
1.8186918586629930E+00
2.3999020772095148E+00
2.9495563922323975E+00
3.4302541927834054E+00
3.7785132641806869E+00
0.0000000000000000E+00
3.1490030570387489E-01
7.4989109576083435E-01
1.2655385655848574E+00
1.8197837784680444E+00
2.3788169712423826E+00
2.9091348600269784E+00
3.3748901732959555E+00
3.7166433757903921E+00
