0.0000000000000000E+00
0.0000000000000000E+00
0.0000000000000000E+00
0.0000000000000000E+00
0.0000000000000000E+00
0.0000000000000000E+00
0.0000000000000000E+00
0.0000000000000000E+00
0.0000000000000000E+00
-3.0000000000000127E-01
-3.0000000000000066E-01
-3.0000000000000127E-01
-3.0000000000000077E-01
-3.0000000000000021E-01
-3.0000000000000027E-01
-3.0000000000000038E-01
-3.0000000000000021E-01
-3.0000000000000004E-01
-6.0000000000000198E-01
-6.0000000000000253E-01
-6.0000000000000164E-01
-6.0000000000000120E-01
-6.0000000000000120E-01
-6.0000000000000031E-01
-5.9999999999999987E-01
-6.0000000000000053E-01
-6.0000000000000120E-01
-9.0000000000000302E-01
-9.0000000000000335E-01
-9.0000000000000280E-01
-9.0000000000000235E-01
-9.0000000000000124E-01
-9.0000000000000080E-01
-9.0000000000000058E-01
-9.0000000000000002E-01
-8.9999999999999880E-01
-1.2000000000000042E+00
-1.2000000000000037E+00
-1.2000000000000037E+00
-1.2000000000000035E+00
-1.2000000000000024E+00
-1.2000000000000028E+00
-1.2000000000000008E+00
-1.1999999999999986E+00
-1.1999999999999991E+00
-1.5000000000000056E+00
-1.5000000000000047E+00
-1.5000000000000042E+00
-1.5000000000000053E+00
-1.5000000000000022E+00
-1.5000000000000031E+00
-1.5000000000000000E+00
-1.4999999999999987E+00
-1.4999999999999984E+00
-1.8000000000000060E+00
-1.8000000000000047E+00
-1.8000000000000049E+00
-1.8000000000000052E+00
-1.8000000000000040E+00
-1.8000000000000032E+00
-1.7999999999999996E+00
-1.7999999999999987E+00
-1.7999999999999996E+00
0.0000000000000000E+00
0.0000000000000000E+00
0.0000000000000000E+00
0.0000000000000000E+00
0.0000000000000000E+00
0.0000000000000000E+00
0.0000000000000000E+00
0.0000000000000000E+00
0.0000000000000000E+00
-3.0000000000000099E-01
-3.0000000000000099E-01
-3.0000000000000060E-01
-3.0000000000000038E-01
-3.0000000000000043E-01
-3.0000000000000038E-01
-3.0000000000000193E-01
-3.0000000000000066E-01
-2.9999999999999916E-01
-6.0000000000000231E-01
-6.0000000000000187E-01
-6.0000000000000198E-01
-6.0000000000000142E-01
-6.0000000000000109E-01
-6.0000000000000153E-01
-6.0000000000000031E-01
-6.0000000000000042E-01
-6.0000000000000187E-01
-9.0000000000000346E-01
-9.0000000000000391E-01
-9.0000000000000302E-01
-9.0000000000000258E-01
-9.0000000000000158E-01
-9.0000000000000147E-01
-9.0000000000000036E-01
-9.0000000000000047E-01
-9.0000000000000246E-01
-1.2000000000000044E+00
-1.2000000000000044E+00
-1.2000000000000031E+00
-1.2000000000000042E+00
-1.2000000000000028E+00
-1.2000000000000017E+00
-1.2000000000000008E+00
-1.2000000000000004E+00
-1.1999999999999984E+00
-1.5000000000000047E+00
-1.5000000000000056E+00
-1.5000000000000049E+00
-1.5000000000000033E+00
-1.5000000000000042E+00
-1.5000000000000022E+00
-1.5000000000000018E+00
-1.4999999999999993E+00
-1.4999999999999989E+00
-1.8000000000000047E+00
-1.8000000000000056E+00
-1.8000000000000054E+00
-1.8000000000000049E+00
-1.8000000000000040E+00
-1.8000000000000040E+00
-1.8000000000000007E+00
-1.7999999999999994E+00
-1.7999999999999983E+00
0.0000000000000000E+00
0.0000000000000000E+00
0.0000000000000000E+00
0.0000000000000000E+00
0.0000000000000000E+00
0.0000000000000000E+00
0.0000000000000000E+00
0.0000000000000000E+00
0.0000000000000000E+00
-3.0000000000000077E-01
-3.0000000000000077E-01
-3.0000000000000060E-01
-3.0000000000000032E-01
-3.0000000000000071E-01
-3.0000000000000010E-01
-2.9999999999999999E-01
-3.0000000000000082E-01
-3.0000000000000132E-01
-6.0000000000000164E-01
-6.0000000000000153E-01
-6.0000000000000087E-01
-6.0000000000000153E-01
-6.0000000000000109E-01
-6.0000000000000087E-01
-6.0000000000000053E-01
-6.0000000000000042E-01
-6.0000000000000075E-01
-9.0000000000000313E-01
-9.0000000000000191E-01
-9.0000000000000147E-01
-9.0000000000000246E-01
-9.0000000000000147E-01
-9.0000000000000113E-01
-9.0000000000000091E-01
-9.0000000000000069E-01
-8.9999999999999847E-01
-1.2000000000000040E+00
-1.2000000000000035E+00
-1.2000000000000017E+00
-1.2000000000000031E+00
-1.2000000000000015E+00
-1.2000000000000004E+00
-1.1999999999999984E+00
-1.2000000000000011E+00
-1.1999999999999993E+00
-1.5000000000000040E+00
-1.5000000000000036E+00
-1.5000000000000038E+00
-1.5000000000000024E+00
-1.5000000000000029E+00
-1.5000000000000029E+00
-1.4999999999999987E+00
-1.4999999999999996E+00
-1.4999999999999984E+00
-1.8000000000000040E+00
-1.8000000000000036E+00
-1.8000000000000032E+00
-1.8000000000000047E+00
-1.8000000000000034E+00
-1.8000000000000029E+00
-1.8000000000000005E+00
-1.7999999999999980E+00
-1.7999999999999985E+00
0.0000000000000000E+00
0.0000000000000000E+00
0.0000000000000000E+00
0.0000000000000000E+00
0.0000000000000000E+00
0.0000000000000000E+00
0.0000000000000000E+00
0.0000000000000000E+00
0.0000000000000000E+00
-3.0000000000000054E-01
-3.0000000000000054E-01
-3.0000000000000027E-01
-3.0000000000000032E-01
-2.9999999999999960E-01
-2.9999999999999988E-01
-3.0000000000000016E-01
-3.0000000000000077E-01
-3.0000000000000226E-01
-6.0000000000000120E-01
-6.0000000000000164E-01
-6.0000000000000031E-01
-6.0000000000000009E-01
-5.9999999999999998E-01
-6.0000000000000098E-01
-6.0000000000000031E-01
-6.0000000000000064E-01
-6.0000000000000231E-01
-9.0000000000000180E-01
-9.0000000000000235E-01
-9.0000000000000113E-01
-8.9999999999999980E-01
-8.9999999999999969E-01
-9.0000000000000002E-01
-9.0000000000000013E-01
-9.0000000000000080E-01
-9.0000000000000080E-01
-1.2000000000000020E+00
-1.2000000000000028E+00
-1.2000000000000008E+00
-1.2000000000000011E+00
-1.1999999999999995E+00
-1.2000000000000002E+00
-1.2000000000000006E+00
-1.1999999999999980E+00
-1.2000000000000022E+00
-1.5000000000000022E+00
-1.5000000000000040E+00
-1.4999999999999998E+00
-1.5000000000000016E+00
-1.5000000000000004E+00
-1.4999999999999998E+00
-1.4999999999999984E+00
-1.4999999999999993E+00
-1.4999999999999969E+00
-1.8000000000000027E+00
-1.8000000000000025E+00
-1.8000000000000020E+00
-1.8000000000000009E+00
-1.8000000000000007E+00
-1.7999999999999980E+00
-1.7999999999999974E+00
-1.7999999999999992E+00
-1.7999999999999994E+00
0.0000000000000000E+00
0.0000000000000000E+00
0.0000000000000000E+00
0.0000000000000000E+00
0.0000000000000000E+00
0.0000000000000000E+00
0.0000000000000000E+00
0.0000000000000000E+00
0.0000000000000000E+00
-3.0000000000000032E-01
-3.0000000000000021E-01
-3.0000000000000016E-01
-2.9999999999999971E-01
-2.9999999999999982E-01
-2.9999999999999993E-01
-2.9999999999999982E-01
-3.0000000000000038E-01
-3.0000000000000177E-01
-6.0000000000000087E-01
-6.0000000000000009E-01
-5.9999999999999987E-01
-5.9999999999999942E-01
-5.9999999999999931E-01
-5.9999999999999953E-01
-6.0000000000000031E-01
-6.0000000000000053E-01
-6.0000000000000187E-01
-9.0000000000000069E-01
-8.9999999999999991E-01
-8.9999999999999936E-01
-8.9999999999999991E-01
-8.9999999999999991E-01
-8.9999999999999991E-01
-9.0000000000000024E-01
-9.0000000000000113E-01
-8.9999999999999969E-01
-1.2000000000000006E+00
-1.2000000000000011E+00
-1.2000000000000000E+00
-1.1999999999999995E+00
-1.1999999999999988E+00
-1.1999999999999993E+00
-1.1999999999999995E+00
-1.2000000000000006E+00
-1.2000000000000004E+00
-1.5000000000000009E+00
-1.5000000000000002E+00
-1.5000000000000016E+00
-1.4999999999999993E+00
-1.4999999999999973E+00
-1.4999999999999987E+00
-1.4999999999999978E+00
-1.4999999999999969E+00
-1.5000000000000040E+00
-1.8000000000000009E+00
-1.8000000000000034E+00
-1.8000000000000009E+00
-1.7999999999999996E+00
-1.7999999999999992E+00
-1.7999999999999965E+00
-1.7999999999999989E+00
-1.7999999999999972E+00
-1.7999999999999996E+00
0.0000000000000000E+00
0.0000000000000000E+00
0.0000000000000000E+00
0.0000000000000000E+00
0.0000000000000000E+00
0.0000000000000000E+00
0.0000000000000000E+00
0.0000000000000000E+00
0.0000000000000000E+00
-2.9999999999999977E-01
-2.9999999999999971E-01
-2.9999999999999971E-01
-2.9999999999999977E-01
-3.0000000000000016E-01
-3.0000000000000016E-01
-2.9999999999999954E-01
-3.0000000000000082E-01
-2.9999999999999893E-01
-5.9999999999999920E-01
-5.9999999999999909E-01
-5.9999999999999976E-01
-5.9999999999999942E-01
-5.9999999999999920E-01
-6.0000000000000009E-01
-5.9999999999999976E-01
-5.9999999999999964E-01
-6.0000000000000042E-01
-9.0000000000000047E-01
-8.9999999999999925E-01
-9.0000000000000002E-01
-8.9999999999999825E-01
-9.0000000000000058E-01
-8.9999999999999991E-01
-9.0000000000000013E-01
-9.0000000000000047E-01
-8.9999999999999947E-01
-1.2000000000000013E+00
-1.1999999999999995E+00
-1.1999999999999988E+00
-1.1999999999999980E+00
-1.1999999999999986E+00
-1.1999999999999993E+00
-1.2000000000000000E+00
-1.2000000000000006E+00
-1.2000000000000002E+00
-1.5000000000000002E+00
-1.5000000000000020E+00
-1.4999999999999978E+00
-1.5000000000000018E+00
-1.4999999999999987E+00
-1.4999999999999980E+00
-1.4999999999999982E+00
-1.4999999999999998E+00
-1.5000000000000000E+00
-1.8000000000000016E+00
-1.8000000000000005E+00
-1.8000000000000020E+00
-1.8000000000000018E+00
-1.8000000000000007E+00
-1.7999999999999967E+00
-1.7999999999999989E+00
-1.7999999999999983E+00
-1.8000000000000007E+00
0.0000000000000000E+00
0.0000000000000000E+00
0.0000000000000000E+00
0.0000000000000000E+00
0.0000000000000000E+00
0.0000000000000000E+00
0.0000000000000000E+00
0.0000000000000000E+00
0.0000000000000000E+00
-2.9999999999999977E-01
-2.9999999999999954E-01
-2.9999999999999882E-01
-2.9999999999999954E-01
-2.9999999999999888E-01
-3.0000000000000054E-01
-2.9999999999999977E-01
-2.9999999999999943E-01
-3.0000000000000099E-01
-5.9999999999999942E-01
-5.9999999999999909E-01
-5.9999999999999931E-01
-5.9999999999999876E-01
-5.9999999999999876E-01
-5.9999999999999865E-01
-5.9999999999999942E-01
-6.0000000000000009E-01
-6.0000000000000198E-01
-8.9999999999999858E-01
-8.9999999999999880E-01
-8.9999999999999947E-01
-8.9999999999999969E-01
-8.9999999999999747E-01
-8.9999999999999836E-01
-8.9999999999999969E-01
-9.0000000000000024E-01
-9.0000000000000158E-01
-1.1999999999999993E+00
-1.1999999999999995E+00
-1.1999999999999988E+00
-1.1999999999999988E+00
-1.2000000000000000E+00
-1.2000000000000000E+00
-1.1999999999999995E+00
-1.1999999999999993E+00
-1.2000000000000011E+00
-1.5000000000000013E+00
-1.4999999999999991E+00
-1.5000000000000009E+00
-1.4999999999999989E+00
-1.5000000000000009E+00
-1.4999999999999987E+00
-1.4999999999999978E+00
-1.4999999999999996E+00
-1.5000000000000009E+00
-1.8000000000000018E+00
-1.8000000000000003E+00
-1.7999999999999994E+00
-1.8000000000000023E+00
-1.8000000000000005E+00
-1.7999999999999974E+00
-1.7999999999999965E+00
-1.7999999999999998E+00
-1.8000000000000018E+00
