0.0000000000000000E+00
4.4627932698421829E-01
8.6308021407439528E-01
1.3216513637369194E+00
1.8121236878104514E+00
2.3319448710686310E+00
2.8747331575249073E+00
3.4333458665656043E+00
4.0000000000000568E+00
4.5666541334345068E+00
5.1252668424751944E+00
5.6680551289314538E+00
6.1878763121896139E+00
6.6783486362631335E+00
7.1369197859256444E+00
7.5537206730157989E+00
8.0000000000000000E+00
0.0000000000000000E+00
3.3415567210394764E-01
7.7573718101204747E-01
1.2476535671344740E+00
1.7536498367926747E+00
2.2882318354054725E+00
2.8456572154961250E+00
3.4188186253486688E+00
4.0000000000000586E+00
4.5811813746514440E+00
5.1543427845039762E+00
5.7117681645946154E+00
6.2463501632073912E+00
6.7523464328655827E+00
7.2242628189879907E+00
7.6658443278960675E+00
8.0000000000000000E+00
0.0000000000000000E+00
3.0803899455124861E-01
7.2066883505015844E-01
1.1952259314180365E+00
1.7087925091717342E+00
2.2536484386087112E+00
2.8222613790183120E+00
3.4070405943667263E+00
4.0000000000000586E+00
4.5929594056333842E+00
5.1777386209817919E+00
5.7463515613913740E+00
6.2912074908283389E+00
6.8047740685820193E+00
7.2793311649498769E+00
7.6919610054487668E+00
8.0000000000000000E+00
0.0000000000000000E+00
3.0474005912332996E-01
7.0064363001763486E-01
1.1654928234940956E+00
1.6795010828598769E+00
2.2292475452615914E+00
2.8051135061587056E+00
3.3982443374534981E+00
4.0000000000000586E+00
4.6017556625466129E+00
5.1948864938413992E+00
5.7707524547385001E+00
6.3204989171401973E+00
6.8345071765059613E+00
7.2993563699824016E+00
7.6952599408766877E+00
8.0000000000000000E+00
0.0000000000000000E+00
3.0749341925635199E-01
6.9561090049554841E-01
1.1525264772432340E+00
1.6632597054433274E+00
2.2142248748308631E+00
2.7939534866197611E+00
3.3923676496635111E+00
4.0000000000000586E+00
4.6076323503366003E+00
5.2060465133803460E+00
5.7857751251692306E+00
6.3367402945567486E+00
6.8474735227568200E+00
7.3043890995044878E+00
7.6925065807436654E+00
8.0000000000000000E+00
0.0000000000000000E+00
3.1066401771765062E-01
6.9563393401262774E-01
1.1479641360485020E+00
1.6558634752785151E+00
2.2065117636898108E+00
2.7878889133076097E+00
3.3890855611898161E+00
4.0000000000000586E+00
4.6109144388102958E+00
5.2121110866924942E+00
5.7934882363102833E+00
6.3441365247215620E+00
6.8520358639515528E+00
7.3043660659874092E+00
7.6893359822823681E+00
8.0000000000000000E+00
0.0000000000000000E+00
3.1193217644942894E-01
6.9609132702470222E-01
1.1469625002326487E+00
1.6538111753564788E+00
2.2041959569638174E+00
2.7859939094819031E+00
3.3880420425821329E+00
4.0000000000000586E+00
4.6119579574179808E+00
5.2140060905182031E+00
5.7958040430362772E+00
6.3461888246435985E+00
6.8530374997674084E+00
7.3039086729753402E+00
7.6880678235505888E+00
8.0000000000000000E+00
0.0000000000000000E+00
3.1066401771765084E-01
6.9563393401262819E-01
1.1479641360485020E+00
1.6558634752785155E+00
2.2065117636898117E+00
2.7878889133076115E+00
3.3890855611898165E+00
4.0000000000000586E+00
4.6109144388102967E+00
5.2121110866924978E+00
5.7934882363102842E+00
6.3441365247215629E+00
6.8520358639515582E+00
7.3043660659874119E+00
7.6893359822823690E+00
8.0000000000000000E+00
0.0000000000000000E+00
3.0749341925635221E-01
6.9561090049554897E-01
1.1525264772432342E+00
1.6632597054433287E+00
2.2142248748308635E+00
2.7939534866197633E+00
3.3923676496635125E+00
4.0000000000000577E+00
4.6076323503366021E+00
5.2060465133803460E+00
5.7857751251692333E+00
6.3367402945567521E+00
6.8474735227568262E+00
7.3043890995044940E+00
7.6925065807436654E+00
8.0000000000000000E+00
0.0000000000000000E+00
3.0474005912333041E-01
7.0064363001763552E-01
1.1654928234940958E+00
1.6795010828598782E+00
2.2292475452615919E+00
2.8051135061587065E+00
3.3982443374535007E+00
4.0000000000000586E+00
4.6017556625466138E+00
5.1948864938414010E+00
5.7707524547385063E+00
6.3204989171402000E+00
6.8345071765059622E+00
7.2993563699824069E+00
7.6952599408766877E+00
8.0000000000000000E+00
0.0000000000000000E+00
3.0803899455124906E-01
7.2066883505015855E-01
1.1952259314180367E+00
1.7087925091717364E+00
2.2536484386087126E+00
2.8222613790183124E+00
3.4070405943667281E+00
4.0000000000000586E+00
4.5929594056333825E+00
5.1777386209817955E+00
5.7463515613913838E+00
6.2912074908283460E+00
6.8047740685820193E+00
7.2793311649498822E+00
7.6919610054487695E+00
8.0000000000000000E+00
0.0000000000000000E+00
3.3415567210394798E-01
7.7573718101204758E-01
1.2476535671344753E+00
1.7536498367926765E+00
2.2882318354054734E+00
2.8456572154961268E+00
3.4188186253486688E+00
4.0000000000000560E+00
4.5811813746514423E+00
5.1543427845039806E+00
5.7117681645946234E+00
6.2463501632074037E+00
6.7523464328655818E+00
7.2242628189879925E+00
7.6658443278960720E+00
8.0000000000000000E+00
0.0000000000000000E+00
4.4627932698421857E-01
8.6308021407439561E-01
1.3216513637369212E+00
1.8121236878104543E+00
2.3319448710686324E+00
2.8747331575249073E+00
3.4333458665656051E+00
4.0000000000000551E+00
4.5666541334345059E+00
5.1252668424751988E+00
5.6680551289314636E+00
6.1878763121896272E+00
6.6783486362631379E+00
7.1369197859256452E+00
7.5537206730158033E+00
8.0000000000000000E+00
