0.0000000000000000E+00
0.0000000000000000E+00
0.0000000000000000E+00
0.0000000000000000E+00
0.0000000000000000E+00
0.0000000000000000E+00
0.0000000000000000E+00
0.0000000000000000E+00
0.0000000000000000E+00
-3.0000000000000338E-01
-3.0000000000000326E-01
-3.0000000000000332E-01
-3.0000000000000338E-01
-3.0000000000000387E-01
-3.0000000000000343E-01
-3.0000000000000265E-01
-3.0000000000000110E-01
-2.9999999999999832E-01
-6.0000000000000653E-01
-6.0000000000000642E-01
-6.0000000000000664E-01
-6.0000000000000664E-01
-6.0000000000000697E-01
-6.0000000000000597E-01
-6.0000000000000564E-01
-6.0000000000000231E-01
-5.9999999999999820E-01
-9.0000000000000979E-01
-9.0000000000000946E-01
-9.0000000000000990E-01
-9.0000000000000957E-01
-9.0000000000000846E-01
-9.0000000000000790E-01
-9.0000000000000768E-01
-9.0000000000000335E-01
-8.9999999999999769E-01
-1.2000000000000122E+00
-1.2000000000000122E+00
-1.2000000000000124E+00
-1.2000000000000115E+00
-1.2000000000000104E+00
-1.2000000000000088E+00
-1.2000000000000077E+00
-1.2000000000000042E+00
-1.1999999999999986E+00
-1.5000000000000142E+00
-1.5000000000000142E+00
-1.5000000000000138E+00
-1.5000000000000133E+00
-1.5000000000000122E+00
-1.5000000000000091E+00
-1.5000000000000073E+00
-1.5000000000000044E+00
-1.4999999999999998E+00
-1.8000000000000147E+00
-1.8000000000000151E+00
-1.8000000000000147E+00
-1.8000000000000149E+00
-1.8000000000000127E+00
-1.8000000000000094E+00
-1.8000000000000069E+00
-1.8000000000000045E+00
-1.7999999999999992E+00
