0.0000000000000000E+00
5.1879529113867606E-01
9.4128974663728093E-01
1.3982784890432649E+00
1.8797688958595882E+00
2.3862141656748164E+00
2.9125368730035919E+00
3.4527284039701120E+00
4.0000000000000222E+00
4.5472715960299368E+00
5.0874631269964548E+00
5.6137858343252276E+00
6.1202311041404451E+00
6.6017215109567653E+00
7.0587102533627419E+00
7.4812047088613358E+00
8.0000000000000000E+00
0.0000000000000000E+00
3.6573542310266938E-01
8.2706606410806260E-01
1.3027686101058640E+00
1.8050324368776103E+00
2.3306810487137182E+00
2.8757486815589983E+00
3.4343899808006060E+00
4.0000000000000213E+00
4.5656100191994442E+00
5.1242513184410532E+00
5.6693189512863258E+00
6.1949675631224199E+00
6.6972313898941644E+00
7.1729339358919573E+00
7.6342645768973423E+00
8.0000000000000000E+00
0.0000000000000000E+00
3.2341901163190750E-01
7.5110612821446043E-01
1.2330741107274699E+00
1.7465326380359081E+00
2.2861258731124243E+00
2.8458324312401584E+00
3.4193923812259284E+00
4.0000000000000266E+00
4.5806076187741231E+00
5.1541675687598909E+00
5.7138741268876174E+00
6.2534673619641152E+00
6.7669258892725610E+00
7.2488938717855547E+00
7.6765809883681051E+00
8.0000000000000000E+00
0.0000000000000000E+00
3.1343124392224614E-01
7.1962794600688396E-01
1.1912851818654444E+00
1.7070701260400407E+00
2.2539835516594713E+00
2.8235407316352230E+00
3.4080374367827426E+00
4.0000000000000284E+00
4.5919625632173151E+00
5.1764592683648232E+00
5.7460164483405682E+00
6.2929298739599853E+00
6.8087148181345825E+00
7.2803720539931334E+00
7.6865687560777589E+00
8.0000000000000000E+00
0.0000000000000000E+00
3.1333579157234309E-01
7.0870106132765498E-01
1.1711904860143352E+00
1.6841185732397410E+00
2.2336114221377681E+00
2.8087301039276382E+00
3.4003237440689031E+00
4.0000000000000364E+00
4.5996762559311550E+00
5.1912698960724040E+00
5.7663885778622692E+00
6.3158814267602832E+00
6.8288095139856875E+00
7.2912989386723508E+00
7.6866642084276613E+00
8.0000000000000000E+00
0.0000000000000000E+00
3.1538414449107272E-01
7.0601886316438667E-01
1.1629897171525043E+00
1.6730467687328145E+00
2.2228183430343291E+00
2.8005133781675946E+00
3.3959452568343926E+00
4.0000000000000311E+00
4.6040547431656647E+00
5.1994866218324445E+00
5.7771816569657082E+00
6.3269532312672156E+00
6.8370102828475146E+00
7.2939811368356198E+00
7.6846158555089250E+00
8.0000000000000000E+00
0.0000000000000000E+00
3.1635982573919125E-01
7.0570194145172427E-01
1.1608861385210383E+00
1.6698347850272124E+00
2.2195061101543456E+00
2.7979103040459989E+00
3.3945386388064209E+00
4.0000000000000275E+00
4.6054613611936306E+00
5.2020896959540526E+00
5.7804938898456903E+00
6.3301652149728165E+00
6.8391138614789782E+00
7.2942980585482848E+00
7.6836401742607983E+00
8.0000000000000000E+00
0.0000000000000000E+00
3.1538414449107272E-01
7.0601886316438733E-01
1.1629897171525030E+00
1.6730467687328145E+00
2.2228183430343287E+00
2.8005133781675973E+00
3.3959452568343873E+00
4.0000000000000320E+00
4.6040547431656620E+00
5.1994866218324489E+00
5.7771816569657073E+00
6.3269532312672085E+00
6.8370102828475154E+00
7.2939811368356207E+00
7.6846158555089259E+00
8.0000000000000000E+00
0.0000000000000000E+00
3.1333579157234304E-01
7.0870106132765531E-01
1.1711904860143343E+00
1.6841185732397441E+00
2.2336114221377703E+00
2.8087301039276347E+00
3.4003237440689000E+00
4.0000000000000275E+00
4.5996762559311533E+00
5.1912698960724075E+00
5.7663885778622674E+00
6.3158814267602832E+00
6.8288095139856830E+00
7.2912989386723552E+00
7.6866642084276569E+00
8.0000000000000000E+00
0.0000000000000000E+00
3.1343124392224658E-01
7.1962794600688351E-01
1.1912851818654440E+00
1.7070701260400396E+00
2.2539835516594691E+00
2.8235407316352270E+00
3.4080374367827369E+00
4.0000000000000320E+00
4.5919625632173169E+00
5.1764592683648205E+00
5.7460164483405691E+00
6.2929298739599879E+00
6.8087148181345727E+00
7.2803720539931200E+00
7.6865687560777500E+00
8.0000000000000000E+00
0.0000000000000000E+00
3.2341901163190762E-01
7.5110612821446054E-01
1.2330741107274690E+00
1.7465326380359076E+00
2.2861258731124221E+00
2.8458324312401588E+00
3.4193923812259284E+00
4.0000000000000266E+00
4.5806076187741267E+00
5.1541675687598856E+00
5.7138741268876201E+00
6.2534673619641223E+00
6.7669258892725486E+00
7.2488938717855440E+00
7.6765809883680944E+00
8.0000000000000000E+00
0.0000000000000000E+00
3.6573542310266866E-01
8.2706606410806227E-01
1.3027686101058629E+00
1.8050324368776103E+00
2.3306810487137128E+00
2.8757486815589965E+00
3.4343899808006051E+00
4.0000000000000293E+00
4.5656100191994433E+00
5.1242513184410488E+00
5.6693189512863214E+00
6.1949675631224173E+00
6.6972313898941573E+00
7.1729339358919466E+00
7.6342645768973352E+00
8.0000000000000000E+00
0.0000000000000000E+00
5.1879529113867495E-01
9.4128974663727982E-01
1.3982784890432636E+00
1.8797688958595862E+00
2.3862141656748119E+00
2.9125368730035910E+00
3.4527284039701107E+00
4.0000000000000169E+00
4.5472715960299341E+00
5.0874631269964548E+00
5.6137858343252223E+00
6.1202311041404363E+00
6.6017215109567591E+00
7.0587102533627313E+00
7.4812047088613252E+00
8.0000000000000000E+00
0.0000000000000000E+00
5.1857832580585528E-01
9.4106253305046583E-01
1.3980640856130879E+00
1.8795801057798400E+00
2.3860594717413730E+00
2.9124260273845151E+00
3.4526703075936851E+00
4.0000000000000222E+00
4.5473296924063584E+00
5.0875739726155409E+00
5.6139405282586665E+00
6.1204198942202046E+00
6.6019359143869423E+00
7.0589374669495539E+00
7.4814216741941593E+00
8.0000000000000000E+00
0.0000000000000000E+00
3.6570009974607348E-01
8.2700885508739885E-01
1.3027133470480303E+00
1.8049797926352522E+00
2.3306333688879404E+00
2.8757112840751353E+00
3.4343691991920422E+00
4.0000000000000302E+00
4.5656308008080053E+00
5.1242887159249078E+00
5.6693666311121076E+00
6.1950202073647835E+00
6.6972866529520001E+00
7.1729911449126220E+00
7.6342999002539358E+00
8.0000000000000000E+00
0.0000000000000000E+00
3.2349557651231653E-01
7.5119675024198740E-01
1.2331562028131029E+00
1.7465970281390875E+00
2.2861691637167745E+00
2.8458570230794300E+00
3.4194029576089546E+00
4.0000000000000302E+00
4.5805970423910960E+00
5.1541429769206175E+00
5.7138308362832664E+00
6.2534029718609476E+00
6.7668437971869215E+00
7.2488032497580344E+00
7.6765044234876916E+00
8.0000000000000000E+00
0.0000000000000000E+00
3.1357853424563742E-01
7.1982388289496402E-01
1.1914757826917592E+00
1.7072290248833135E+00
2.2541008154375581E+00
2.8236157079866633E+00
3.4080734688973644E+00
4.0000000000000338E+00
4.5919265311026898E+00
5.1763842920133811E+00
5.7458991845624823E+00
6.2927709751167153E+00
6.8085242173082570E+00
7.2801761171050527E+00
7.6864214657543704E+00
8.0000000000000000E+00
0.0000000000000000E+00
3.1352615989496835E-01
7.0896558628973305E-01
1.1714562249991354E+00
1.6843458707172505E+00
2.2337831677325584E+00
2.8088424699300019E+00
3.4003787126330618E+00
4.0000000000000364E+00
4.5996212873669968E+00
5.1911575300700452E+00
5.7662168322674772E+00
6.3156541292827821E+00
6.8285437750008837E+00
7.2910344137102792E+00
7.6864738401050348E+00
8.0000000000000000E+00
0.0000000000000000E+00
3.1559748820674377E-01
7.0632154461608376E-01
1.1632989665264499E+00
1.6733149095221802E+00
2.2230232819671230E+00
2.8006487385350844E+00
3.3960119200403387E+00
4.0000000000000329E+00
4.6039880799597173E+00
5.1993512614649617E+00
5.7769767180329108E+00
6.3266850904778478E+00
6.8367010334735703E+00
7.2936784553839225E+00
7.6844025117932562E+00
8.0000000000000000E+00
0.0000000000000000E+00
3.1658035769686721E-01
7.0601681405685957E-01
1.1612095679775847E+00
1.6701164562454553E+00
2.2197221677801129E+00
2.7980534182354639E+00
3.3946092565116275E+00
4.0000000000000311E+00
4.6053907434884307E+00
5.2019465817645809E+00
5.7802778322199186E+00
6.3298835437545709E+00
6.8387904320224315E+00
7.2939831859431417E+00
7.6834196423031207E+00
8.0000000000000000E+00
0.0000000000000000E+00
3.1559748820674383E-01
7.0632154461608310E-01
1.1632989665264506E+00
1.6733149095221806E+00
2.2230232819671238E+00
2.8006487385350827E+00
3.3960119200403365E+00
4.0000000000000320E+00
4.6039880799597137E+00
5.1993512614649600E+00
5.7769767180329108E+00
6.3266850904778495E+00
6.8367010334735667E+00
7.2936784553839260E+00
7.6844025117932562E+00
8.0000000000000000E+00
0.0000000000000000E+00
3.1352615989496829E-01
7.0896558628973239E-01
1.1714562249991360E+00
1.6843458707172470E+00
2.2337831677325592E+00
2.8088424699299996E+00
3.4003787126330569E+00
4.0000000000000293E+00
4.5996212873669924E+00
5.1911575300700417E+00
5.7662168322674781E+00
6.3156541292827795E+00
6.8285437750008819E+00
7.2910344137102774E+00
7.6864738401050321E+00
8.0000000000000000E+00
0.0000000000000000E+00
3.1357853424563736E-01
7.1982388289496335E-01
1.1914757826917597E+00
1.7072290248833102E+00
2.2541008154375564E+00
2.8236157079866642E+00
3.4080734688973622E+00
4.0000000000000302E+00
4.5919265311026862E+00
5.1763842920133811E+00
5.7458991845624805E+00
6.2927709751167198E+00
6.8085242173082614E+00
7.2801761171050474E+00
7.6864214657543668E+00
8.0000000000000000E+00
0.0000000000000000E+00
3.2349557651231642E-01
7.5119675024198673E-01
1.2331562028131025E+00
1.7465970281390859E+00
2.2861691637167723E+00
2.8458570230794282E+00
3.4194029576089533E+00
4.0000000000000293E+00
4.5805970423910942E+00
5.1541429769206175E+00
5.7138308362832655E+00
6.2534029718609423E+00
6.7668437971869171E+00
7.2488032497580228E+00
7.6765044234876827E+00
8.0000000000000000E+00
0.0000000000000000E+00
3.6570009974607293E-01
8.2700885508739819E-01
1.3027133470480290E+00
1.8049797926352500E+00
2.3306333688879399E+00
2.8757112840751344E+00
3.4343691991920435E+00
4.0000000000000275E+00
4.5656308008080062E+00
5.1242887159249095E+00
5.6693666311121005E+00
6.1950202073647791E+00
6.6972866529519921E+00
7.1729911449126105E+00
7.6342999002539278E+00
8.0000000000000000E+00
0.0000000000000000E+00
5.1857832580585450E-01
9.4106253305046417E-01
1.3980640856130868E+00
1.8795801057798374E+00
2.3860594717413726E+00
2.9124260273845120E+00
3.4526703075936913E+00
4.0000000000000222E+00
4.5473296924063611E+00
5.0875739726155258E+00
5.6139405282586647E+00
6.1204198942201895E+00
6.6019359143869361E+00
7.0589374669495442E+00
7.4814216741941495E+00
8.0000000000000000E+00
0.0000000000000000E+00
5.1789717075283070E-01
9.4033457163849998E-01
1.3973639412071202E+00
1.8789541354742672E+00
2.3855414620573585E+00
2.9120527992126415E+00
3.4524741862909734E+00
4.0000000000000124E+00
4.5475258137090764E+00
5.0879472007874122E+00
5.6144585379426903E+00
6.1210458645257697E+00
6.6026360587929078E+00
7.0596654283615310E+00
7.4821028292471796E+00
8.0000000000000000E+00
0.0000000000000000E+00
3.6557678574541635E-01
8.2680064980024370E-01
1.3024981923116175E+00
1.8047675068250861E+00
2.3304397418379565E+00
2.8755602866453112E+00
3.4342858526260436E+00
4.0000000000000178E+00
4.5657141473740088E+00
5.1244397133547448E+00
5.6695602581620896E+00
6.1952324931749514E+00
6.6975018076884112E+00
7.1731993501997762E+00
7.6344232142545954E+00
8.0000000000000000E+00
0.0000000000000000E+00
3.2371251168160570E-01
7.5143858165971134E-01
1.2333585116521053E+00
1.7467398624442367E+00
2.2862511342247278E+00
2.8458935889559966E+00
3.4194144157323252E+00
4.0000000000000266E+00
4.5805855842677268E+00
5.1541064110440580E+00
5.7137488657753117E+00
6.2532601375557997E+00
6.7666414883479238E+00
7.2485614183402998E+00
7.6762874883184100E+00
8.0000000000000000E+00
0.0000000000000000E+00
3.1400871523464291E-01
7.2038418312000285E-01
1.1920065873696206E+00
1.7076579613145468E+00
2.2544066562050653E+00
2.8238047010090797E+00
3.4081619170967046E+00
4.0000000000000293E+00
4.5918380829033483E+00
5.1761952989909679E+00
5.7455933437949769E+00
6.2923420386854847E+00
6.8079934126304122E+00
7.2796158168800096E+00
7.6859912847653655E+00
8.0000000000000000E+00
0.0000000000000000E+00
3.1408523255866910E-01
7.0973206165376257E-01
1.1722135415434962E+00
1.6849813540791383E+00
2.2342536868135703E+00
2.8091445403468001E+00
3.4005244461993560E+00
4.0000000000000346E+00
4.5994755538006924E+00
5.1908554596532479E+00
5.7657463131864670E+00
6.3150186459208939E+00
6.8277864584565284E+00
7.2902679383462470E+00
7.6859147674413277E+00
8.0000000000000000E+00
0.0000000000000000E+00
3.1622487856750053E-01
7.0720218694763581E-01
1.1641870227615445E+00
1.6740734752803983E+00
2.2235940263799319E+00
2.8010203258253745E+00
3.3961930338119926E+00
4.0000000000000231E+00
4.6038069661880607E+00
5.1989796741746677E+00
5.7764059736201014E+00
6.3259265247196339E+00
6.8358129772384748E+00
7.2927978130523767E+00
7.6837751214324994E+00
8.0000000000000000E+00
0.0000000000000000E+00
3.1722904718793604E-01
7.0693383973716573E-01
1.1621401563187093E+00
1.6709157502556597E+00
2.2203264638986306E+00
2.7984484417101259E+00
3.3948023339197375E+00
4.0000000000000231E+00
4.6051976660803113E+00
5.2015515582899088E+00
5.7796735361014067E+00
6.3290842497443620E+00
6.8378598436813114E+00
7.2930661602628568E+00
7.6827709528120609E+00
8.0000000000000000E+00
0.0000000000000000E+00
3.1622487856750042E-01
7.0720218694763515E-01
1.1641870227615436E+00
1.6740734752803970E+00
2.2235940263799305E+00
2.8010203258253772E+00
3.3961930338119881E+00
4.0000000000000258E+00
4.6038069661880581E+00
5.1989796741746668E+00
5.7764059736201032E+00
6.3259265247196277E+00
6.8358129772384784E+00
7.2927978130523750E+00
7.6837751214325030E+00
8.0000000000000000E+00
0.0000000000000000E+00
3.1408523255866894E-01
7.0973206165376157E-01
1.1722135415434956E+00
1.6849813540791378E+00
2.2342536868135698E+00
2.8091445403468027E+00
3.4005244461993520E+00
4.0000000000000266E+00
4.5994755538006959E+00
5.1908554596532408E+00
5.7657463131864688E+00
6.3150186459208886E+00
6.8277864584565311E+00
7.2902679383462443E+00
7.6859147674413331E+00
8.0000000000000000E+00
0.0000000000000000E+00
3.1400871523464247E-01
7.2038418312000230E-01
1.1920065873696186E+00
1.7076579613145475E+00
2.2544066562050662E+00
2.8238047010090810E+00
3.4081619170967024E+00
4.0000000000000266E+00
4.5918380829033456E+00
5.1761952989909670E+00
5.7455933437949724E+00
6.2923420386854882E+00
6.8079934126304078E+00
7.2796158168800069E+00
7.6859912847653558E+00
8.0000000000000000E+00
0.0000000000000000E+00
3.2371251168160542E-01
7.5143858165971134E-01
1.2333585116521040E+00
1.7467398624442363E+00
2.2862511342247251E+00
2.8458935889559940E+00
3.4194144157323301E+00
4.0000000000000293E+00
4.5805855842677277E+00
5.1541064110440518E+00
5.7137488657753179E+00
6.2532601375557952E+00
6.7666414883479176E+00
7.2485614183402953E+00
7.6762874883183958E+00
8.0000000000000000E+00
0.0000000000000000E+00
3.6557678574541608E-01
8.2680064980024170E-01
1.3024981923116166E+00
1.8047675068250846E+00
2.3304397418379530E+00
2.8755602866453081E+00
3.4342858526260485E+00
4.0000000000000293E+00
4.5657141473740142E+00
5.1244397133547430E+00
5.6695602581620843E+00
6.1952324931749407E+00
6.6975018076884014E+00
7.1731993501997628E+00
7.6344232142545874E+00
8.0000000000000000E+00
0.0000000000000000E+00
5.1789717075282948E-01
9.4033457163849898E-01
1.3973639412071173E+00
1.8789541354742649E+00
2.3855414620573545E+00
2.9120527992126419E+00
3.4524741862909760E+00
4.0000000000000311E+00
4.5475258137090862E+00
5.0879472007874122E+00
5.6144585379426841E+00
6.1210458645257644E+00
6.6026360587928981E+00
7.0596654283615106E+00
7.4821028292471761E+00
8.0000000000000000E+00
0.0000000000000000E+00
5.1665624370290630E-01
9.3895870033513906E-01
1.3959970161191597E+00
1.8777017545888430E+00
2.3844893471559971E+00
2.9112886416743775E+00
3.4520711942892035E+00
4.0000000000000266E+00
4.5479288057108533E+00
5.0887113583256758E+00
5.6155106528440530E+00
6.1222982454111943E+00
6.6040029838808660E+00
7.0610412996648817E+00
7.4833437562971072E+00
8.0000000000000000E+00
0.0000000000000000E+00
3.6530972244167853E-01
8.2632388873367235E-01
1.3019647191547705E+00
1.8042216712193218E+00
2.3299388674199335E+00
2.8751723433410667E+00
3.4340733271488655E+00
4.0000000000000275E+00
4.5659266728511891E+00
5.1248276566589910E+00
5.6700611325801207E+00
6.1957783287807144E+00
6.6980352808452537E+00
7.1736761112663494E+00
7.6346902775583327E+00
8.0000000000000000E+00
0.0000000000000000E+00
3.2402766404229683E-01
7.5173362011983980E-01
1.2335385786123265E+00
1.7467989671207711E+00
2.2862182176095254E+00
2.8458233108813129E+00
3.4193621936391319E+00
4.0000000000000266E+00
4.5806378063609214E+00
5.1541766891187306E+00
5.7137817823905239E+00
6.2532010328792724E+00
6.7664614213876995E+00
7.2482663798801807E+00
7.6759723359577068E+00
8.0000000000000000E+00
0.0000000000000000E+00
3.1468236470681954E-01
7.2121797073739702E-01
1.1927437291875158E+00
1.7082022706357660E+00
2.2547532192068731E+00
2.8239926325792966E+00
3.4082400512573887E+00
4.0000000000000187E+00
4.5917599487426646E+00
5.1760073674207474E+00
5.7452467807931704E+00
6.2917977293642720E+00
6.8072562708125171E+00
7.2787820292626160E+00
7.6853176352931794E+00
8.0000000000000000E+00
0.0000000000000000E+00
3.1497211966746474E-01
7.1091038773650783E-01
1.1733315648113471E+00
1.6858742810446961E+00
2.2348787987958367E+00
2.8095239818382924E+00
3.4006996626264021E+00
4.0000000000000169E+00
4.5993003373736476E+00
5.1904760181617506E+00
5.7651212012041988E+00
6.3141257189553368E+00
6.8266684351886768E+00
7.2890896122635107E+00
7.6850278803325400E+00
8.0000000000000000E+00
0.0000000000000000E+00
3.1722332404695697E-01
7.0856948368704120E-01
1.1655234511221781E+00
1.6751733181249382E+00
2.2243883496122252E+00
2.8015174517716748E+00
3.3964282356109101E+00
4.0000000000000258E+00
4.6035717643891285E+00
5.1984825482283732E+00
5.7756116503878028E+00
6.3248266818750887E+00
6.8344765488778458E+00
7.2914305163129720E+00
7.6827766759530522E+00
8.0000000000000000E+00
0.0000000000000000E+00
3.1826201598251053E-01
7.0836104119387366E-01
1.1635473817240873E+00
1.6720839125277318E+00
2.2211773702540909E+00
2.7989852301506253E+00
3.3950578221593815E+00
4.0000000000000222E+00
4.6049421778406572E+00
5.2010147698494169E+00
5.7788226297459406E+00
6.3279160874722873E+00
6.8364526182759393E+00
7.2916389588061401E+00
7.6817379840175040E+00
8.0000000000000000E+00
0.0000000000000000E+00
3.1722332404695691E-01
7.0856948368704109E-01
1.1655234511221770E+00
1.6751733181249386E+00
2.2243883496122283E+00
2.8015174517716726E+00
3.3964282356109132E+00
4.0000000000000258E+00
4.6035717643891330E+00
5.1984825482283652E+00
5.7756116503878072E+00
6.3248266818750931E+00
6.8344765488778449E+00
7.2914305163129693E+00
7.6827766759530443E+00
8.0000000000000000E+00
0.0000000000000000E+00
3.1497211966746480E-01
7.1091038773650761E-01
1.1733315648113478E+00
1.6858742810446932E+00
2.2348787987958376E+00
2.8095239818382951E+00
3.4006996626264017E+00
4.0000000000000195E+00
4.5993003373736503E+00
5.1904760181617497E+00
5.7651212012041988E+00
6.3141257189553430E+00
6.8266684351886742E+00
7.2890896122634965E+00
7.6850278803325356E+00
8.0000000000000000E+00
0.0000000000000000E+00
3.1468236470681893E-01
7.2121797073739691E-01
1.1927437291875167E+00
1.7082022706357654E+00
2.2547532192068744E+00
2.8239926325792988E+00
3.4082400512573905E+00
4.0000000000000284E+00
4.5917599487426681E+00
5.1760073674207456E+00
5.7452467807931695E+00
6.2917977293642702E+00
6.8072562708125020E+00
7.2787820292626133E+00
7.6853176352931820E+00
8.0000000000000000E+00
0.0000000000000000E+00
3.2402766404229644E-01
7.5173362011983802E-01
1.2335385786123259E+00
1.7467989671207709E+00
2.2862182176095227E+00
2.8458233108813156E+00
3.4193621936391327E+00
4.0000000000000302E+00
4.5806378063609268E+00
5.1541766891187386E+00
5.7137817823905186E+00
6.2532010328792644E+00
6.7664614213876924E+00
7.2482663798801719E+00
7.6759723359577050E+00
8.0000000000000000E+00
0.0000000000000000E+00
3.6530972244167786E-01
8.2632388873367180E-01
1.3019647191547687E+00
1.8042216712193202E+00
2.3299388674199277E+00
2.8751723433410650E+00
3.4340733271488681E+00
4.0000000000000426E+00
4.5659266728511945E+00
5.1248276566589883E+00
5.6700611325801189E+00
6.1957783287807109E+00
6.6980352808452528E+00
7.1736761112663379E+00
7.6346902775583274E+00
8.0000000000000000E+00
0.0000000000000000E+00
5.1665624370290553E-01
9.3895870033513817E-01
1.3959970161191610E+00
1.8777017545888395E+00
2.3844893471559927E+00
2.9112886416743757E+00
3.4520711942892066E+00
4.0000000000000417E+00
4.5479288057108542E+00
5.0887113583256731E+00
5.6155106528440504E+00
6.1222982454111889E+00
6.6040029838808616E+00
7.0610412996648737E+00
7.4833437562971028E+00
8.0000000000000000E+00
0.0000000000000000E+00
5.1467909305070014E-01
9.3666051286939522E-01
1.3936255546416074E+00
1.8754713703408841E+00
2.3825876728532212E+00
2.9098974786739165E+00
3.4513354054832872E+00
4.0000000000000284E+00
4.5486645945167643E+00
5.0901025213261377E+00
5.6174123271468250E+00
6.1245286296591539E+00
6.6063744453584237E+00
7.0633394871306310E+00
7.4853209069493118E+00
8.0000000000000000E+00
0.0000000000000000E+00
3.6479258073041615E-01
8.2535468333430384E-01
1.3008123560740239E+00
1.8030145831561244E+00
2.3288291263332130E+00
2.8743183806520958E+00
3.4336084899962507E+00
4.0000000000000222E+00
4.5663915100038066E+00
5.1256816193479571E+00
5.6711708736668367E+00
6.1969854168439120E+00
6.6991876439260132E+00
7.1746453166657203E+00
7.6352074192695927E+00
8.0000000000000000E+00
0.0000000000000000E+00
3.2435674975934503E-01
7.5189020721845379E-01
1.2334215569559399E+00
1.7464650355256077E+00
2.2857805256456585E+00
2.8454237671352955E+00
3.4191260974626045E+00
4.0000000000000240E+00
4.5808739025374496E+00
5.1545762328647600E+00
5.7142194743543877E+00
6.2535349644744320E+00
6.7665784430440956E+00
7.2481097927815687E+00
7.6756432502406637E+00
8.0000000000000000E+00
0.0000000000000000E+00
3.1551801281930703E-01
7.2214384966171086E-01
1.1934255749290597E+00
1.7085644301865655E+00
2.2548596917926518E+00
2.8239630619100287E+00
3.4081906161187443E+00
4.0000000000000302E+00
4.5918093838813068E+00
5.1760369380900162E+00
5.7451403082073869E+00
6.2914355698134727E+00
6.8065744250709654E+00
7.2778561503383061E+00
7.6844819871807033E+00
8.0000000000000000E+00
0.0000000000000000E+00
3.1610135339784756E-01
7.1231888484389272E-01
1.1745526671596875E+00
1.6867332714414009E+00
2.2353837720359717E+00
2.8097690129191721E+00
3.4007895905260628E+00
4.0000000000000275E+00
4.5992104094739874E+00
5.1902309870808701E+00
5.7646162279640656E+00
6.3132667285586361E+00
6.8254473328403442E+00
7.2876811151561229E+00
7.6838986466021577E+00
8.0000000000000000E+00
0.0000000000000000E+00
3.1850291670365732E-01
7.1023873817914196E-01
1.1670507418107110E+00
1.6763255388106788E+00
2.2251348588860300E+00
2.8019312262543927E+00
3.3966043852116465E+00
4.0000000000000213E+00
4.6033956147883979E+00
5.1980687737456508E+00
5.7748651411140113E+00
6.3236744611893538E+00
6.8329492581893163E+00
7.2897612618208800E+00
7.6814970832963443E+00
8.0000000000000000E+00
0.0000000000000000E+00
3.1958757565566448E-01
7.1011227209889227E-01
1.1651733905092474E+00
1.6733326526056618E+00
2.2220045351173479E+00
2.7994558642525820E+00
3.3952631446888244E+00
4.0000000000000169E+00
4.6047368553112271E+00
5.2005441357474602E+00
5.7779954648826877E+00
6.3266673473943662E+00
6.8348266094907713E+00
7.2898877279011236E+00
7.6804124243443255E+00
8.0000000000000000E+00
0.0000000000000000E+00
3.1850291670365727E-01
7.1023873817914129E-01
1.1670507418107092E+00
1.6763255388106779E+00
2.2251348588860278E+00
2.8019312262543905E+00
3.3966043852116456E+00
4.0000000000000231E+00
4.6033956147883979E+00
5.1980687737456508E+00
5.7748651411140104E+00
6.3236744611893556E+00
6.8329492581893119E+00
7.2897612618208711E+00
7.6814970832963398E+00
8.0000000000000000E+00
0.0000000000000000E+00
3.1610135339784734E-01
7.1231888484389250E-01
1.1745526671596849E+00
1.6867332714414009E+00
2.2353837720359726E+00
2.8097690129191726E+00
3.4007895905260588E+00
4.0000000000000302E+00
4.5992104094739856E+00
5.1902309870808701E+00
5.7646162279640709E+00
6.3132667285586344E+00
6.8254473328403336E+00
7.2876811151561212E+00
7.6838986466021542E+00
8.0000000000000000E+00
0.0000000000000000E+00
3.1551801281930675E-01
7.2214384966171041E-01
1.1934255749290605E+00
1.7085644301865628E+00
2.2548596917926509E+00
2.8239630619100331E+00
3.4081906161187439E+00
4.0000000000000302E+00
4.5918093838813085E+00
5.1760369380900189E+00
5.7451403082073940E+00
6.2914355698134639E+00
6.8065744250709628E+00
7.2778561503383044E+00
7.6844819871806935E+00
8.0000000000000000E+00
0.0000000000000000E+00
3.2435674975934436E-01
7.5189020721845379E-01
1.2334215569559388E+00
1.7464650355256079E+00
2.2857805256456580E+00
2.8454237671352964E+00
3.4191260974626032E+00
4.0000000000000355E+00
4.5808739025374541E+00
5.1545762328647529E+00
5.7142194743543850E+00
6.2535349644744214E+00
6.7665784430440841E+00
7.2481097927815625E+00
7.6756432502406575E+00
8.0000000000000000E+00
0.0000000000000000E+00
3.6479258073041593E-01
8.2535468333430284E-01
1.3008123560740235E+00
1.8030145831561217E+00
2.3288291263332130E+00
2.8743183806520962E+00
3.4336084899962542E+00
4.0000000000000311E+00
4.5663915100038119E+00
5.1256816193479597E+00
5.6711708736668287E+00
6.1969854168439058E+00
6.6991876439260034E+00
7.1746453166657167E+00
7.6352074192695900E+00
8.0000000000000000E+00
0.0000000000000000E+00
5.1467909305069903E-01
9.3666051286939556E-01
1.3936255546416056E+00
1.8754713703408823E+00
2.3825876728532185E+00
2.9098974786739160E+00
3.4513354054832903E+00
4.0000000000000391E+00
4.5486645945167696E+00
5.0901025213261342E+00
5.6174123271468268E+00
6.1245286296591432E+00
6.6063744453584192E+00
7.0633394871306194E+00
7.4853209069493065E+00
8.0000000000000000E+00
0.0000000000000000E+00
5.1167821278029402E-01
9.3298761840795508E-01
1.3896939546650049E+00
1.8716896670931922E+00
2.3793277927723118E+00
2.9075025926948155E+00
3.4500673296158335E+00
4.0000000000000249E+00
4.5499326703842229E+00
5.0924974073052285E+00
5.6206722072277300E+00
6.1283103329068425E+00
6.6103060453350269E+00
7.0670123815920656E+00
7.4883217872197143E+00
8.0000000000000000E+00
0.0000000000000000E+00
3.6384444805871147E-01
8.2351354289161438E-01
1.2985356529777439E+00
1.8006019585198263E+00
2.3266162941487276E+00
2.8726275273906730E+00
3.4326936150913965E+00
4.0000000000000329E+00
4.5673063849086537E+00
5.1273724726093750E+00
5.6733837058513146E+00
6.1993980414802108E+00
6.7014643470222870E+00
7.1764864571084050E+00
7.6361555519412976E+00
8.0000000000000000E+00
0.0000000000000000E+00
3.2454785273925196E-01
7.5157269051520403E-01
1.2325356578795195E+00
1.7452167089695452E+00
2.2844576041196283E+00
2.8443314048762609E+00
3.4185114631062712E+00
4.0000000000000302E+00
4.5814885368937812E+00
5.1556685951237853E+00
5.7155423958804148E+00
6.2547832910304857E+00
6.7674643421205118E+00
7.2484273094848106E+00
7.6754521472607555E+00
8.0000000000000000E+00
0.0000000000000000E+00
3.1636342693983222E-01
7.2283668580896632E-01
1.1935963245784864E+00
1.7082380595200999E+00
2.2542574493679601E+00
2.8233603064944539E+00
3.4078228156292183E+00
4.0000000000000222E+00
4.5921771843708319E+00
5.1766396935055887E+00
5.7457425506320812E+00
6.2917619404799385E+00
6.8064036754215405E+00
7.2771633141910490E+00
7.6836365730601806E+00
8.0000000000000000E+00
0.0000000000000000E+00
3.1731157537690441E-01
7.1362850608049089E-01
1.1754246025188042E+00
1.6870598281302236E+00
2.2353084754494450E+00
2.8095306338529289E+00
3.4006070165211586E+00
4.0000000000000195E+00
4.5993929834788920E+00
5.1904693661471120E+00
5.7646915245505967E+00
6.3129401718698235E+00
6.8245753974812216E+00
7.2863714939195257E+00
7.6826884246231044E+00
8.0000000000000000E+00
0.0000000000000000E+00
3.1989404658459231E-01
7.1187455217442908E-01
1.1683155951907815E+00
1.6770348067006238E+00
2.2253782590006352E+00
2.8019169368057049E+00
3.3965366936621426E+00
4.0000000000000213E+00
4.6034633063379076E+00
5.1980830631943373E+00
5.7746217409994003E+00
6.3229651932994191E+00
6.8316844048092431E+00
7.2881254478255864E+00
7.6801059534154188E+00
8.0000000000000000E+00
0.0000000000000000E+00
3.2103299764716897E-01
7.1184942482453628E-01
1.1665640124329590E+00
1.6741674075620994E+00
2.2223541910105897E+00
2.7995170842012915E+00
3.3952343558818390E+00
4.0000000000000169E+00
4.6047656441182054E+00
5.2004829157987498E+00
5.7776458089894511E+00
6.3258325924379273E+00
6.8334359875670714E+00
7.2881505751754920E+00
7.6789670023528336E+00
8.0000000000000000E+00
0.0000000000000000E+00
3.1989404658459242E-01
7.1187455217442897E-01
1.1683155951907815E+00
1.6770348067006218E+00
2.2253782590006344E+00
2.8019169368057057E+00
3.3965366936621391E+00
4.0000000000000178E+00
4.6034633063379058E+00
5.1980830631943356E+00
5.7746217409993976E+00
6.3229651932994049E+00
6.8316844048092458E+00
7.2881254478255890E+00
7.6801059534154188E+00
8.0000000000000000E+00
0.0000000000000000E+00
3.1731157537690419E-01
7.1362850608049033E-01
1.1754246025188049E+00
1.6870598281302207E+00
2.2353084754494410E+00
2.8095306338529298E+00
3.4006070165211586E+00
4.0000000000000231E+00
4.5993929834788867E+00
5.1904693661471129E+00
5.7646915245505852E+00
6.3129401718697968E+00
6.8245753974812198E+00
7.2863714939195274E+00
7.6826884246231018E+00
8.0000000000000000E+00
0.0000000000000000E+00
3.1636342693983183E-01
7.2283668580896643E-01
1.1935963245784853E+00
1.7082380595200986E+00
2.2542574493679588E+00
2.8233603064944544E+00
3.4078228156292174E+00
4.0000000000000302E+00
4.5921771843708301E+00
5.1766396935055896E+00
5.7457425506320741E+00
6.2917619404799270E+00
6.8064036754215360E+00
7.2771633141910472E+00
7.6836365730601699E+00
8.0000000000000000E+00
0.0000000000000000E+00
3.2454785273925174E-01
7.5157269051520315E-01
1.2325356578795195E+00
1.7452167089695434E+00
2.2844576041196274E+00
2.8443314048762600E+00
3.4185114631062747E+00
4.0000000000000275E+00
4.5814885368937839E+00
5.1556685951237826E+00
5.7155423958804068E+00
6.2547832910304892E+00
6.7674643421204985E+00
7.2484273094848026E+00
7.6754521472607538E+00
8.0000000000000000E+00
0.0000000000000000E+00
3.6384444805871119E-01
8.2351354289161427E-01
1.2985356529777428E+00
1.8006019585198287E+00
2.3266162941487258E+00
2.8726275273906738E+00
3.4326936150913991E+00
4.0000000000000400E+00
4.5673063849086581E+00
5.1273724726093732E+00
5.6733837058513155E+00
6.1993980414801957E+00
6.7014643470222799E+00
7.1764864571083971E+00
7.6361555519412923E+00
8.0000000000000000E+00
0.0000000000000000E+00
5.1167821278029357E-01
9.3298761840795452E-01
1.3896939546650036E+00
1.8716896670931922E+00
2.3793277927723131E+00
2.9075025926948164E+00
3.4500673296158366E+00
4.0000000000000400E+00
4.5499326703842211E+00
5.0924974073052356E+00
5.6206722072277220E+00
6.1283103329068389E+00
6.6103060453350180E+00
7.0670123815920629E+00
7.4883217872197108E+00
8.0000000000000000E+00
0.0000000000000000E+00
5.0720142980118776E-01
9.2722154823179681E-01
1.3833270893284249E+00
1.8654688393721417E+00
2.3739372867473580E+00
2.9035419088494292E+00
3.4479728741939071E+00
4.0000000000000231E+00
4.5520271258061342E+00
5.0964580911506081E+00
5.6260627132526801E+00
6.1345311606278949E+00
6.6166729106716007E+00
7.0727784517682144E+00
7.4927985701988229E+00
8.0000000000000000E+00
0.0000000000000000E+00
3.6216622367576778E-01
8.2017820469678460E-01
1.2943182131875342E+00
1.7961229659747540E+00
2.3225361169771923E+00
2.8695374015717374E+00
3.4310328402640962E+00
4.0000000000000240E+00
4.5689671597359496E+00
5.1304625984283110E+00
5.6774638830228392E+00
6.2038770340252780E+00
6.7056817868124918E+00
7.1798217953032264E+00
7.6378337763242454E+00
8.0000000000000000E+00
0.0000000000000000E+00
3.2433409680678066E-01
7.5021151981531486E-01
1.2301023135451259E+00
1.7422169253347664E+00
2.2814978468297760E+00
2.8419895964159290E+00
3.4172244237097469E+00
4.0000000000000302E+00
4.5827755762902935E+00
5.1580104035841119E+00
5.7185021531702560E+00
6.2577830746652685E+00
6.7698976864548976E+00
7.2497884801846997E+00
7.6756659031932202E+00
8.0000000000000000E+00
0.0000000000000000E+00
3.1694244907781133E-01
7.2273256954701837E-01
1.1924933525507873E+00
1.7064027983268639E+00
2.2522086168666759E+00
2.8216368117828745E+00
3.4068471360187957E+00
4.0000000000000195E+00
4.5931528639812402E+00
5.1783631882171646E+00
5.7477913831333574E+00
6.2935972016731707E+00
6.8075066474492383E+00
7.2772674304529943E+00
7.6830575509221948E+00
8.0000000000000000E+00
0.0000000000000000E+00
3.1830809141046068E-01
7.1426385735866893E-01
1.1751857937734926E+00
1.6860425720983263E+00
2.2339256671728571E+00
2.8082696767173738E+00
3.3998668507649938E+00
4.0000000000000204E+00
4.6001331492350452E+00
5.1917303232826644E+00
5.7660743328271780E+00
6.3139574279017046E+00
6.8248142062265291E+00
7.2857361426413423E+00
7.6816919085895456E+00
8.0000000000000000E+00
0.0000000000000000E+00
3.2108786318121801E-01
7.1288969349301545E-01
1.1685530188211575E+00
1.6764931095059541E+00
2.2243973284241645E+00
2.8009407763589849E+00
3.3959430596217457E+00
4.0000000000000258E+00
4.6040569403782916E+00
5.1990592236410471E+00
5.7756026715758724E+00
6.3235068904940697E+00
6.8314469811788703E+00
7.2871103065069969E+00
7.6789121368187878E+00
8.0000000000000000E+00
0.0000000000000000E+00
3.2228435760754226E-01
7.1298063097193698E-01
1.1669524569107992E+00
1.6737808706691193E+00
2.2215069632117657E+00
2.7986368608994927E+00
3.3946903757623703E+00
4.0000000000000222E+00
4.6053096242376759E+00
5.2013631391005379E+00
5.7784930367882650E+00
6.3262191293308989E+00
6.8330475430892212E+00
7.2870193690280738E+00
7.6777156423924824E+00
8.0000000000000000E+00
0.0000000000000000E+00
3.2108786318121857E-01
7.1288969349301623E-01
1.1685530188211566E+00
1.6764931095059550E+00
2.2243973284241623E+00
2.8009407763589849E+00
3.3959430596217484E+00
4.0000000000000258E+00
4.6040569403782889E+00
5.1990592236410489E+00
5.7756026715758653E+00
6.3235068904940706E+00
6.8314469811788676E+00
7.2871103065070075E+00
7.6789121368187967E+00
8.0000000000000000E+00
0.0000000000000000E+00
3.1830809141046063E-01
7.1426385735866882E-01
1.1751857937734926E+00
1.6860425720983252E+00
2.2339256671728571E+00
2.8082696767173729E+00
3.3998668507649956E+00
4.0000000000000169E+00
4.6001331492350452E+00
5.1917303232826617E+00
5.7660743328271771E+00
6.3139574279016992E+00
6.8248142062265327E+00
7.2857361426413423E+00
7.6816919085895430E+00
8.0000000000000000E+00
0.0000000000000000E+00
3.1694244907781099E-01
7.2273256954701703E-01
1.1924933525507877E+00
1.7064027983268635E+00
2.2522086168666759E+00
2.8216368117828732E+00
3.4068471360188002E+00
4.0000000000000240E+00
4.5931528639812464E+00
5.1783631882171672E+00
5.7477913831333591E+00
6.2935972016731574E+00
6.8075066474492365E+00
7.2772674304529801E+00
7.6830575509221921E+00
8.0000000000000000E+00
0.0000000000000000E+00
3.2433409680678071E-01
7.5021151981531586E-01
1.2301023135451248E+00
1.7422169253347686E+00
2.2814978468297742E+00
2.8419895964159285E+00
3.4172244237097553E+00
4.0000000000000275E+00
4.5827755762902971E+00
5.1580104035841154E+00
5.7185021531702560E+00
6.2577830746652578E+00
6.7698976864548941E+00
7.2497884801846961E+00
7.6756659031932060E+00
8.0000000000000000E+00
0.0000000000000000E+00
3.6216622367576745E-01
8.2017820469678493E-01
1.2943182131875304E+00
1.7961229659747573E+00
2.3225361169771923E+00
2.8695374015717334E+00
3.4310328402641024E+00
4.0000000000000382E+00
4.5689671597359531E+00
5.1304625984283208E+00
5.6774638830228392E+00
6.2038770340252718E+00
6.7056817868124901E+00
7.1798217953032282E+00
7.6378337763242321E+00
8.0000000000000000E+00
0.0000000000000000E+00
5.0720142980118799E-01
9.2722154823179892E-01
1.3833270893284231E+00
1.8654688393721417E+00
2.3739372867473567E+00
2.9035419088494332E+00
3.4479728741939044E+00
4.0000000000000355E+00
4.5520271258061449E+00
5.0964580911506170E+00
5.6260627132526784E+00
6.1345311606278887E+00
6.6166729106716007E+00
7.0727784517682153E+00
7.4927985701988158E+00
8.0000000000000000E+00
0.0000000000000000E+00
5.0053623828615845E-01
9.1822541619882625E-01
1.3731678173615358E+00
1.8554732876248397E+00
2.3652921406192839E+00
2.8972203423897920E+00
3.4446437811707469E+00
4.0000000000000195E+00
4.5553562188292922E+00
5.1027796576102471E+00
5.6347078593807467E+00
6.1445267123751854E+00
6.6268321826384886E+00
7.0817745838011872E+00
7.4994637617138489E+00
8.0000000000000000E+00
0.0000000000000000E+00
3.5925968978679845E-01
8.1432961833532713E-01
1.2868583416882431E+00
1.7882530267205092E+00
2.3154547419710712E+00
2.8642392166835422E+00
3.4282091148884373E+00
4.0000000000000231E+00
4.5717908851116000E+00
5.1357607833164911E+00
5.6845452580289582E+00
6.2117469732795172E+00
6.7131416583117769E+00
7.1856703816646874E+00
7.6407403102132063E+00
8.0000000000000000E+00
0.0000000000000000E+00
3.2324435228212317E-01
7.4684218913078937E-01
1.2248551683195268E+00
1.7361597516973104E+00
2.2757744836889970E+00
2.8375902656817695E+00
3.4148469501381045E+00
4.0000000000000195E+00
4.5851530498619359E+00
5.1624097343182633E+00
5.7242255163110363E+00
6.2638402483027180E+00
6.7751448316804943E+00
7.2531578108692294E+00
7.6767556477178882E+00
8.0000000000000000E+00
0.0000000000000000E+00
3.1675459770512499E-01
7.2085950989826675E-01
1.1888621526849195E+00
1.7017692526419692E+00
2.2475999822655059E+00
2.8179924191861319E+00
3.4048488577749025E+00
4.0000000000000195E+00
4.5951511422251370E+00
5.1820075808138988E+00
5.7524000177345256E+00
6.2982307473580548E+00
6.8111378473150932E+00
7.2791404901017573E+00
7.6832454022948857E+00
8.0000000000000000E+00
0.0000000000000000E+00
3.1855635797071880E-01
7.1322823176052663E-01
1.1725774855701829E+00
1.6824002474296271E+00
2.2301323737251568E+00
2.8051934444740176E+00
3.3981579825267048E+00
4.0000000000000195E+00
4.6018420174733361E+00
5.1948065555260152E+00
5.7698676262748751E+00
6.3175997525703984E+00
6.8274225144298404E+00
7.2867717682394888E+00
7.6814436420292900E+00
8.0000000000000000E+00
0.0000000000000000E+00
3.2152694217942890E-01
7.1226717489827707E-01
1.1664961769705016E+00
1.6734203578300735E+00
2.2210936450829939E+00
2.7982140800982580E+00
3.3944145045185725E+00
4.0000000000000187E+00
4.6055854954814635E+00
5.2017859199017717E+00
5.7789063549170328E+00
6.3265796421699489E+00
6.8335038230295169E+00
7.2877328251017355E+00
7.6784730578205798E+00
8.0000000000000000E+00
0.0000000000000000E+00
3.2277650165242650E-01
7.1248150397185084E-01
1.1650681677899755E+00
1.6708925048131444E+00
2.2183654429091559E+00
2.7960276535565765E+00
3.3932228597049314E+00
4.0000000000000178E+00
4.6067771402951010E+00
5.2039723464434600E+00
5.7816345570908609E+00
6.3291074951868822E+00
6.8349318322100352E+00
7.2875184960281612E+00
7.6772234983475887E+00
8.0000000000000000E+00
0.0000000000000000E+00
3.2152694217942890E-01
7.1226717489827673E-01
1.1664961769705011E+00
1.6734203578300741E+00
2.2210936450829935E+00
2.7982140800982602E+00
3.3944145045185690E+00
4.0000000000000142E+00
4.6055854954814688E+00
5.2017859199017682E+00
5.7789063549170301E+00
6.3265796421699445E+00
6.8335038230295142E+00
7.2877328251017275E+00
7.6784730578205771E+00
8.0000000000000000E+00
0.0000000000000000E+00
3.1855635797071896E-01
7.1322823176052619E-01
1.1725774855701825E+00
1.6824002474296265E+00
2.2301323737251559E+00
2.8051934444740185E+00
3.3981579825266999E+00
4.0000000000000204E+00
4.6018420174733370E+00
5.1948065555260161E+00
5.7698676262748751E+00
6.3175997525703940E+00
6.8274225144298297E+00
7.2867717682394817E+00
7.6814436420292891E+00
8.0000000000000000E+00
0.0000000000000000E+00
3.1675459770512560E-01
7.2085950989826597E-01
1.1888621526849190E+00
1.7017692526419665E+00
2.2475999822655033E+00
2.8179924191861363E+00
3.4048488577749003E+00
4.0000000000000258E+00
4.5951511422251397E+00
5.1820075808138988E+00
5.7524000177345282E+00
6.2982307473580628E+00
6.8111378473150976E+00
7.2791404901017387E+00
7.6832454022948822E+00
8.0000000000000000E+00
0.0000000000000000E+00
3.2324435228212334E-01
7.4684218913078915E-01
1.2248551683195261E+00
1.7361597516973100E+00
2.2757744836889930E+00
2.8375902656817713E+00
3.4148469501381049E+00
4.0000000000000275E+00
4.5851530498619404E+00
5.1624097343182695E+00
5.7242255163110363E+00
6.2638402483027225E+00
6.7751448316805014E+00
7.2531578108692187E+00
7.6767556477178829E+00
8.0000000000000000E+00
0.0000000000000000E+00
3.5925968978679862E-01
8.1432961833532702E-01
1.2868583416882449E+00
1.7882530267205097E+00
2.3154547419710725E+00
2.8642392166835426E+00
3.4282091148884386E+00
4.0000000000000275E+00
4.5717908851116071E+00
5.1357607833164947E+00
5.6845452580289635E+00
6.2117469732795225E+00
6.7131416583117884E+00
7.1856703816646839E+00
7.6407403102132054E+00
8.0000000000000000E+00
0.0000000000000000E+00
5.0053623828615856E-01
9.1822541619882703E-01
1.3731678173615356E+00
1.8554732876248403E+00
2.3652921406192866E+00
2.8972203423897915E+00
3.4446437811707518E+00
4.0000000000000249E+00
4.5553562188292966E+00
5.1027796576102435E+00
5.6347078593807494E+00
6.1445267123751934E+00
6.6268321826384913E+00
7.0817745838011881E+00
7.4994637617138480E+00
8.0000000000000000E+00
0.0000000000000000E+00
4.9052518975799059E-01
9.0417296494985744E-01
1.3571196862490666E+00
1.8397506064643132E+00
2.3518364398480949E+00
2.8874846339540112E+00
3.4395526425148786E+00
4.0000000000000222E+00
4.5604473574851516E+00
5.1125153660460194E+00
5.6481635601519349E+00
6.1602493935357128E+00
6.6428803137509540E+00
7.0958270350501600E+00
7.5094748102420139E+00
8.0000000000000000E+00
0.0000000000000000E+00
3.5426787395212178E-01
8.0426554051330290E-01
1.2740858067805816E+00
1.7750073703442564E+00
2.3037726114890407E+00
2.8556432491364330E+00
3.4236753995305333E+00
4.0000000000000204E+00
4.5763246004694995E+00
5.1443567508635990E+00
5.6962273885109882E+00
6.2249926296557705E+00
6.7259141932194355E+00
7.1957344594867152E+00
7.6457321260478848E+00
8.0000000000000000E+00
0.0000000000000000E+00
3.2041946098098684E-01
7.3980536622891135E-01
1.2147436904454827E+00
1.7250671623860507E+00
2.2656814554087350E+00
2.8300326897740851E+00
3.4108244448251441E+00
4.0000000000000187E+00
4.5891755551748865E+00
5.1699673102259442E+00
5.7343185445912868E+00
6.2749328376139717E+00
6.7852563095545371E+00
7.2601946337710981E+00
7.6795805390190255E+00
8.0000000000000000E+00
0.0000000000000000E+00
3.1487426400388491E-01
7.1552386159063774E-01
1.1806564914218598E+00
1.6923708245270361E+00
2.2388299035590604E+00
2.8113246925259361E+00
3.4012707401657765E+00
4.0000000000000222E+00
4.5987292598342577E+00
5.1886753074740923E+00
5.7611700964409618E+00
6.3076291754729850E+00
6.8193435085781600E+00
7.2844761384093708E+00
7.6851257359961229E+00
8.0000000000000000E+00
0.0000000000000000E+00
3.1707166714698792E-01
7.0878308556677283E-01
1.1655378859536414E+00
1.6741638926944407E+00
2.2223250757482447E+00
2.7991959672156881E+00
3.3949203342833760E+00
4.0000000000000204E+00
4.6050796657166595E+00
5.2008040327843421E+00
5.7776749242517793E+00
6.3258361073055820E+00
6.8344621140463744E+00
7.2912169144332388E+00
7.6829283328530167E+00
8.0000000000000000E+00
0.0000000000000000E+00
3.2019222724960111E-01
7.0823537631186040E-01
1.1600631251836693E+00
1.6658369657962115E+00
2.2138567245481329E+00
2.7926255081606848E+00
3.3913877960684271E+00
4.0000000000000169E+00
4.6086122039316066E+00
5.2073744918393459E+00
5.7861432754518942E+00
6.3341630342038107E+00
6.8399368748163489E+00
7.2917646236881479E+00
7.6798077727504053E+00
8.0000000000000000E+00
0.0000000000000000E+00
3.2147928153368294E-01
7.0856776820205958E-01
1.1588202802211254E+00
1.6635171373348385E+00
2.2113154375004318E+00
2.7905755275081390E+00
3.3902671612096360E+00
4.0000000000000080E+00
4.6097328387904009E+00
5.2094244724918894E+00
5.7886845624995926E+00
6.3364828626651875E+00
6.8411797197788973E+00
7.2914322317979474E+00
7.6785207184663289E+00
8.0000000000000000E+00
0.0000000000000000E+00
3.2019222724960111E-01
7.0823537631186062E-01
1.1600631251836699E+00
1.6658369657962107E+00
2.2138567245481324E+00
2.7926255081606839E+00
3.3913877960684289E+00
4.0000000000000151E+00
4.6086122039316111E+00
5.2073744918393494E+00
5.7861432754518942E+00
6.3341630342038053E+00
6.8399368748163480E+00
7.2917646236881479E+00
7.6798077727504053E+00
8.0000000000000000E+00
0.0000000000000000E+00
3.1707166714698820E-01
7.0878308556677261E-01
1.1655378859536425E+00
1.6741638926944407E+00
2.2223250757482420E+00
2.7991959672156868E+00
3.3949203342833769E+00
4.0000000000000187E+00
4.6050796657166648E+00
5.2008040327843466E+00
5.7776749242517864E+00
6.3258361073055767E+00
6.8344621140463699E+00
7.2912169144332388E+00
7.6829283328530167E+00
8.0000000000000000E+00
0.0000000000000000E+00
3.1487426400388491E-01
7.1552386159063774E-01
1.1806564914218596E+00
1.6923708245270370E+00
2.2388299035590586E+00
2.8113246925259370E+00
3.4012707401657725E+00
4.0000000000000204E+00
4.5987292598342631E+00
5.1886753074740994E+00
5.7611700964409733E+00
6.3076291754729796E+00
6.8193435085781564E+00
7.2844761384093717E+00
7.6851257359961167E+00
8.0000000000000000E+00
0.0000000000000000E+00
3.2041946098098673E-01
7.3980536622891258E-01
1.2147436904454836E+00
1.7250671623860507E+00
2.2656814554087363E+00
2.8300326897740864E+00
3.4108244448251455E+00
4.0000000000000222E+00
4.5891755551748874E+00
5.1699673102259451E+00
5.7343185445912983E+00
6.2749328376139752E+00
6.7852563095545335E+00
7.2601946337711007E+00
7.6795805390190148E+00
8.0000000000000000E+00
0.0000000000000000E+00
3.5426787395212150E-01
8.0426554051330257E-01
1.2740858067805829E+00
1.7750073703442550E+00
2.3037726114890429E+00
2.8556432491364308E+00
3.4236753995305356E+00
4.0000000000000249E+00
4.5763246004694995E+00
5.1443567508635990E+00
5.6962273885109909E+00
6.2249926296557705E+00
6.7259141932194435E+00
7.1957344594867116E+00
7.6457321260478901E+00
8.0000000000000000E+00
0.0000000000000000E+00
4.9052518975799014E-01
9.0417296494985788E-01
1.3571196862490671E+00
1.8397506064643145E+00
2.3518364398480935E+00
2.8874846339540134E+00
3.4395526425148799E+00
4.0000000000000249E+00
4.5604473574851543E+00
5.1125153660460168E+00
5.6481635601519367E+00
6.1602493935357083E+00
6.6428803137509531E+00
7.0958270350501547E+00
7.5094748102420183E+00
8.0000000000000000E+00
0.0000000000000000E+00
4.7518469959295756E-01
8.8202264507302108E-01
1.3319679226248706E+00
1.8155835078168980E+00
2.3315967284675914E+00
2.8730697519748931E+00
3.4320843787314446E+00
4.0000000000000089E+00
4.5679156212685923E+00
5.1269302480251282E+00
5.6684032715324424E+00
6.1844164921831188E+00
6.6680320773751465E+00
7.1179773549269916E+00
7.5248153004070444E+00
8.0000000000000000E+00
0.0000000000000000E+00
3.4560706855129097E-01
7.8703361646467240E-01
1.2527048577993205E+00
1.7535589829565874E+00
2.2854165084816693E+00
2.8424167034569576E+00
3.4167825124853608E+00
4.0000000000000169E+00
4.5832174875146690E+00
5.1575832965430708E+00
5.7145834915183560E+00
6.2464410170434395E+00
6.7472951422007030E+00
7.2129663835353410E+00
7.6543929314487151E+00
8.0000000000000000E+00
0.0000000000000000E+00
3.1420215193101936E-01
7.2613664760724272E-01
1.1964752895224837E+00
1.7060898712297401E+00
2.2491034905679714E+00
2.8179455019706863E+00
3.4044862820830835E+00
4.0000000000000178E+00
4.5955137179169556E+00
5.1820544980293439E+00
5.7508965094320539E+00
6.2939101287702810E+00
6.8035247104775340E+00
7.2738633523927714E+00
7.6857978480689821E+00
8.0000000000000000E+00
0.0000000000000000E+00
3.0949796684221093E-01
7.0369176772777720E-01
1.1645716922654712E+00
1.6753325893231206E+00
2.2237435359484916E+00
2.8002245185893497E+00
3.3954203429759713E+00
4.0000000000000231E+00
4.6045796570240700E+00
5.1997754814106836E+00
5.7762564640515324E+00
6.3246674106768994E+00
6.8354283077345439E+00
7.2963082322722288E+00
7.6905020331577836E+00
8.0000000000000000E+00
0.0000000000000000E+00
3.1196438085577277E-01
6.9782358584738680E-01
1.1507092629655715E+00
1.6584085002253499E+00
2.2082980467450524E+00
2.7888264598354477E+00
3.3894382035363586E+00
4.0000000000000213E+00
4.6105617964636778E+00
5.2111735401645829E+00
5.7917019532549734E+00
6.3415914997746734E+00
6.8492907370344431E+00
7.3021764141526173E+00
7.6880356191442294E+00
8.0000000000000000E+00
0.0000000000000000E+00
3.1514613332006092E-01
6.9762886187547934E-01
1.1458413828410245E+00
1.6507675341001338E+00
2.2004361697725434E+00
2.7826901184151867E+00
3.3861287493614354E+00
4.0000000000000187E+00
4.6138712506386010E+00
5.2173098815848453E+00
5.7995638302274788E+00
6.3492324658998829E+00
6.8541586171589923E+00
7.3023711381245358E+00
7.6848538666799415E+00
8.0000000000000000E+00
0.0000000000000000E+00
3.1643701130877805E-01
6.9805177734467849E-01
1.1447739711875384E+00
1.6486589334798551E+00
2.1980887708130488E+00
2.7807823195258816E+00
3.3850820137236148E+00
4.0000000000000169E+00
4.6149179862764109E+00
5.2192176804741601E+00
5.8019112291869721E+00
6.3513410665201535E+00
6.8552260288124796E+00
7.3019482226553416E+00
7.6835629886912171E+00
8.0000000000000000E+00
0.0000000000000000E+00
3.1514613332006108E-01
6.9762886187547946E-01
1.1458413828410245E+00
1.6507675341001298E+00
2.2004361697725421E+00
2.7826901184151831E+00
3.3861287493614300E+00
4.0000000000000258E+00
4.6138712506385975E+00
5.2173098815848507E+00
5.7995638302274823E+00
6.3492324658998802E+00
6.8541586171589888E+00
7.3023711381245349E+00
7.6848538666799451E+00
8.0000000000000000E+00
0.0000000000000000E+00
3.1196438085577294E-01
6.9782358584738646E-01
1.1507092629655700E+00
1.6584085002253481E+00
2.2082980467450506E+00
2.7888264598354455E+00
3.3894382035363551E+00
4.0000000000000178E+00
4.6105617964636778E+00
5.2111735401645891E+00
5.7917019532549716E+00
6.3415914997746672E+00
6.8492907370344405E+00
7.3021764141526306E+00
7.6880356191442303E+00
8.0000000000000000E+00
0.0000000000000000E+00
3.0949796684221065E-01
7.0369176772777708E-01
1.1645716922654703E+00
1.6753325893231177E+00
2.2237435359484916E+00
2.8002245185893480E+00
3.3954203429759739E+00
4.0000000000000169E+00
4.6045796570240629E+00
5.1997754814106862E+00
5.7762564640515368E+00
6.3246674106769003E+00
6.8354283077345430E+00
7.2963082322722412E+00
7.6905020331578005E+00
8.0000000000000000E+00
0.0000000000000000E+00
3.1420215193101825E-01
7.2613664760724150E-01
1.1964752895224828E+00
1.7060898712297385E+00
2.2491034905679697E+00
2.8179455019706858E+00
3.4044862820830826E+00
4.0000000000000187E+00
4.5955137179169547E+00
5.1820544980293457E+00
5.7508965094320521E+00
6.2939101287702846E+00
6.8035247104775429E+00
7.2738633523927705E+00
7.6857978480689928E+00
8.0000000000000000E+00
0.0000000000000000E+00
3.4560706855129025E-01
7.8703361646467174E-01
1.2527048577993201E+00
1.7535589829565865E+00
2.2854165084816680E+00
2.8424167034569616E+00
3.4167825124853608E+00
4.0000000000000142E+00
4.5832174875146734E+00
5.1575832965430717E+00
5.7145834915183604E+00
6.2464410170434359E+00
6.7472951422007030E+00
7.2129663835353437E+00
7.6543929314487231E+00
8.0000000000000000E+00
0.0000000000000000E+00
4.7518469959295656E-01
8.8202264507301953E-01
1.3319679226248713E+00
1.8155835078168960E+00
2.3315967284675927E+00
2.8730697519748989E+00
3.4320843787314423E+00
4.0000000000000160E+00
4.5679156212685896E+00
5.1269302480251397E+00
5.6684032715324388E+00
6.1844164921831286E+00
6.6680320773751500E+00
7.1179773549269969E+00
7.5248153004070542E+00
8.0000000000000000E+00
0.0000000000000000E+00
4.5067835257939121E-01
8.4647459758281962E-01
1.2929108230444222E+00
1.7797061986697245E+00
2.3024368022408073E+00
2.8526860350583623E+00
3.4216293899262582E+00
4.0000000000000160E+00
4.5783706100737733E+00
5.1473139649416648E+00
5.6975631977592140E+00
6.2202938013302962E+00
6.7070891769555825E+00
7.1535254024171895E+00
7.5493216474206131E+00
8.0000000000000000E+00
0.0000000000000000E+00
3.3002763004255953E-01
7.5711516892755404E-01
1.2176626537212494E+00
1.7203965464588244E+00
2.2580849511199808E+00
2.8231658045127355E+00
3.4068717637817345E+00
4.0000000000000178E+00
4.5931282362183001E+00
5.1768341954872934E+00
5.7419150488800392E+00
6.2796034535411955E+00
6.7823373462787693E+00
7.2428848310724518E+00
7.6699723699574429E+00
8.0000000000000000E+00
0.0000000000000000E+00
3.0093065159592303E-01
7.0029954976896092E-01
1.1649358654119666E+00
1.6755639424824009E+00
2.2235851337839860E+00
2.7998270868506538E+00
3.3951192927274558E+00
4.0000000000000213E+00
4.6048807072725744E+00
5.2001729131493812E+00
5.7764148662160375E+00
6.3244360575176151E+00
6.8350641345880447E+00
7.2997004502310476E+00
7.6990693484040733E+00
8.0000000000000000E+00
0.0000000000000000E+00
2.9676415925788174E-01
6.7973345214533654E-01
1.1353563607732962E+00
1.6468017617229440E+00
2.1996990927650133E+00
2.7830540046348156E+00
3.3865142736051475E+00
4.0000000000000195E+00
4.6134857263948819E+00
5.2169459953652142E+00
5.8003009072350222E+00
6.3531982382770682E+00
6.8646436392267143E+00
7.3202665478546747E+00
7.7032358407421189E+00
8.0000000000000000E+00
0.0000000000000000E+00
2.9927733404389095E-01
6.7455702851381960E-01
1.1226546430447222E+00
1.6310765901258180E+00
2.1852238210396586E+00
2.7723105083462309E+00
3.3808573246004863E+00
4.0000000000000169E+00
4.6191426753995524E+00
5.2276894916538028E+00
5.8147761789603640E+00
6.3689234098741982E+00
6.8773453569552956E+00
7.3254429714861882E+00
7.7007226659561079E+00
8.0000000000000000E+00
0.0000000000000000E+00
3.0236065095767417E-01
6.7455627555122943E-01
1.1182629793059291E+00
1.6240090556824855E+00
2.1778720765276947E+00
2.7665357063017524E+00
3.3777318138652550E+00
4.0000000000000213E+00
4.6222681861347859E+00
5.2334642936982796E+00
5.8221279234723289E+00
6.3759909443175324E+00
6.8817370206940831E+00
7.3254437244487747E+00
7.6976393490423209E+00
8.0000000000000000E+00
0.0000000000000000E+00
3.0360300040217114E-01
6.7501008163822040E-01
1.1173187184442956E+00
1.6220643047027561E+00
2.1756789382049413E+00
2.7647410442785492E+00
3.3767435438438738E+00
4.0000000000000169E+00
4.6232564561561702E+00
5.2352589557214735E+00
5.8243210617950858E+00
6.3779356952972668E+00
6.8826812815557119E+00
7.3249899183617870E+00
7.6963969995978241E+00
8.0000000000000000E+00
0.0000000000000000E+00
3.0236065095767389E-01
6.7455627555122877E-01
1.1182629793059276E+00
1.6240090556824869E+00
2.1778720765276924E+00
2.7665357063017515E+00
3.3777318138652537E+00
4.0000000000000151E+00
4.6222681861347850E+00
5.2334642936982769E+00
5.8221279234723298E+00
6.3759909443175360E+00
6.8817370206940840E+00
7.3254437244487791E+00
7.6976393490423227E+00
8.0000000000000000E+00
0.0000000000000000E+00
2.9927733404389079E-01
6.7455702851381893E-01
1.1226546430447193E+00
1.6310765901258164E+00
2.1852238210396528E+00
2.7723105083462318E+00
3.3808573246004845E+00
4.0000000000000187E+00
4.6191426753995479E+00
5.2276894916537993E+00
5.8147761789603694E+00
6.3689234098742009E+00
6.8773453569552938E+00
7.3254429714861899E+00
7.7007226659561105E+00
8.0000000000000000E+00
0.0000000000000000E+00
2.9676415925788141E-01
6.7973345214533487E-01
1.1353563607732950E+00
1.6468017617229429E+00
2.1996990927650049E+00
2.7830540046348156E+00
3.3865142736051470E+00
4.0000000000000151E+00
4.6134857263948899E+00
5.2169459953652222E+00
5.8003009072350205E+00
6.3531982382770744E+00
6.8646436392267187E+00
7.3202665478546702E+00
7.7032358407421224E+00
8.0000000000000000E+00
0.0000000000000000E+00
3.0093065159592258E-01
7.0029954976896025E-01
1.1649358654119646E+00
1.6755639424823998E+00
2.2235851337839816E+00
2.7998270868506512E+00
3.3951192927274541E+00
4.0000000000000178E+00
4.6048807072725788E+00
5.2001729131493919E+00
5.7764148662160517E+00
6.3244360575176177E+00
6.8350641345880518E+00
7.2997004502310512E+00
7.6990693484040875E+00
8.0000000000000000E+00
0.0000000000000000E+00
3.3002763004255842E-01
7.5711516892755248E-01
1.2176626537212483E+00
1.7203965464588193E+00
2.2580849511199790E+00
2.8231658045127319E+00
3.4068717637817350E+00
4.0000000000000115E+00
4.5931282362183046E+00
5.1768341954872970E+00
5.7419150488800472E+00
6.2796034535412062E+00
6.7823373462787657E+00
7.2428848310724607E+00
7.6699723699574438E+00
8.0000000000000000E+00
0.0000000000000000E+00
4.5067835257938982E-01
8.4647459758281884E-01
1.2929108230444197E+00
1.7797061986697211E+00
2.3024368022408055E+00
2.8526860350583609E+00
3.4216293899262578E+00
4.0000000000000187E+00
4.5783706100737724E+00
5.1473139649416639E+00
5.6975631977592220E+00
6.2202938013303051E+00
6.7070891769555976E+00
7.1535254024172001E+00
7.5493216474206095E+00
8.0000000000000000E+00
0.0000000000000000E+00
4.0842384235383089E-01
7.8724366030760906E-01
1.2349468517462940E+00
1.7293438492774416E+00
2.2627559257018421E+00
2.8254187176503471E+00
3.4077661537860111E+00
4.0000000000000169E+00
4.5922338462140173E+00
5.1745812823496804E+00
5.7372440742981876E+00
6.2706561507225711E+00
6.7650531482537168E+00
7.2127563396924010E+00
7.5915761576461653E+00
8.0000000000000000E+00
0.0000000000000000E+00
2.9878604368652634E-01
7.0344201741261314E-01
1.1632124006843605E+00
1.6723007339632372E+00
2.2198910687373719E+00
2.7968144586160073E+00
3.3934477855119285E+00
4.0000000000000098E+00
4.6065522144881133E+00
5.2031855413840180E+00
5.7801089312626548E+00
6.3276992660367730E+00
6.8367875993156444E+00
7.2965579825873927E+00
7.7012139563134765E+00
8.0000000000000000E+00
0.0000000000000000E+00
2.7130415218972476E-01
6.5114950282440487E-01
1.1137253834172616E+00
1.6296366009345333E+00
2.1867979361419874E+00
2.7743265769507381E+00
3.3820980046573830E+00
4.0000000000000204E+00
4.6179019953426579E+00
5.2256734230492876E+00
5.8132020638580348E+00
6.3703633990654849E+00
6.8862746165827522E+00
7.3488504971756035E+00
7.7286958478102843E+00
8.0000000000000000E+00
0.0000000000000000E+00
2.6723894771045936E-01
6.3185330660517935E-01
1.0858732506792270E+00
1.6021903715118107E+00
2.1638106290405510E+00
2.7581003774171449E+00
3.3737510220697438E+00
4.0000000000000195E+00
4.6262489779302962E+00
5.2418996225828876E+00
5.8361893709594730E+00
6.3978096284882016E+00
6.9141267493207845E+00
7.3681466933948254E+00
7.7327610522895434E+00
8.0000000000000000E+00
0.0000000000000000E+00
2.6942387825482705E-01
6.2693499627126892E-01
1.0737059361752868E+00
1.5870260969465213E+00
2.1497466028540142E+00
2.7476136056201463E+00
3.3682148881926874E+00
4.0000000000000258E+00
4.6317851118073490E+00
5.2523863943798910E+00
5.8502533971460116E+00
6.4129739030534969E+00
6.9262940638247255E+00
7.3730650037287306E+00
7.7305761217451741E+00
8.0000000000000000E+00
0.0000000000000000E+00
2.7228241891386074E-01
6.2692556728804283E-01
1.0694386347825067E+00
1.5801213184289573E+00
2.1425345425166000E+00
2.7419279658416156E+00
3.3651313850651059E+00
4.0000000000000151E+00
4.6348686149349385E+00
5.2580720341584213E+00
5.8574654574834266E+00
6.4198786815710616E+00
6.9305613652175033E+00
7.3730744327119586E+00
7.7277175810861394E+00
8.0000000000000000E+00
0.0000000000000000E+00
2.7345211199432401E-01
6.2736321941224471E-01
1.0685085779030368E+00
1.5782063376420568E+00
2.1403687478624356E+00
2.7401519343494898E+00
3.3641516973124199E+00
4.0000000000000240E+00
4.6358483026876272E+00
5.2598480656505417E+00
5.8596312521375928E+00
6.4217936623579703E+00
6.9314914220969666E+00
7.3726367805877473E+00
7.7265478880056779E+00
8.0000000000000000E+00
0.0000000000000000E+00
2.7228241891386046E-01
6.2692556728804227E-01
1.0694386347825060E+00
1.5801213184289540E+00
2.1425345425165956E+00
2.7419279658416120E+00
3.3651313850650997E+00
4.0000000000000320E+00
4.6348686149349314E+00
5.2580720341584160E+00
5.8574654574834319E+00
6.4198786815710633E+00
6.9305613652174998E+00
7.3730744327119631E+00
7.7277175810861412E+00
8.0000000000000000E+00
0.0000000000000000E+00
2.6942387825482633E-01
6.2693499627126792E-01
1.0737059361752848E+00
1.5870260969465173E+00
2.1497466028540084E+00
2.7476136056201419E+00
3.3682148881926866E+00
4.0000000000000195E+00
4.6317851118073543E+00
5.2523863943798865E+00
5.8502533971460169E+00
6.4129739030534996E+00
6.9262940638247255E+00
7.3730650037287395E+00
7.7305761217451758E+00
8.0000000000000000E+00
0.0000000000000000E+00
2.6723894771045859E-01
6.3185330660517713E-01
1.0858732506792241E+00
1.6021903715118069E+00
2.1638106290405470E+00
2.7581003774171413E+00
3.3737510220697402E+00
4.0000000000000249E+00
4.6262489779302944E+00
5.2418996225828893E+00
5.8361893709594783E+00
6.3978096284882167E+00
6.9141267493207899E+00
7.3681466933948352E+00
7.7327610522895434E+00
8.0000000000000000E+00
0.0000000000000000E+00
2.7130415218972376E-01
6.5114950282440209E-01
1.1137253834172585E+00
1.6296366009345284E+00
2.1867979361419851E+00
2.7743265769507368E+00
3.3820980046573754E+00
4.0000000000000204E+00
4.6179019953426579E+00
5.2256734230492929E+00
5.8132020638580446E+00
6.3703633990655018E+00
6.8862746165827557E+00
7.3488504971756106E+00
7.7286958478102816E+00
8.0000000000000000E+00
0.0000000000000000E+00
2.9878604368652545E-01
7.0344201741261136E-01
1.1632124006843565E+00
1.6723007339632332E+00
2.2198910687373670E+00
2.7968144586160055E+00
3.3934477855119236E+00
4.0000000000000151E+00
4.6065522144881106E+00
5.2031855413840216E+00
5.7801089312626663E+00
6.3276992660367890E+00
6.8367875993156630E+00
7.2965579825873945E+00
7.7012139563134800E+00
8.0000000000000000E+00
0.0000000000000000E+00
4.0842384235382967E-01
7.8724366030760762E-01
1.2349468517462898E+00
1.7293438492774380E+00
2.2627559257018373E+00
2.8254187176503449E+00
3.4077661537860111E+00
4.0000000000000133E+00
4.5922338462140200E+00
5.1745812823496919E+00
5.7372440742981894E+00
6.2706561507225880E+00
6.7650531482537284E+00
7.2127563396923993E+00
7.5915761576461760E+00
8.0000000000000000E+00
0.0000000000000000E+00
3.1227709758808314E-01
6.9928988992704710E-01
1.1567704656851392E+00
1.6642666417723582E+00
2.2124865114316945E+00
2.7912312413013507E+00
3.3904712783100379E+00
4.0000000000000195E+00
4.6095287216900012E+00
5.2087687586986782E+00
5.7875134885683277E+00
6.3357333582276594E+00
6.8432295343148706E+00
7.3007101100729583E+00
7.6877229024119229E+00
8.0000000000000000E+00
0.0000000000000000E+00
2.1205041942998673E-01
6.1756451662864964E-01
1.0867916500044290E+00
1.6084105039498291E+00
2.1705146787125469E+00
2.7632184023836071E+00
3.3764496856984625E+00
4.0000000000000266E+00
4.6235503143015730E+00
5.2367815976164245E+00
5.8294853212874749E+00
6.3915894960501891E+00
6.9132083499955845E+00
7.3824354833713564E+00
7.7879495805700145E+00
8.0000000000000000E+00
0.0000000000000000E+00
1.8326865812193541E-01
5.6581200965620182E-01
1.0367445568109739E+00
1.5653631741433132E+00
2.1371497320283539E+00
2.7405775829288044E+00
3.3650316914676424E+00
4.0000000000000222E+00
4.6349683085323949E+00
5.2594224170712307E+00
5.8628502679716750E+00
6.4346368258567033E+00
6.9632554431890341E+00
7.4341879903438075E+00
7.8167313418780626E+00
8.0000000000000000E+00
0.0000000000000000E+00
1.7861673504506739E-01
5.4532825045828570E-01
1.0076519234270063E+00
1.5366354312825234E+00
2.1131528631968259E+00
2.7236708013836193E+00
3.3563470321308349E+00
4.0000000000000231E+00
4.6436529678692100E+00
5.2763291986164145E+00
5.8868471368032012E+00
6.4633645687174957E+00
6.9923480765729895E+00
7.4546717495417285E+00
7.8213832649549353E+00
8.0000000000000000E+00
0.0000000000000000E+00
1.8145522135361525E-01
5.3996003821862393E-01
9.9450983257603853E-01
1.5203628235363165E+00
2.0980970950851026E+00
2.7124739286310713E+00
3.3504454729226030E+00
4.0000000000000204E+00
4.6495545270774405E+00
5.2875260713689629E+00
5.9019029049149276E+00
6.4796371764636982E+00
7.0054901674239662E+00
7.4600399617813835E+00
7.8185447786463858E+00
8.0000000000000000E+00
0.0000000000000000E+00
1.8509144911036865E-01
5.4001428235012672E-01
9.8980031566590543E-01
1.5128061029964714E+00
2.0902501635248769E+00
2.7063078175471103E+00
3.3471081503481992E+00
4.0000000000000258E+00
4.6528918496518425E+00
5.2936921824529266E+00
5.9097498364751520E+00
6.4871938970035421E+00
7.0101996843340988E+00
7.4599857176498734E+00
7.8149085508896299E+00
8.0000000000000000E+00
0.0000000000000000E+00
1.8658199161604577E-01
5.4053417804598636E-01
9.8876108768154303E-01
1.5106868127632915E+00
2.0878724131377191E+00
2.7043668435133950E+00
3.3460398689937856E+00
4.0000000000000284E+00
4.6539601310062615E+00
5.2956331564866437E+00
5.9121275868623107E+00
6.4893131872367205E+00
7.0112389123184569E+00
7.4594658219540095E+00
7.8134180083839491E+00
8.0000000000000000E+00
0.0000000000000000E+00
1.8509144911036832E-01
5.4001428235012605E-01
9.8980031566590410E-01
1.5128061029964699E+00
2.0902501635248747E+00
2.7063078175471085E+00
3.3471081503482014E+00
4.0000000000000204E+00
4.6528918496518443E+00
5.2936921824529310E+00
5.9097498364751555E+00
6.4871938970035501E+00
7.0101996843341068E+00
7.4599857176498805E+00
7.8149085508896361E+00
8.0000000000000000E+00
0.0000000000000000E+00
1.8145522135361478E-01
5.3996003821862248E-01
9.9450983257603587E-01
1.5203628235363138E+00
2.0980970950850963E+00
2.7124739286310691E+00
3.3504454729226025E+00
4.0000000000000240E+00
4.6495545270774352E+00
5.2875260713689665E+00
5.9019029049149294E+00
6.4796371764637106E+00
7.0054901674239796E+00
7.4600399617813897E+00
7.8185447786463911E+00
8.0000000000000000E+00
0.0000000000000000E+00
1.7861673504506620E-01
5.4532825045828415E-01
1.0076519234270027E+00
1.5366354312825199E+00
2.1131528631968197E+00
2.7236708013836144E+00
3.3563470321308300E+00
4.0000000000000231E+00
4.6436529678692091E+00
5.2763291986164136E+00
5.8868471368032109E+00
6.4633645687175019E+00
6.9923480765730126E+00
7.4546717495417214E+00
7.8213832649549371E+00
8.0000000000000000E+00
0.0000000000000000E+00
1.8326865812193452E-01
5.6581200965619960E-01
1.0367445568109706E+00
1.5653631741433103E+00
2.1371497320283463E+00
2.7405775829287990E+00
3.3650316914676370E+00
4.0000000000000231E+00
4.6349683085323941E+00
5.2594224170712325E+00
5.8628502679716838E+00
6.4346368258567104E+00
6.9632554431890483E+00
7.4341879903438048E+00
7.8167313418780715E+00
8.0000000000000000E+00
0.0000000000000000E+00
2.1205041942998587E-01
6.1756451662864686E-01
1.0867916500044263E+00
1.6084105039498229E+00
2.1705146787125416E+00
2.7632184023836017E+00
3.3764496856984580E+00
4.0000000000000178E+00
4.6235503143015757E+00
5.2367815976164325E+00
5.8294853212874882E+00
6.3915894960502069E+00
6.9132083499955890E+00
7.3824354833713617E+00
7.7879495805700181E+00
8.0000000000000000E+00
0.0000000000000000E+00
3.1227709758808181E-01
6.9928988992704422E-01
1.1567704656851348E+00
1.6642666417723542E+00
2.2124865114316909E+00
2.7912312413013463E+00
3.3904712783100317E+00
4.0000000000000160E+00
4.6095287216900047E+00
5.2087687586986879E+00
5.7875134885683437E+00
6.3357333582276718E+00
6.8432295343148795E+00
7.3007101100729637E+00
7.6877229024119167E+00
8.0000000000000000E+00
