0.0000000000000000E+00
0.0000000000000000E+00
0.0000000000000000E+00
0.0000000000000000E+00
0.0000000000000000E+00
0.0000000000000000E+00
0.0000000000000000E+00
0.0000000000000000E+00
0.0000000000000000E+00
0.0000000000000000E+00
0.0000000000000000E+00
0.0000000000000000E+00
0.0000000000000000E+00
0.0000000000000000E+00
0.0000000000000000E+00
0.0000000000000000E+00
0.0000000000000000E+00
0.0000000000000000E+00
0.0000000000000000E+00
0.0000000000000000E+00
0.0000000000000000E+00
0.0000000000000000E+00
0.0000000000000000E+00
0.0000000000000000E+00
0.0000000000000000E+00
0.0000000000000000E+00
0.0000000000000000E+00
0.0000000000000000E+00
0.0000000000000000E+00
0.0000000000000000E+00
0.0000000000000000E+00
0.0000000000000000E+00
0.0000000000000000E+00
-7.5000000000013611E-02
-7.5000000000013653E-02
-7.5000000000013639E-02
-7.5000000000013514E-02
-7.5000000000013445E-02
-7.5000000000013153E-02
-7.5000000000013001E-02
-7.5000000000012931E-02
-7.5000000000012723E-02
-7.5000000000012196E-02
-7.5000000000011932E-02
-7.5000000000011377E-02
-7.5000000000011072E-02
-7.5000000000010295E-02
-7.5000000000009837E-02
-7.5000000000009892E-02
-7.5000000000009143E-02
-7.5000000000008504E-02
-7.5000000000007824E-02
-7.5000000000007810E-02
-7.5000000000006478E-02
-7.5000000000005146E-02
-7.5000000000004063E-02
-7.5000000000003272E-02
-7.5000000000002898E-02
-7.5000000000001066E-02
-7.4999999999999942E-02
-7.5000000000000025E-02
-7.5000000000000289E-02
-7.4999999999998762E-02
-7.4999999999997194E-02
-7.4999999999997014E-02
-7.4999999999999192E-02
-1.5000000000002722E-01
-1.5000000000002731E-01
-1.5000000000002731E-01
-1.5000000000002714E-01
-1.5000000000002683E-01
-1.5000000000002650E-01
-1.5000000000002639E-01
-1.5000000000002586E-01
-1.5000000000002520E-01
-1.5000000000002436E-01
-1.5000000000002367E-01
-1.5000000000002320E-01
-1.5000000000002223E-01
-1.5000000000002087E-01
-1.5000000000001970E-01
-1.5000000000001920E-01
-1.5000000000001801E-01
-1.5000000000001709E-01
-1.5000000000001570E-01
-1.5000000000001526E-01
-1.5000000000001312E-01
-1.5000000000001104E-01
-1.5000000000000924E-01
-1.5000000000000704E-01
-1.5000000000000555E-01
-1.5000000000000285E-01
-1.5000000000000130E-01
-1.5000000000000016E-01
-1.4999999999999936E-01
-1.4999999999999766E-01
-1.4999999999999566E-01
-1.4999999999999464E-01
-1.4999999999999539E-01
-2.2500000000004100E-01
-2.2500000000004103E-01
-2.2500000000004097E-01
-2.2500000000004081E-01
-2.2500000000004039E-01
-2.2500000000003983E-01
-2.2500000000003959E-01
-2.2500000000003870E-01
-2.2500000000003767E-01
-2.2500000000003670E-01
-2.2500000000003559E-01
-2.2500000000003448E-01
-2.2500000000003342E-01
-2.2500000000003148E-01
-2.2500000000002995E-01
-2.2500000000002848E-01
-2.2500000000002682E-01
-2.2500000000002526E-01
-2.2500000000002315E-01
-2.2500000000002221E-01
-2.2500000000001993E-01
-2.2500000000001730E-01
-2.2500000000001513E-01
-2.2500000000001105E-01
-2.2500000000000928E-01
-2.2500000000000608E-01
-2.2500000000000298E-01
-2.2500000000000059E-01
-2.2499999999999792E-01
-2.2499999999999573E-01
-2.2499999999999387E-01
-2.2499999999999215E-01
-2.2499999999999243E-01
-3.0000000000005489E-01
-3.0000000000005489E-01
-3.0000000000005467E-01
-3.0000000000005439E-01
-3.0000000000005389E-01
-3.0000000000005328E-01
-3.0000000000005267E-01
-3.0000000000005156E-01
-3.0000000000005045E-01
-3.0000000000004889E-01
-3.0000000000004756E-01
-3.0000000000004579E-01
-3.0000000000004429E-01
-3.0000000000004234E-01
-3.0000000000004007E-01
-3.0000000000003785E-01
-3.0000000000003535E-01
-3.0000000000003330E-01
-3.0000000000003096E-01
-3.0000000000002880E-01
-3.0000000000002641E-01
-3.0000000000002358E-01
-3.0000000000001986E-01
-3.0000000000001592E-01
-3.0000000000001298E-01
-3.0000000000000987E-01
-3.0000000000000532E-01
-3.0000000000000121E-01
-2.9999999999999699E-01
-2.9999999999999405E-01
-2.9999999999999077E-01
-2.9999999999998872E-01
-2.9999999999998839E-01
-3.7500000000006872E-01
-3.7500000000006883E-01
-3.7500000000006845E-01
-3.7500000000006822E-01
-3.7500000000006772E-01
-3.7500000000006678E-01
-3.7500000000006595E-01
-3.7500000000006473E-01
-3.7500000000006356E-01
-3.7500000000006156E-01
-3.7500000000005945E-01
-3.7500000000005734E-01
-3.7500000000005534E-01
-3.7500000000005307E-01
-3.7500000000005068E-01
-3.7500000000004724E-01
-3.7500000000004396E-01
-3.7500000000004136E-01
-3.7500000000003852E-01
-3.7500000000003592E-01
-3.7500000000003253E-01
-3.7500000000002909E-01
-3.7500000000002554E-01
-3.7500000000002032E-01
-3.7500000000001726E-01
-3.7500000000001249E-01
-3.7500000000000772E-01
-3.7500000000000278E-01
-3.7499999999999717E-01
-3.7499999999999251E-01
-3.7499999999998790E-01
-3.7499999999998473E-01
-3.7499999999998190E-01
-4.5000000000008261E-01
-4.5000000000008272E-01
-4.5000000000008233E-01
-4.5000000000008189E-01
-4.5000000000008133E-01
-4.5000000000008028E-01
-4.5000000000007945E-01
-4.5000000000007845E-01
-4.5000000000007651E-01
-4.5000000000007429E-01
-4.5000000000007173E-01
-4.5000000000006896E-01
-4.5000000000006651E-01
-4.5000000000006368E-01
-4.5000000000006057E-01
-4.5000000000005647E-01
-4.5000000000005241E-01
-4.5000000000004908E-01
-4.5000000000004586E-01
-4.5000000000004320E-01
-4.5000000000003904E-01
-4.5000000000003498E-01
-4.5000000000003004E-01
-4.5000000000002499E-01
-4.5000000000002077E-01
-4.5000000000001505E-01
-4.5000000000000939E-01
-4.5000000000000384E-01
-4.4999999999999757E-01
-4.4999999999999180E-01
-4.4999999999998569E-01
-4.4999999999998025E-01
-4.4999999999997520E-01
-5.2500000000009650E-01
-5.2500000000009650E-01
-5.2500000000009617E-01
-5.2500000000009539E-01
-5.2500000000009472E-01
-5.2500000000009417E-01
-5.2500000000009295E-01
-5.2500000000009139E-01
-5.2500000000008951E-01
-5.2500000000008695E-01
-5.2500000000008396E-01
-5.2500000000008118E-01
-5.2500000000007774E-01
-5.2500000000007407E-01
-5.2500000000007008E-01
-5.2500000000006519E-01
-5.2500000000006175E-01
-5.2500000000005764E-01
-5.2500000000005320E-01
-5.2500000000004987E-01
-5.2500000000004576E-01
-5.2500000000004021E-01
-5.2500000000003433E-01
-5.2500000000002922E-01
-5.2500000000002445E-01
-5.2500000000001734E-01
-5.2500000000000990E-01
-5.2500000000000413E-01
-5.2499999999999802E-01
-5.2499999999999081E-01
-5.2499999999998337E-01
-5.2499999999997693E-01
-5.2499999999997005E-01
-6.0000000000011022E-01
-6.0000000000011022E-01
-6.0000000000011000E-01
-6.0000000000010889E-01
-6.0000000000010856E-01
-6.0000000000010745E-01
-6.0000000000010623E-01
-6.0000000000010445E-01
-6.0000000000010234E-01
-6.0000000000009934E-01
-6.0000000000009635E-01
-6.0000000000009279E-01
-6.0000000000008880E-01
-6.0000000000008424E-01
-6.0000000000007958E-01
-6.0000000000007470E-01
-6.0000000000007059E-01
-6.0000000000006626E-01
-6.0000000000006093E-01
-6.0000000000005660E-01
-6.0000000000005138E-01
-6.0000000000004616E-01
-6.0000000000003995E-01
-6.0000000000003395E-01
-6.0000000000002740E-01
-6.0000000000001874E-01
-6.0000000000001030E-01
-6.0000000000000342E-01
-5.9999999999999720E-01
-5.9999999999998954E-01
-5.9999999999998155E-01
-5.9999999999997400E-01
-5.9999999999996589E-01
-6.7500000000012372E-01
-6.7500000000012395E-01
-6.7500000000012350E-01
-6.7500000000012272E-01
-6.7500000000012217E-01
-6.7500000000012106E-01
-6.7500000000011950E-01
-6.7500000000011762E-01
-6.7500000000011517E-01
-6.7500000000011162E-01
-6.7500000000010796E-01
-6.7500000000010396E-01
-6.7500000000009941E-01
-6.7500000000009475E-01
-6.7500000000008953E-01
-6.7500000000008398E-01
-6.7500000000007843E-01
-6.7500000000007410E-01
-6.7500000000006866E-01
-6.7500000000006299E-01
-6.7500000000005722E-01
-6.7500000000005167E-01
-6.7500000000004512E-01
-6.7500000000003801E-01
-6.7500000000003002E-01
-6.7500000000002081E-01
-6.7500000000001148E-01
-6.7500000000000415E-01
-6.7499999999999694E-01
-6.7499999999998728E-01
-6.7499999999997851E-01
-6.7499999999997029E-01
-6.7499999999996207E-01
-7.5000000000013745E-01
-7.5000000000013722E-01
-7.5000000000013678E-01
-7.5000000000013589E-01
-7.5000000000013545E-01
-7.5000000000013434E-01
-7.5000000000013267E-01
-7.5000000000013045E-01
-7.5000000000012779E-01
-7.5000000000012379E-01
-7.5000000000011913E-01
-7.5000000000011458E-01
-7.5000000000011002E-01
-7.5000000000010481E-01
-7.5000000000009936E-01
-7.5000000000009281E-01
-7.5000000000008649E-01
-7.5000000000008171E-01
-7.5000000000007561E-01
-7.5000000000006983E-01
-7.5000000000006350E-01
-7.5000000000005729E-01
-7.5000000000005007E-01
-7.5000000000004174E-01
-7.5000000000003242E-01
-7.5000000000002298E-01
-7.5000000000001343E-01
-7.5000000000000444E-01
-7.4999999999999556E-01
-7.4999999999998523E-01
-7.4999999999997591E-01
-7.4999999999996614E-01
-7.4999999999995803E-01
-8.2500000000015095E-01
-8.2500000000015072E-01
-8.2500000000014995E-01
-8.2500000000014950E-01
-8.2500000000014839E-01
-8.2500000000014728E-01
-8.2500000000014595E-01
-8.2500000000014273E-01
-8.2500000000013973E-01
-8.2500000000013540E-01
-8.2500000000013085E-01
-8.2500000000012552E-01
-8.2500000000011975E-01
-8.2500000000011453E-01
-8.2500000000010798E-01
-8.2500000000010221E-01
-8.2500000000009555E-01
-8.2500000000008900E-01
-8.2500000000008211E-01
-8.2500000000007656E-01
-8.2500000000006957E-01
-8.2500000000006268E-01
-8.2500000000005436E-01
-8.2500000000004425E-01
-8.2500000000003537E-01
-8.2500000000002505E-01
-8.2500000000001672E-01
-8.2500000000000573E-01
-8.2499999999999440E-01
-8.2499999999998397E-01
-8.2499999999997187E-01
-8.2499999999996254E-01
-8.2499999999995399E-01
-9.0000000000016434E-01
-9.0000000000016345E-01
-9.0000000000016289E-01
-9.0000000000016278E-01
-9.0000000000016145E-01
-9.0000000000015978E-01
-9.0000000000015756E-01
-9.0000000000015534E-01
-9.0000000000015135E-01
-9.0000000000014702E-01
-9.0000000000014191E-01
-9.0000000000013614E-01
-9.0000000000013014E-01
-9.0000000000012337E-01
-9.0000000000011704E-01
-9.0000000000011071E-01
-9.0000000000010405E-01
-9.0000000000009639E-01
-9.0000000000008940E-01
-9.0000000000008329E-01
-9.0000000000007507E-01
-9.0000000000006664E-01
-9.0000000000005786E-01
-9.0000000000004743E-01
-9.0000000000003788E-01
-9.0000000000002756E-01
-9.0000000000001923E-01
-9.0000000000000846E-01
-8.9999999999999480E-01
-8.9999999999998281E-01
-8.9999999999997060E-01
-8.9999999999995961E-01
-8.9999999999994906E-01
-9.7500000000017728E-01
-9.7500000000017673E-01
-9.7500000000017584E-01
-9.7500000000017517E-01
-9.7500000000017351E-01
-9.7500000000017206E-01
-9.7500000000016973E-01
-9.7500000000016662E-01
-9.7500000000016374E-01
-9.7500000000015885E-01
-9.7500000000015286E-01
-9.7500000000014719E-01
-9.7500000000014020E-01
-9.7500000000013320E-01
-9.7500000000012610E-01
-9.7500000000011910E-01
-9.7500000000011222E-01
-9.7500000000010445E-01
-9.7500000000009679E-01
-9.7500000000008902E-01
-9.7500000000008014E-01
-9.7500000000006992E-01
-9.7500000000006104E-01
-9.7500000000005127E-01
-9.7500000000004106E-01
-9.7500000000003073E-01
-9.7500000000002018E-01
-9.7500000000000986E-01
-9.7499999999999698E-01
-9.7499999999998332E-01
-9.7499999999997022E-01
-9.7499999999995690E-01
-9.7499999999994347E-01
-1.0500000000001897E+00
-1.0500000000001894E+00
-1.0500000000001881E+00
-1.0500000000001872E+00
-1.0500000000001861E+00
-1.0500000000001835E+00
-1.0500000000001812E+00
-1.0500000000001783E+00
-1.0500000000001752E+00
-1.0500000000001704E+00
-1.0500000000001641E+00
-1.0500000000001577E+00
-1.0500000000001501E+00
-1.0500000000001419E+00
-1.0500000000001353E+00
-1.0500000000001277E+00
-1.0500000000001197E+00
-1.0500000000001115E+00
-1.0500000000001024E+00
-1.0500000000000942E+00
-1.0500000000000844E+00
-1.0500000000000744E+00
-1.0500000000000649E+00
-1.0500000000000544E+00
-1.0500000000000447E+00
-1.0500000000000336E+00
-1.0500000000000227E+00
-1.0500000000000111E+00
-1.0499999999999976E+00
-1.0499999999999845E+00
-1.0499999999999705E+00
-1.0499999999999545E+00
-1.0499999999999390E+00
-1.1250000000002018E+00
-1.1250000000002012E+00
-1.1250000000002005E+00
-1.1250000000001994E+00
-1.1250000000001976E+00
-1.1250000000001952E+00
-1.1250000000001927E+00
-1.1250000000001903E+00
-1.1250000000001856E+00
-1.1250000000001814E+00
-1.1250000000001745E+00
-1.1250000000001672E+00
-1.1250000000001597E+00
-1.1250000000001517E+00
-1.1250000000001443E+00
-1.1250000000001357E+00
-1.1250000000001270E+00
-1.1250000000001175E+00
-1.1250000000001084E+00
-1.1250000000000988E+00
-1.1250000000000888E+00
-1.1250000000000786E+00
-1.1250000000000682E+00
-1.1250000000000577E+00
-1.1250000000000486E+00
-1.1250000000000360E+00
-1.1250000000000235E+00
-1.1250000000000127E+00
-1.1249999999999984E+00
-1.1249999999999845E+00
-1.1249999999999689E+00
-1.1249999999999529E+00
-1.1249999999999356E+00
-1.2000000000002131E+00
-1.2000000000002129E+00
-1.2000000000002120E+00
-1.2000000000002109E+00
-1.2000000000002093E+00
-1.2000000000002069E+00
-1.2000000000002042E+00
-1.2000000000002009E+00
-1.2000000000001962E+00
-1.2000000000001911E+00
-1.2000000000001840E+00
-1.2000000000001765E+00
-1.2000000000001694E+00
-1.2000000000001618E+00
-1.2000000000001525E+00
-1.2000000000001427E+00
-1.2000000000001332E+00
-1.2000000000001239E+00
-1.2000000000001128E+00
-1.2000000000001030E+00
-1.2000000000000932E+00
-1.2000000000000828E+00
-1.2000000000000728E+00
-1.2000000000000619E+00
-1.2000000000000524E+00
-1.2000000000000397E+00
-1.2000000000000262E+00
-1.2000000000000131E+00
-1.1999999999999991E+00
-1.1999999999999844E+00
-1.1999999999999682E+00
-1.1999999999999504E+00
-1.1999999999999333E+00
-1.2750000000002244E+00
-1.2750000000002244E+00
-1.2750000000002231E+00
-1.2750000000002217E+00
-1.2750000000002208E+00
-1.2750000000002173E+00
-1.2750000000002151E+00
-1.2750000000002111E+00
-1.2750000000002064E+00
-1.2750000000002006E+00
-1.2750000000001938E+00
-1.2750000000001851E+00
-1.2750000000001780E+00
-1.2750000000001693E+00
-1.2750000000001607E+00
-1.2750000000001487E+00
-1.2750000000001389E+00
-1.2750000000001287E+00
-1.2750000000001174E+00
-1.2750000000001074E+00
-1.2750000000000974E+00
-1.2750000000000867E+00
-1.2750000000000767E+00
-1.2750000000000659E+00
-1.2750000000000550E+00
-1.2750000000000430E+00
-1.2750000000000290E+00
-1.2750000000000148E+00
-1.2749999999999992E+00
-1.2749999999999839E+00
-1.2749999999999675E+00
-1.2749999999999486E+00
-1.2749999999999295E+00
-1.3500000000002352E+00
-1.3500000000002348E+00
-1.3500000000002341E+00
-1.3500000000002328E+00
-1.3500000000002303E+00
-1.3500000000002277E+00
-1.3500000000002248E+00
-1.3500000000002201E+00
-1.3500000000002159E+00
-1.3500000000002095E+00
-1.3500000000002026E+00
-1.3500000000001944E+00
-1.3500000000001862E+00
-1.3500000000001773E+00
-1.3500000000001666E+00
-1.3500000000001542E+00
-1.3500000000001440E+00
-1.3500000000001335E+00
-1.3500000000001220E+00
-1.3500000000001116E+00
-1.3500000000001009E+00
-1.3500000000000911E+00
-1.3500000000000807E+00
-1.3500000000000700E+00
-1.3500000000000585E+00
-1.3500000000000458E+00
-1.3500000000000314E+00
-1.3500000000000165E+00
-1.3500000000000003E+00
-1.3499999999999832E+00
-1.3499999999999666E+00
-1.3499999999999472E+00
-1.3499999999999250E+00
-1.4250000000002445E+00
-1.4250000000002454E+00
-1.4250000000002441E+00
-1.4250000000002423E+00
-1.4250000000002401E+00
-1.4250000000002370E+00
-1.4250000000002334E+00
-1.4250000000002290E+00
-1.4250000000002243E+00
-1.4250000000002181E+00
-1.4250000000002108E+00
-1.4250000000002030E+00
-1.4250000000001928E+00
-1.4250000000001832E+00
-1.4250000000001719E+00
-1.4250000000001604E+00
-1.4250000000001486E+00
-1.4250000000001382E+00
-1.4250000000001259E+00
-1.4250000000001155E+00
-1.4250000000001048E+00
-1.4250000000000946E+00
-1.4250000000000835E+00
-1.4250000000000733E+00
-1.4250000000000616E+00
-1.4250000000000471E+00
-1.4250000000000342E+00
-1.4250000000000185E+00
-1.4249999999999998E+00
-1.4249999999999843E+00
-1.4249999999999650E+00
-1.4249999999999441E+00
-1.4249999999999245E+00
-1.5000000000002540E+00
-1.5000000000002542E+00
-1.5000000000002534E+00
-1.5000000000002511E+00
-1.5000000000002489E+00
-1.5000000000002456E+00
-1.5000000000002418E+00
-1.5000000000002376E+00
-1.5000000000002314E+00
-1.5000000000002249E+00
-1.5000000000002178E+00
-1.5000000000002094E+00
-1.5000000000001992E+00
-1.5000000000001876E+00
-1.5000000000001776E+00
-1.5000000000001656E+00
-1.5000000000001537E+00
-1.5000000000001423E+00
-1.5000000000001312E+00
-1.5000000000001197E+00
-1.5000000000001099E+00
-1.5000000000000990E+00
-1.5000000000000875E+00
-1.5000000000000759E+00
-1.5000000000000626E+00
-1.5000000000000495E+00
-1.5000000000000349E+00
-1.5000000000000187E+00
-1.5000000000000016E+00
-1.4999999999999840E+00
-1.4999999999999636E+00
-1.4999999999999434E+00
-1.4999999999999234E+00
-1.5750000000002633E+00
-1.5750000000002626E+00
-1.5750000000002615E+00
-1.5750000000002597E+00
-1.5750000000002569E+00
-1.5750000000002531E+00
-1.5750000000002491E+00
-1.5750000000002444E+00
-1.5750000000002382E+00
-1.5750000000002307E+00
-1.5750000000002236E+00
-1.5750000000002149E+00
-1.5750000000002053E+00
-1.5750000000001942E+00
-1.5750000000001840E+00
-1.5750000000001709E+00
-1.5750000000001585E+00
-1.5750000000001461E+00
-1.5750000000001347E+00
-1.5750000000001234E+00
-1.5750000000001136E+00
-1.5750000000001030E+00
-1.5750000000000912E+00
-1.5750000000000781E+00
-1.5750000000000652E+00
-1.5750000000000504E+00
-1.5750000000000350E+00
-1.5750000000000191E+00
-1.5750000000000028E+00
-1.5749999999999831E+00
-1.5749999999999635E+00
-1.5749999999999438E+00
-1.5749999999999222E+00
-1.6500000000002710E+00
-1.6500000000002708E+00
-1.6500000000002699E+00
-1.6500000000002677E+00
-1.6500000000002639E+00
-1.6500000000002601E+00
-1.6500000000002557E+00
-1.6500000000002515E+00
-1.6500000000002444E+00
-1.6500000000002364E+00
-1.6500000000002288E+00
-1.6500000000002206E+00
-1.6500000000002117E+00
-1.6500000000002009E+00
-1.6500000000001895E+00
-1.6500000000001764E+00
-1.6500000000001633E+00
-1.6500000000001500E+00
-1.6500000000001374E+00
-1.6500000000001271E+00
-1.6500000000001169E+00
-1.6500000000001069E+00
-1.6500000000000947E+00
-1.6500000000000807E+00
-1.6500000000000667E+00
-1.6500000000000519E+00
-1.6500000000000361E+00
-1.6500000000000203E+00
-1.6500000000000026E+00
-1.6499999999999833E+00
-1.6499999999999639E+00
-1.6499999999999442E+00
-1.6499999999999249E+00
-1.7250000000002783E+00
-1.7250000000002776E+00
-1.7250000000002768E+00
-1.7250000000002743E+00
-1.7250000000002703E+00
-1.7250000000002661E+00
-1.7250000000002621E+00
-1.7250000000002572E+00
-1.7250000000002508E+00
-1.7250000000002415E+00
-1.7250000000002343E+00
-1.7250000000002266E+00
-1.7250000000002172E+00
-1.7250000000002068E+00
-1.7250000000001944E+00
-1.7250000000001813E+00
-1.7250000000001677E+00
-1.7250000000001537E+00
-1.7250000000001413E+00
-1.7250000000001300E+00
-1.7250000000001191E+00
-1.7250000000001089E+00
-1.7250000000000976E+00
-1.7250000000000838E+00
-1.7250000000000685E+00
-1.7250000000000532E+00
-1.7250000000000383E+00
-1.7250000000000214E+00
-1.7250000000000032E+00
-1.7249999999999828E+00
-1.7249999999999632E+00
-1.7249999999999448E+00
-1.7249999999999268E+00
-1.8000000000002843E+00
-1.8000000000002843E+00
-1.8000000000002829E+00
-1.8000000000002800E+00
-1.8000000000002758E+00
-1.8000000000002720E+00
-1.8000000000002678E+00
-1.8000000000002621E+00
-1.8000000000002556E+00
-1.8000000000002465E+00
-1.8000000000002396E+00
-1.8000000000002310E+00
-1.8000000000002223E+00
-1.8000000000002112E+00
-1.8000000000001981E+00
-1.8000000000001859E+00
-1.8000000000001726E+00
-1.8000000000001577E+00
-1.8000000000001453E+00
-1.8000000000001335E+00
-1.8000000000001215E+00
-1.8000000000001104E+00
-1.8000000000001004E+00
-1.8000000000000866E+00
-1.8000000000000711E+00
-1.8000000000000536E+00
-1.8000000000000396E+00
-1.8000000000000222E+00
-1.8000000000000034E+00
-1.7999999999999827E+00
-1.7999999999999632E+00
-1.7999999999999452E+00
-1.7999999999999279E+00
