0.0000000000000000E+00
0.0000000000000000E+00
0.0000000000000000E+00
0.0000000000000000E+00
0.0000000000000000E+00
0.0000000000000000E+00
0.0000000000000000E+00
0.0000000000000000E+00
0.0000000000000000E+00
0.0000000000000000E+00
0.0000000000000000E+00
0.0000000000000000E+00
0.0000000000000000E+00
0.0000000000000000E+00
0.0000000000000000E+00
0.0000000000000000E+00
0.0000000000000000E+00
0.0000000000000000E+00
0.0000000000000000E+00
0.0000000000000000E+00
0.0000000000000000E+00
0.0000000000000000E+00
0.0000000000000000E+00
0.0000000000000000E+00
0.0000000000000000E+00
0.0000000000000000E+00
0.0000000000000000E+00
0.0000000000000000E+00
0.0000000000000000E+00
0.0000000000000000E+00
0.0000000000000000E+00
0.0000000000000000E+00
0.0000000000000000E+00
-7.5000000000006881E-02
-7.5000000000006908E-02
-7.5000000000006881E-02
-7.5000000000006811E-02
-7.5000000000006783E-02
-7.5000000000006575E-02
-7.5000000000006464E-02
-7.5000000000006325E-02
-7.5000000000005909E-02
-7.5000000000005534E-02
-7.5000000000005201E-02
-7.5000000000004702E-02
-7.5000000000004244E-02
-7.5000000000003508E-02
-7.5000000000002981E-02
-7.5000000000003064E-02
-7.5000000000002717E-02
-7.5000000000002162E-02
-7.5000000000001302E-02
-7.5000000000001121E-02
-7.5000000000000400E-02
-7.4999999999999345E-02
-7.4999999999999040E-02
-7.4999999999998512E-02
-7.4999999999998138E-02
-7.4999999999997194E-02
-7.4999999999996514E-02
-7.4999999999997305E-02
-7.4999999999998013E-02
-7.4999999999997929E-02
-7.4999999999996542E-02
-7.4999999999995015E-02
-7.4999999999994890E-02
-1.5000000000001382E-01
-1.5000000000001384E-01
-1.5000000000001368E-01
-1.5000000000001368E-01
-1.5000000000001357E-01
-1.5000000000001323E-01
-1.5000000000001326E-01
-1.5000000000001265E-01
-1.5000000000001182E-01
-1.5000000000001110E-01
-1.5000000000001054E-01
-1.5000000000000963E-01
-1.5000000000000874E-01
-1.5000000000000749E-01
-1.5000000000000621E-01
-1.5000000000000574E-01
-1.5000000000000507E-01
-1.5000000000000446E-01
-1.5000000000000288E-01
-1.5000000000000221E-01
-1.5000000000000063E-01
-1.4999999999999949E-01
-1.4999999999999844E-01
-1.4999999999999711E-01
-1.4999999999999625E-01
-1.4999999999999516E-01
-1.4999999999999480E-01
-1.4999999999999439E-01
-1.4999999999999444E-01
-1.4999999999999447E-01
-1.4999999999999281E-01
-1.4999999999999153E-01
-1.4999999999999072E-01
-2.2500000000002093E-01
-2.2500000000002082E-01
-2.2500000000002077E-01
-2.2500000000002057E-01
-2.2500000000002038E-01
-2.2500000000001999E-01
-2.2500000000001968E-01
-2.2500000000001893E-01
-2.2500000000001807E-01
-2.2500000000001680E-01
-2.2500000000001558E-01
-2.2500000000001469E-01
-2.2500000000001372E-01
-2.2500000000001180E-01
-2.2500000000001028E-01
-2.2500000000000850E-01
-2.2500000000000736E-01
-2.2500000000000581E-01
-2.2500000000000422E-01
-2.2500000000000381E-01
-2.2500000000000134E-01
-2.2499999999999948E-01
-2.2499999999999817E-01
-2.2499999999999565E-01
-2.2499999999999523E-01
-2.2499999999999362E-01
-2.2499999999999257E-01
-2.2499999999999196E-01
-2.2499999999999051E-01
-2.2499999999998965E-01
-2.2499999999998885E-01
-2.2499999999998771E-01
-2.2499999999998746E-01
-3.0000000000002797E-01
-3.0000000000002797E-01
-3.0000000000002780E-01
-3.0000000000002747E-01
-3.0000000000002719E-01
-3.0000000000002675E-01
-3.0000000000002630E-01
-3.0000000000002514E-01
-3.0000000000002408E-01
-3.0000000000002253E-01
-3.0000000000002103E-01
-3.0000000000001942E-01
-3.0000000000001814E-01
-3.0000000000001609E-01
-3.0000000000001420E-01
-3.0000000000001154E-01
-3.0000000000000887E-01
-3.0000000000000721E-01
-3.0000000000000537E-01
-3.0000000000000465E-01
-3.0000000000000282E-01
-3.0000000000000016E-01
-2.9999999999999705E-01
-2.9999999999999444E-01
-2.9999999999999355E-01
-2.9999999999999155E-01
-2.9999999999998994E-01
-2.9999999999998955E-01
-2.9999999999998767E-01
-2.9999999999998600E-01
-2.9999999999998428E-01
-2.9999999999998345E-01
-2.9999999999998295E-01
-3.7500000000003508E-01
-3.7500000000003519E-01
-3.7500000000003497E-01
-3.7500000000003431E-01
-3.7500000000003414E-01
-3.7500000000003342E-01
-3.7500000000003275E-01
-3.7500000000003170E-01
-3.7500000000003059E-01
-3.7500000000002837E-01
-3.7500000000002653E-01
-3.7500000000002409E-01
-3.7500000000002204E-01
-3.7500000000002004E-01
-3.7500000000001787E-01
-3.7500000000001438E-01
-3.7500000000001155E-01
-3.7500000000000910E-01
-3.7500000000000677E-01
-3.7500000000000566E-01
-3.7500000000000328E-01
-3.7500000000000017E-01
-3.7499999999999717E-01
-3.7499999999999306E-01
-3.7499999999999106E-01
-3.7499999999998912E-01
-3.7499999999998773E-01
-3.7499999999998695E-01
-3.7499999999998512E-01
-3.7499999999998307E-01
-3.7499999999998107E-01
-3.7499999999997952E-01
-3.7499999999997796E-01
-4.5000000000004231E-01
-4.5000000000004231E-01
-4.5000000000004209E-01
-4.5000000000004153E-01
-4.5000000000004103E-01
-4.5000000000004009E-01
-4.5000000000003942E-01
-4.5000000000003815E-01
-4.5000000000003665E-01
-4.5000000000003415E-01
-4.5000000000003160E-01
-4.5000000000002899E-01
-4.5000000000002638E-01
-4.5000000000002383E-01
-4.5000000000002055E-01
-4.5000000000001722E-01
-4.5000000000001433E-01
-4.5000000000001111E-01
-4.5000000000000795E-01
-4.5000000000000678E-01
-4.5000000000000340E-01
-4.5000000000000029E-01
-4.4999999999999674E-01
-4.4999999999999168E-01
-4.4999999999998919E-01
-4.4999999999998647E-01
-4.4999999999998513E-01
-4.4999999999998513E-01
-4.4999999999998236E-01
-4.4999999999998025E-01
-4.4999999999997842E-01
-4.4999999999997570E-01
-4.4999999999997381E-01
-5.2500000000004954E-01
-5.2500000000004932E-01
-5.2500000000004909E-01
-5.2500000000004821E-01
-5.2500000000004776E-01
-5.2500000000004665E-01
-5.2500000000004587E-01
-5.2500000000004443E-01
-5.2500000000004210E-01
-5.2500000000003944E-01
-5.2500000000003666E-01
-5.2500000000003400E-01
-5.2500000000003111E-01
-5.2500000000002767E-01
-5.2500000000002411E-01
-5.2500000000001978E-01
-5.2500000000001634E-01
-5.2500000000001290E-01
-5.2500000000000990E-01
-5.2500000000000691E-01
-5.2500000000000346E-01
-5.2499999999999947E-01
-5.2499999999999547E-01
-5.2499999999999125E-01
-5.2499999999998814E-01
-5.2499999999998459E-01
-5.2499999999998170E-01
-5.2499999999998093E-01
-5.2499999999997948E-01
-5.2499999999997726E-01
-5.2499999999997482E-01
-5.2499999999997271E-01
-5.2499999999997116E-01
-6.0000000000005649E-01
-6.0000000000005649E-01
-6.0000000000005593E-01
-6.0000000000005504E-01
-6.0000000000005438E-01
-6.0000000000005294E-01
-6.0000000000005216E-01
-6.0000000000005038E-01
-6.0000000000004805E-01
-6.0000000000004461E-01
-6.0000000000004194E-01
-6.0000000000003861E-01
-6.0000000000003550E-01
-6.0000000000003173E-01
-6.0000000000002751E-01
-6.0000000000002218E-01
-6.0000000000001841E-01
-6.0000000000001474E-01
-6.0000000000001108E-01
-6.0000000000000731E-01
-6.0000000000000309E-01
-5.9999999999999909E-01
-5.9999999999999487E-01
-5.9999999999999032E-01
-5.9999999999998732E-01
-5.9999999999998266E-01
-5.9999999999997877E-01
-5.9999999999997711E-01
-5.9999999999997522E-01
-5.9999999999997333E-01
-5.9999999999997178E-01
-5.9999999999997011E-01
-5.9999999999996956E-01
-6.7500000000006333E-01
-6.7500000000006355E-01
-6.7500000000006288E-01
-6.7500000000006144E-01
-6.7500000000006111E-01
-6.7500000000005966E-01
-6.7500000000005878E-01
-6.7500000000005633E-01
-6.7500000000005389E-01
-6.7500000000005012E-01
-6.7500000000004656E-01
-6.7500000000004301E-01
-6.7500000000003912E-01
-6.7500000000003535E-01
-6.7500000000003058E-01
-6.7500000000002547E-01
-6.7500000000002025E-01
-6.7500000000001670E-01
-6.7500000000001237E-01
-6.7500000000000782E-01
-6.7500000000000293E-01
-6.7499999999999860E-01
-6.7499999999999427E-01
-6.7499999999998916E-01
-6.7499999999998539E-01
-6.7499999999998084E-01
-6.7499999999997673E-01
-6.7499999999997484E-01
-6.7499999999997196E-01
-6.7499999999996940E-01
-6.7499999999996874E-01
-6.7499999999996707E-01
-6.7499999999996696E-01
-7.5000000000007028E-01
-7.5000000000007028E-01
-7.5000000000006972E-01
-7.5000000000006806E-01
-7.5000000000006739E-01
-7.5000000000006606E-01
-7.5000000000006473E-01
-7.5000000000006228E-01
-7.5000000000005929E-01
-7.5000000000005507E-01
-7.5000000000005096E-01
-7.5000000000004696E-01
-7.5000000000004308E-01
-7.5000000000003841E-01
-7.5000000000003353E-01
-7.5000000000002787E-01
-7.5000000000002209E-01
-7.5000000000001765E-01
-7.5000000000001332E-01
-7.5000000000000899E-01
-7.5000000000000333E-01
-7.4999999999999845E-01
-7.4999999999999356E-01
-7.4999999999998801E-01
-7.4999999999998379E-01
-7.4999999999997846E-01
-7.4999999999997524E-01
-7.4999999999997324E-01
-7.4999999999996991E-01
-7.4999999999996658E-01
-7.4999999999996536E-01
-7.4999999999996436E-01
-7.4999999999996347E-01
-8.2500000000007712E-01
-8.2500000000007723E-01
-8.2500000000007612E-01
-8.2500000000007534E-01
-8.2500000000007379E-01
-8.2500000000007212E-01
-8.2500000000007057E-01
-8.2500000000006779E-01
-8.2500000000006446E-01
-8.2500000000005991E-01
-8.2500000000005536E-01
-8.2500000000005091E-01
-8.2500000000004614E-01
-8.2500000000004148E-01
-8.2500000000003570E-01
-8.2500000000002949E-01
-8.2500000000002405E-01
-8.2500000000001883E-01
-8.2500000000001383E-01
-8.2500000000001084E-01
-8.2500000000000406E-01
-8.2499999999999918E-01
-8.2499999999999274E-01
-8.2499999999998663E-01
-8.2499999999998264E-01
-8.2499999999997753E-01
-8.2499999999997420E-01
-8.2499999999997076E-01
-8.2499999999996665E-01
-8.2499999999996387E-01
-8.2499999999996176E-01
-8.2499999999996143E-01
-8.2499999999995965E-01
-9.0000000000008407E-01
-9.0000000000008318E-01
-9.0000000000008284E-01
-9.0000000000008196E-01
-9.0000000000008040E-01
-9.0000000000007796E-01
-9.0000000000007596E-01
-9.0000000000007341E-01
-9.0000000000006974E-01
-9.0000000000006508E-01
-9.0000000000005964E-01
-9.0000000000005453E-01
-9.0000000000004943E-01
-9.0000000000004365E-01
-9.0000000000003699E-01
-9.0000000000003144E-01
-9.0000000000002633E-01
-9.0000000000002023E-01
-9.0000000000001534E-01
-9.0000000000001124E-01
-9.0000000000000535E-01
-8.9999999999999880E-01
-8.9999999999999225E-01
-8.9999999999998570E-01
-8.9999999999998159E-01
-8.9999999999997649E-01
-8.9999999999997227E-01
-8.9999999999996794E-01
-8.9999999999996305E-01
-8.9999999999996205E-01
-8.9999999999995950E-01
-8.9999999999995794E-01
-8.9999999999995683E-01
-9.7500000000009046E-01
-9.7500000000009035E-01
-9.7500000000008935E-01
-9.7500000000008846E-01
-9.7500000000008624E-01
-9.7500000000008413E-01
-9.7500000000008169E-01
-9.7500000000007914E-01
-9.7500000000007503E-01
-9.7500000000006959E-01
-9.7500000000006437E-01
-9.7500000000005915E-01
-9.7500000000005249E-01
-9.7500000000004694E-01
-9.7500000000003972E-01
-9.7500000000003373E-01
-9.7500000000002862E-01
-9.7500000000002240E-01
-9.7500000000001619E-01
-9.7500000000001097E-01
-9.7500000000000420E-01
-9.7499999999999798E-01
-9.7499999999999143E-01
-9.7499999999998599E-01
-9.7499999999998033E-01
-9.7499999999997422E-01
-9.7499999999996934E-01
-9.7499999999996612E-01
-9.7499999999996179E-01
-9.7499999999996001E-01
-9.7499999999995779E-01
-9.7499999999995413E-01
-9.7499999999995346E-01
-1.0500000000000969E+00
-1.0500000000000964E+00
-1.0500000000000957E+00
-1.0500000000000942E+00
-1.0500000000000926E+00
-1.0500000000000902E+00
-1.0500000000000875E+00
-1.0500000000000844E+00
-1.0500000000000804E+00
-1.0500000000000749E+00
-1.0500000000000695E+00
-1.0500000000000629E+00
-1.0500000000000564E+00
-1.0500000000000500E+00
-1.0500000000000427E+00
-1.0500000000000360E+00
-1.0500000000000294E+00
-1.0500000000000240E+00
-1.0500000000000160E+00
-1.0500000000000098E+00
-1.0500000000000034E+00
-1.0499999999999974E+00
-1.0499999999999916E+00
-1.0499999999999847E+00
-1.0499999999999790E+00
-1.0499999999999723E+00
-1.0499999999999676E+00
-1.0499999999999641E+00
-1.0499999999999605E+00
-1.0499999999999576E+00
-1.0499999999999547E+00
-1.0499999999999512E+00
-1.0499999999999494E+00
-1.1250000000001028E+00
-1.1250000000001028E+00
-1.1250000000001021E+00
-1.1250000000001004E+00
-1.1250000000000981E+00
-1.1250000000000961E+00
-1.1250000000000933E+00
-1.1250000000000899E+00
-1.1250000000000853E+00
-1.1250000000000799E+00
-1.1250000000000739E+00
-1.1250000000000668E+00
-1.1250000000000600E+00
-1.1250000000000526E+00
-1.1250000000000455E+00
-1.1250000000000380E+00
-1.1250000000000302E+00
-1.1250000000000238E+00
-1.1250000000000167E+00
-1.1250000000000095E+00
-1.1250000000000033E+00
-1.1249999999999967E+00
-1.1249999999999902E+00
-1.1249999999999829E+00
-1.1249999999999782E+00
-1.1249999999999711E+00
-1.1249999999999660E+00
-1.1249999999999627E+00
-1.1249999999999580E+00
-1.1249999999999545E+00
-1.1249999999999520E+00
-1.1249999999999480E+00
-1.1249999999999469E+00
-1.2000000000001083E+00
-1.2000000000001083E+00
-1.2000000000001076E+00
-1.2000000000001061E+00
-1.2000000000001041E+00
-1.2000000000001023E+00
-1.2000000000000988E+00
-1.2000000000000948E+00
-1.2000000000000903E+00
-1.2000000000000841E+00
-1.2000000000000779E+00
-1.2000000000000701E+00
-1.2000000000000637E+00
-1.2000000000000566E+00
-1.2000000000000475E+00
-1.2000000000000393E+00
-1.2000000000000308E+00
-1.2000000000000233E+00
-1.2000000000000162E+00
-1.2000000000000099E+00
-1.2000000000000022E+00
-1.1999999999999960E+00
-1.1999999999999893E+00
-1.1999999999999820E+00
-1.1999999999999773E+00
-1.1999999999999706E+00
-1.1999999999999651E+00
-1.1999999999999607E+00
-1.1999999999999555E+00
-1.1999999999999518E+00
-1.1999999999999487E+00
-1.1999999999999451E+00
-1.1999999999999436E+00
-1.2750000000001140E+00
-1.2750000000001140E+00
-1.2750000000001132E+00
-1.2750000000001114E+00
-1.2750000000001094E+00
-1.2750000000001072E+00
-1.2750000000001038E+00
-1.2750000000000996E+00
-1.2750000000000945E+00
-1.2750000000000885E+00
-1.2750000000000818E+00
-1.2750000000000741E+00
-1.2750000000000667E+00
-1.2750000000000585E+00
-1.2750000000000505E+00
-1.2750000000000401E+00
-1.2750000000000319E+00
-1.2750000000000237E+00
-1.2750000000000159E+00
-1.2750000000000090E+00
-1.2750000000000012E+00
-1.2749999999999948E+00
-1.2749999999999888E+00
-1.2749999999999817E+00
-1.2749999999999762E+00
-1.2749999999999702E+00
-1.2749999999999635E+00
-1.2749999999999584E+00
-1.2749999999999522E+00
-1.2749999999999480E+00
-1.2749999999999453E+00
-1.2749999999999426E+00
-1.2749999999999402E+00
-1.3500000000001195E+00
-1.3500000000001193E+00
-1.3500000000001182E+00
-1.3500000000001164E+00
-1.3500000000001147E+00
-1.3500000000001120E+00
-1.3500000000001082E+00
-1.3500000000001033E+00
-1.3500000000000989E+00
-1.3500000000000927E+00
-1.3500000000000858E+00
-1.3500000000000778E+00
-1.3500000000000694E+00
-1.3500000000000616E+00
-1.3500000000000518E+00
-1.3500000000000416E+00
-1.3500000000000325E+00
-1.3500000000000241E+00
-1.3500000000000152E+00
-1.3500000000000083E+00
-1.3500000000000008E+00
-1.3499999999999934E+00
-1.3499999999999877E+00
-1.3499999999999812E+00
-1.3499999999999754E+00
-1.3499999999999688E+00
-1.3499999999999626E+00
-1.3499999999999557E+00
-1.3499999999999501E+00
-1.3499999999999450E+00
-1.3499999999999415E+00
-1.3499999999999392E+00
-1.3499999999999379E+00
-1.4250000000001237E+00
-1.4250000000001244E+00
-1.4250000000001231E+00
-1.4250000000001213E+00
-1.4250000000001193E+00
-1.4250000000001160E+00
-1.4250000000001117E+00
-1.4250000000001071E+00
-1.4250000000001026E+00
-1.4250000000000957E+00
-1.4250000000000886E+00
-1.4250000000000813E+00
-1.4250000000000720E+00
-1.4250000000000629E+00
-1.4250000000000527E+00
-1.4250000000000431E+00
-1.4250000000000331E+00
-1.4250000000000245E+00
-1.4250000000000156E+00
-1.4250000000000078E+00
-1.4250000000000000E+00
-1.4249999999999929E+00
-1.4249999999999869E+00
-1.4249999999999796E+00
-1.4249999999999732E+00
-1.4249999999999656E+00
-1.4249999999999599E+00
-1.4249999999999534E+00
-1.4249999999999481E+00
-1.4249999999999434E+00
-1.4249999999999392E+00
-1.4249999999999359E+00
-1.4249999999999348E+00
-1.5000000000001286E+00
-1.5000000000001286E+00
-1.5000000000001270E+00
-1.5000000000001255E+00
-1.5000000000001228E+00
-1.5000000000001199E+00
-1.5000000000001155E+00
-1.5000000000001108E+00
-1.5000000000001044E+00
-1.5000000000000986E+00
-1.5000000000000904E+00
-1.5000000000000830E+00
-1.5000000000000737E+00
-1.5000000000000633E+00
-1.5000000000000542E+00
-1.5000000000000449E+00
-1.5000000000000342E+00
-1.5000000000000249E+00
-1.5000000000000160E+00
-1.5000000000000075E+00
-1.5000000000000011E+00
-1.4999999999999931E+00
-1.4999999999999858E+00
-1.4999999999999776E+00
-1.4999999999999700E+00
-1.4999999999999631E+00
-1.4999999999999565E+00
-1.4999999999999507E+00
-1.4999999999999456E+00
-1.4999999999999412E+00
-1.4999999999999383E+00
-1.4999999999999338E+00
-1.4999999999999325E+00
-1.5750000000001327E+00
-1.5750000000001321E+00
-1.5750000000001312E+00
-1.5750000000001290E+00
-1.5750000000001263E+00
-1.5750000000001227E+00
-1.5750000000001185E+00
-1.5750000000001130E+00
-1.5750000000001070E+00
-1.5750000000000997E+00
-1.5750000000000925E+00
-1.5750000000000843E+00
-1.5750000000000752E+00
-1.5750000000000657E+00
-1.5750000000000568E+00
-1.5750000000000461E+00
-1.5750000000000359E+00
-1.5750000000000259E+00
-1.5750000000000166E+00
-1.5750000000000079E+00
-1.5750000000000011E+00
-1.5749999999999940E+00
-1.5749999999999851E+00
-1.5749999999999753E+00
-1.5749999999999680E+00
-1.5749999999999598E+00
-1.5749999999999533E+00
-1.5749999999999482E+00
-1.5749999999999440E+00
-1.5749999999999389E+00
-1.5749999999999362E+00
-1.5749999999999325E+00
-1.5749999999999298E+00
-1.6500000000001358E+00
-1.6500000000001356E+00
-1.6500000000001349E+00
-1.6500000000001325E+00
-1.6500000000001296E+00
-1.6500000000001249E+00
-1.6500000000001200E+00
-1.6500000000001163E+00
-1.6500000000001085E+00
-1.6500000000001009E+00
-1.6500000000000938E+00
-1.6500000000000858E+00
-1.6500000000000778E+00
-1.6500000000000685E+00
-1.6500000000000592E+00
-1.6500000000000481E+00
-1.6500000000000370E+00
-1.6500000000000263E+00
-1.6500000000000155E+00
-1.6500000000000083E+00
-1.6500000000000010E+00
-1.6499999999999941E+00
-1.6499999999999848E+00
-1.6499999999999746E+00
-1.6499999999999651E+00
-1.6499999999999577E+00
-1.6499999999999511E+00
-1.6499999999999471E+00
-1.6499999999999428E+00
-1.6499999999999377E+00
-1.6499999999999335E+00
-1.6499999999999297E+00
-1.6499999999999291E+00
-1.7250000000001384E+00
-1.7250000000001380E+00
-1.7250000000001373E+00
-1.7250000000001346E+00
-1.7250000000001318E+00
-1.7250000000001271E+00
-1.7250000000001220E+00
-1.7250000000001176E+00
-1.7250000000001107E+00
-1.7250000000001020E+00
-1.7250000000000951E+00
-1.7250000000000880E+00
-1.7250000000000796E+00
-1.7250000000000705E+00
-1.7250000000000607E+00
-1.7250000000000492E+00
-1.7250000000000381E+00
-1.7250000000000261E+00
-1.7250000000000156E+00
-1.7250000000000076E+00
-1.7250000000000008E+00
-1.7249999999999928E+00
-1.7249999999999848E+00
-1.7249999999999741E+00
-1.7249999999999635E+00
-1.7249999999999557E+00
-1.7249999999999506E+00
-1.7249999999999466E+00
-1.7249999999999419E+00
-1.7249999999999357E+00
-1.7249999999999315E+00
-1.7249999999999281E+00
-1.7249999999999261E+00
-1.8000000000001399E+00
-1.8000000000001399E+00
-1.8000000000001388E+00
-1.8000000000001364E+00
-1.8000000000001326E+00
-1.8000000000001284E+00
-1.8000000000001237E+00
-1.8000000000001180E+00
-1.8000000000001111E+00
-1.8000000000001033E+00
-1.8000000000000964E+00
-1.8000000000000886E+00
-1.8000000000000806E+00
-1.8000000000000713E+00
-1.8000000000000607E+00
-1.8000000000000502E+00
-1.8000000000000389E+00
-1.8000000000000267E+00
-1.8000000000000156E+00
-1.8000000000000078E+00
-1.7999999999999989E+00
-1.7999999999999914E+00
-1.7999999999999841E+00
-1.7999999999999738E+00
-1.7999999999999632E+00
-1.7999999999999541E+00
-1.7999999999999496E+00
-1.7999999999999461E+00
-1.7999999999999399E+00
-1.7999999999999345E+00
-1.7999999999999301E+00
-1.7999999999999261E+00
-1.7999999999999243E+00
