0.0000000000000000E+00
3.9588869557765185E+00
8.2710857760587135E+00
1.3184304711311185E+01
1.8376269980919822E+01
2.3573663293464584E+01
2.8485653527718632E+01
3.2822876009644737E+01
3.6110391186356864E+01
0.0000000000000000E+00
3.2173681278575690E+00
7.8091412359275472E+00
1.2936627576097010E+01
1.8373302588526592E+01
2.3812690506188737E+01
2.8952663690701868E+01
3.3486827793790859E+01
3.6863765675470589E+01
0.0000000000000000E+00
3.1503545788519496E+00
7.5788065595613530E+00
1.2800026971552786E+01
1.8369464405212611E+01
2.3942502163332787E+01
2.9166948662704272E+01
3.3633407990067852E+01
3.6919421242441004E+01
0.0000000000000000E+00
3.1654936707495716E+00
7.5408143400366567E+00
1.2756529224586258E+01
1.8368092888108734E+01
2.3980301420809251E+01
2.9210509241956835E+01
3.3643125102400269E+01
3.6906658506127016E+01
0.0000000000000000E+00
3.1503545788519536E+00
7.5788065595613565E+00
1.2800026971552786E+01
1.8369464405212607E+01
2.3942502163332776E+01
2.9166948662704254E+01
3.3633407990067845E+01
3.6919421242441004E+01
0.0000000000000000E+00
3.2173681278575748E+00
7.8091412359275543E+00
1.2936627576097015E+01
1.8373302588526585E+01
2.3812690506188723E+01
2.8952663690701854E+01
3.3486827793790852E+01
3.6863765675470582E+01
0.0000000000000000E+00
3.9588869557765221E+00
8.2710857760587224E+00
1.3184304711311194E+01
1.8376269980919815E+01
2.3573663293464577E+01
2.8485653527718618E+01
3.2822876009644716E+01
3.6110391186356850E+01
