0.0000000000000000E+00
1.1636630203789191E+00
2.1187278529509630E+00
3.1057253082372633E+00
4.1208057617905958E+00
5.1762556397731920E+00
6.2730150876742305E+00
7.4102262702479109E+00
8.5855635577267631E+00
9.7959566052453528E+00
1.1037822408735732E+01
1.2307215677297490E+01
1.3599920167554657E+01
1.4911515085906357E+01
1.6237427047609067E+01
1.7572973576190019E+01
1.8913401233613616E+01
2.0253920392909244E+01
2.1589738151005381E+01
2.2916090631057315E+01
2.4228275755633916E+01
2.5521687405758350E+01
2.6791851678041805E+01
2.8034465687110032E+01
2.9245439074095323E+01
3.0420937828242256E+01
3.1557430528027229E+01
3.2651730814247344E+01
3.3701053287154338E+01
3.4702886013762964E+01
3.5654885041945001E+01
3.6545435952634229E+01
3.7297724563777180E+01
0.0000000000000000E+00
8.2880907653366043E-01
1.8393996765228480E+00
2.8489313774282050E+00
3.8909494081715290E+00
4.9695914057949544E+00
6.0878496977757068E+00
7.2452653472084139E+00
8.4399780385102616E+00
9.6691942732502518E+00
1.0929521659087049E+01
1.2217141408059769E+01
1.3527922109457769E+01
1.4857499540854098E+01
1.6201338068303109E+01
1.7554780787625102E+01
1.8913092607100548E+01
2.0271498978352671E+01
2.1625222320113973E+01
2.2969517859824510E+01
2.4299710457433335E+01
2.5611233891760598E+01
2.6899674064568604E+01
2.8160817649588992E+01
2.9390707924876523E+01
3.0585710174269753E+01
3.1742588866153067E+01
3.2858601506141675E+01
3.3931570212483500E+01
3.4959873749269320E+01
3.5940581160701392E+01
3.6861365874861342E+01
3.7629259076105100E+01
0.0000000000000000E+00
7.2102900388472346E-01
1.6373772551664332E+00
2.6435665110051731E+00
3.6946904981475801E+00
4.7883292913072113E+00
5.9228542953823480E+00
7.0969090919423339E+00
8.3082747495057827E+00
9.5540782793300973E+00
1.0830918096160309E+01
1.2134989635957991E+01
1.3462178826420896E+01
1.4808136294108232E+01
1.6168337537806895E+01
1.7538133556125182E+01
1.8912794912767829E+01
2.0287551548504648E+01
2.1657630256989513E+01
2.3018291517119646E+01
2.4364867195778324E+01
2.5692800418516953E+01
2.6997688545983252E+01
2.8275329462053509E+01
2.9521769726630932E+01
3.0733348664267574E+01
3.1906720769349388E+01
3.3038795728788806E+01
3.4126423511817265E+01
3.5165044602604027E+01
3.6144423713178504E+01
3.7031065565503745E+01
3.7769660561754399E+01
0.0000000000000000E+00
6.8060401511509394E-01
1.5343947730900245E+00
2.5031472662349450E+00
3.5453364163968071E+00
4.6414535978069713E+00
5.7842689675673018E+00
6.9694148508220390E+00
8.1933680010407688E+00
9.4525972687703934E+00
1.0743361281401663E+01
1.2061666200869796E+01
1.3403286449186517E+01
1.4763802757430563E+01
1.6138643989384480E+01
1.7523127691660715E+01
1.8912498126935116E+01
2.0301961955542321E+01
2.1686722304266915E+01
2.3062012092397481E+01
2.4423127299781534E+01
2.5765460290296797E+01
2.7084532069892123E+01
2.8376019789427229E+01
2.9635770246661103E+01
3.0859777776792569E+01
3.2044074596696930E+01
3.3184411588975458E+01
3.4275405270552888E+01
3.5308507060545736E+01
3.6267119623970906E+01
3.7123597773269204E+01
3.7847186703276854E+01
0.0000000000000000E+00
6.6625710302666219E-01
1.4838111376397340E+00
2.4193587477308429E+00
3.4420907720505034E+00
4.5312210543648757E+00
5.6746106384635970E+00
6.8649762150359708E+00
8.0969820312695955E+00
9.3660474848751551E+00
1.0667797783579431E+01
1.1997845991422432E+01
1.3351712832192653E+01
1.4724809076622902E+01
1.6112444863236099E+01
1.7509850286227618E+01
1.8912200125772625E+01
2.0314639651062659E+01
2.1712310243529160E+01
2.3100374243008176E+01
2.4474038275545908E+01
2.5828573362201851E+01
2.7159327949043746E+01
2.8461725687639120E+01
2.9731231346201046E+01
3.0963251371750790E+01
3.2152903118254393E+01
3.3294522366693343E+01
3.4380700111193285E+01
3.5400562689039162E+01
3.6338147482994110E+01
3.7173274459402514E+01
3.7887525264355382E+01
0.0000000000000000E+00
6.6420398369045530E-01
1.4617436161620823E+00
2.3729431845309525E+00
3.3762888493762833E+00
4.4538326058627664E+00
5.5925717181888155E+00
6.7833446122792678E+00
8.0192965772253224E+00
9.2947429484386497E+00
1.0604549993907325E+01
1.1943809420127497E+01
1.3307680341330864E+01
1.4691317860526830E+01
1.6089846368961013E+01
1.7498355268723270E+01
1.8911905591715705E+01
2.0325541479755589E+01
2.1734303215126346E+01
2.3133239580780717E+01
2.4517417278718373E+01
2.5881923990950998E+01
2.7221859096176303E+01
2.8532301279348758E+01
2.9808233912746307E+01
3.1044395411812229E+01
3.2235001419514404E+01
3.3373268979990407E+01
3.4450690454211653E+01
3.5456265409679652E+01
3.6376379446106988E+01
3.7196437127078525E+01
3.7904654593347985E+01
0.0000000000000000E+00
6.6803577293993788E-01
1.4553007637593929E+00
2.3499822221974531E+00
3.3372219841608302E+00
4.4026752136639411E+00
5.5342547305858032E+00
6.7223159622756281E+00
7.9590908553908895E+00
9.2380262207791226E+00
1.0553277992976954E+01
1.1899392599768870E+01
1.3271119571981352E+01
1.4663307378051899E+01
1.6070848081169249E+01
1.7488649703471420E+01
1.8911623708927518E+01
2.0334680162078861E+01
2.1752725904307088E+01
2.3160662312610182E+01
2.4553379264086420E+01
2.5925740918339066E+01
2.7272556704295972E+01
2.8588527157522755E+01
2.9868148843247855E+01
3.1105556324929925E+01
3.2294277035811774E+01
3.3426890675524881E+01
3.4494662478741986E+01
3.5487377371268614E+01
3.6393791701580056E+01
3.7203083270961088E+01
3.7907184794323960E+01
0.0000000000000000E+00
6.7441106982231092E-01
1.4571136636709490E+00
2.3410843037099958E+00
3.3160429062679802E+00
4.3707928357322645E+00
5.4947531598102346E+00
6.6785844488356307E+00
7.9141986996390141E+00
9.1945010554530970E+00
1.0513094603816459E+01
1.1864040800250846E+01
1.3241691534344806E+01
1.4640578649072676E+01
1.6055343459857543E+01
1.7480691940569670E+01
1.8911365469943977E+01
2.0342120245931312E+01
2.1767710500386592E+01
2.3182871635688354E+01
2.4582299542152185E+01
2.5960621740936883E+01
2.7312354693759819E+01
2.8631839824530680E+01
2.9913149251730985E+01
3.1149953250198937E+01
3.2335350421020010E+01
3.3461690077396533E+01
3.4520473258759317E+01
3.5502495686232727E+01
3.6398430242092829E+01
3.7199943853829957E+01
3.7901159162788524E+01
0.0000000000000000E+00
6.8138127166348139E-01
1.4627217080520840E+00
2.3400166751533482E+00
3.3060950727509208E+00
4.3522083314265725E+00
5.4692642694933653E+00
6.6485532129871530E+00
7.8820368224985575E+00
9.1623648095010974E+00
1.0482769523935623E+01
1.1836931988825443E+01
1.3218861086242246E+01
1.4622797675512945E+01
1.6043142167823387E+01
1.7474400273492019E+01
1.8911141348921593E+01
2.0347964542367507E+01
2.1779468723901708E+01
2.3200222680330800E+01
2.4604732213786111E+01
2.5987400672562700E+01
2.7342479254977700E+01
2.8664003617716265E+01
2.9945714936769065E+01
3.1180968701079642E+01
3.2362646790695543E+01
3.3483111119867011E+01
3.4534268821763959E+01
3.5507843355142164E+01
3.6395930702134919E+01
3.7191832117537714E+01
3.7891004094458154E+01
0.0000000000000000E+00
6.8774560269549134E-01
1.4693161678363265E+00
2.3426305988680705E+00
3.3025929367038702E+00
4.3422297531774818E+00
5.4536789841109004E+00
6.6288942380422204E+00
7.8600531799040319E+00
9.1397355929964661E+00
1.0460957273666004E+01
1.1817130706700622E+01
1.3201997898158098E+01
1.4609559003644966E+01
1.6034006705323087E+01
1.7469669012333359E+01
1.8910959811623226E+01
2.0352335112130582E+01
2.1788252449909045E+01
2.3213130839422920E+01
2.4621308780518802E+01
2.6006998179738787E+01
2.7364232826905440E+01
2.8686811745589974E+01
2.9968241127563420E+01
3.1201684882873881E+01
3.2379944194633197E+01
3.3495500436851671E+01
3.4540668568168257E+01
3.5507908617935968E+01
3.6390316354268883E+01
3.7182253679656817E+01
3.7880000384234840E+01
0.0000000000000000E+00
6.9274602653492934E-01
1.4751061987336107E+00
2.3461886599161685E+00
3.3022180851724143E+00
4.3374105411872472E+00
5.4447942434838721E+00
6.6168654107569029E+00
7.8460397868458243E+00
9.1249169228326270E+00
1.0446402624643065E+01
1.1803739017918927E+01
1.3190482389871324E+01
1.4600456120495265E+01
1.6027694844368025E+01
1.7466388098601779E+01
1.8910826769896925E+01
2.0355352824247714E+01
2.1794311337765400E+01
2.3222003264908487E+01
2.4632637443436007E+01
2.6020281014545912E+01
2.7378808886353610E+01
2.8701855407576993E+01
2.9982775467681492E+01
3.1214628098271660E+01
3.2390202971178439E+01
3.3502117055668435E+01
3.4543010815194314E+01
3.5505864342016686E+01
3.6384428439842857E+01
3.7173725224434932E+01
3.7870530203666426E+01
0.0000000000000000E+00
6.9591548575442752E-01
1.4789828639155673E+00
2.3489599381657564E+00
3.3028050817598524E+00
4.3354155457150902E+00
5.4403524544742519E+00
6.6104588484180580E+00
7.8383232175163728E+00
9.1165842372967649E+00
1.0438100835562535E+01
1.1796023236470941E+01
1.3183799710431424E+01
1.4595146553531782E+01
1.6024000154505334E+01
1.7464462479095832E+01
1.8910745780256914E+01
2.0357118748953248E+01
2.1797854260336155E+01
2.3227177961692494E+01
2.4639216957210127E+01
2.6027948709314106E+01
2.7387152086694226E+01
2.8710365415024299E+01
2.9990860525437018E+01
3.1221646892559196E+01
3.2395524976646342E+01
3.3505210624861625E+01
3.4543549474637125E+01
3.5503828251051694E+01
3.6380167374751863E+01
3.7167950141517110E+01
3.7864217790960943E+01
0.0000000000000000E+00
6.9699902285395243E-01
1.4803395042893117E+00
2.3499860286006475E+00
3.3031323214896298E+00
4.3348972418882292E+00
5.4390188511589015E+00
6.6084587644674562E+00
7.8358676579740907E+00
9.1139016881919481E+00
1.0435407427787997E+01
1.1793506343212595E+01
1.3181611411755977E+01
1.4593403162837166E+01
1.6022784718272451E+01
1.7463828123028744E+01
1.8910718611091443E+01
2.0357699629590641E+01
2.1799019189122067E+01
2.3228877088149446E+01
2.4641372546651347E+01
2.6030452707091246E+01
2.7389864381623461E+01
2.8713114452447897E+01
2.9993448448080525E+01
3.1223861584865858E+01
3.2397160767794986E+01
3.3506097461681563E+01
3.4543586996069713E+01
3.5503017166937887E+01
3.6378627757714533E+01
3.7165917007496745E+01
3.7862009908278658E+01
0.0000000000000000E+00
6.9591548575442752E-01
1.4789828639155687E+00
2.3489599381657573E+00
3.3028050817598515E+00
4.3354155457150902E+00
5.4403524544742554E+00
6.6104588484180669E+00
7.8383232175163764E+00
9.1165842372967720E+00
1.0438100835562546E+01
1.1796023236470951E+01
1.3183799710431435E+01
1.4595146553531796E+01
1.6024000154505345E+01
1.7464462479095836E+01
1.8910745780256924E+01
2.0357118748953258E+01
2.1797854260336180E+01
2.3227177961692515E+01
2.4639216957210142E+01
2.6027948709314121E+01
2.7387152086694236E+01
2.8710365415024338E+01
2.9990860525437022E+01
3.1221646892559225E+01
3.2395524976646342E+01
3.3505210624861604E+01
3.4543549474637125E+01
3.5503828251051715E+01
3.6380167374751849E+01
3.7167950141517068E+01
3.7864217790960915E+01
0.0000000000000000E+00
6.9274602653492900E-01
1.4751061987336103E+00
2.3461886599161685E+00
3.3022180851724130E+00
4.3374105411872472E+00
5.4447942434838774E+00
6.6168654107569091E+00
7.8460397868458323E+00
9.1249169228326412E+00
1.0446402624643085E+01
1.1803739017918945E+01
1.3190482389871338E+01
1.4600456120495281E+01
1.6027694844368042E+01
1.7466388098601811E+01
1.8910826769896939E+01
2.0355352824247731E+01
2.1794311337765425E+01
2.3222003264908523E+01
2.4632637443436035E+01
2.6020281014545933E+01
2.7378808886353635E+01
2.8701855407577032E+01
2.9982775467681506E+01
3.1214628098271692E+01
3.2390202971178439E+01
3.3502117055668414E+01
3.4543010815194314E+01
3.5505864342016686E+01
3.6384428439842850E+01
3.7173725224434918E+01
3.7870530203666412E+01
0.0000000000000000E+00
6.8774560269549079E-01
1.4693161678363253E+00
2.3426305988680696E+00
3.3025929367038724E+00
4.3422297531774845E+00
5.4536789841109075E+00
6.6288942380422302E+00
7.8600531799040398E+00
9.1397355929964892E+00
1.0460957273666027E+01
1.1817130706700647E+01
1.3201997898158124E+01
1.4609559003644987E+01
1.6034006705323122E+01
1.7469669012333394E+01
1.8910959811623258E+01
2.0352335112130607E+01
2.1788252449909070E+01
2.3213130839422959E+01
2.4621308780518834E+01
2.6006998179738829E+01
2.7364232826905464E+01
2.8686811745590006E+01
2.9968241127563452E+01
3.1201684882873906E+01
3.2379944194633218E+01
3.3495500436851657E+01
3.4540668568168279E+01
3.5507908617935961E+01
3.6390316354268876E+01
3.7182253679656803E+01
3.7880000384234847E+01
0.0000000000000000E+00
6.8138127166348039E-01
1.4627217080520820E+00
2.3400166751533482E+00
3.3060950727509231E+00
4.3522083314265769E+00
5.4692642694933742E+00
6.6485532129871610E+00
7.8820368224985691E+00
9.1623648095011241E+00
1.0482769523935652E+01
1.1836931988825476E+01
1.3218861086242274E+01
1.4622797675512981E+01
1.6043142167823433E+01
1.7474400273492076E+01
1.8911141348921625E+01
2.0347964542367542E+01
2.1779468723901736E+01
2.3200222680330850E+01
2.4604732213786161E+01
2.5987400672562750E+01
2.7342479254977746E+01
2.8664003617716308E+01
2.9945714936769111E+01
3.1180968701079681E+01
3.2362646790695578E+01
3.3483111119867061E+01
3.4534268821763973E+01
3.5507843355142178E+01
3.6395930702134926E+01
3.7191832117537722E+01
3.7891004094458175E+01
0.0000000000000000E+00
6.7441106982230958E-01
1.4571136636709467E+00
2.3410843037099953E+00
3.3160429062679828E+00
4.3707928357322707E+00
5.4947531598102461E+00
6.6785844488356405E+00
7.9141986996390292E+00
9.1945010554531201E+00
1.0513094603816487E+01
1.1864040800250882E+01
1.3241691534344850E+01
1.4640578649072726E+01
1.6055343459857610E+01
1.7480691940569731E+01
1.8911365469944023E+01
2.0342120245931351E+01
2.1767710500386634E+01
2.3182871635688407E+01
2.4582299542152231E+01
2.5960621740936944E+01
2.7312354693759890E+01
2.8631839824530740E+01
2.9913149251731035E+01
3.1149953250198969E+01
3.2335350421020074E+01
3.3461690077396554E+01
3.4520473258759367E+01
3.5502495686232749E+01
3.6398430242092857E+01
3.7199943853829964E+01
3.7901159162788531E+01
0.0000000000000000E+00
6.6803577293993666E-01
1.4553007637593918E+00
2.3499822221974513E+00
3.3372219841608315E+00
4.4026752136639482E+00
5.5342547305858112E+00
6.7223159622756441E+00
7.9590908553909046E+00
9.2380262207791493E+00
1.0553277992976987E+01
1.1899392599768909E+01
1.3271119571981405E+01
1.4663307378051963E+01
1.6070848081169320E+01
1.7488649703471495E+01
1.8911623708927571E+01
2.0334680162078911E+01
2.1752725904307134E+01
2.3160662312610242E+01
2.4553379264086477E+01
2.5925740918339123E+01
2.7272556704296044E+01
2.8588527157522805E+01
2.9868148843247905E+01
3.1105556324929978E+01
3.2294277035811838E+01
3.3426890675524930E+01
3.4494662478742043E+01
3.5487377371268650E+01
3.6393791701580092E+01
3.7203083270961102E+01
3.7907184794323975E+01
0.0000000000000000E+00
6.6420398369045397E-01
1.4617436161620814E+00
2.3729431845309517E+00
3.3762888493762837E+00
4.4538326058627709E+00
5.5925717181888208E+00
6.7833446122792802E+00
8.0192965772253419E+00
9.2947429484386728E+00
1.0604549993907366E+01
1.1943809420127543E+01
1.3307680341330919E+01
1.4691317860526897E+01
1.6089846368961087E+01
1.7498355268723341E+01
1.8911905591715765E+01
2.0325541479755636E+01
2.1734303215126406E+01
2.3133239580780778E+01
2.4517417278718433E+01
2.5881923990951059E+01
2.7221859096176370E+01
2.8532301279348825E+01
2.9808233912746363E+01
3.1044395411812296E+01
3.2235001419514482E+01
3.3373268979990456E+01
3.4450690454211703E+01
3.5456265409679709E+01
3.6376379446107016E+01
3.7196437127078546E+01
3.7904654593347999E+01
0.0000000000000000E+00
6.6625710302666075E-01
1.4838111376397316E+00
2.4193587477308398E+00
3.4420907720505007E+00
4.5312210543648739E+00
5.6746106384635979E+00
6.8649762150359779E+00
8.0969820312696079E+00
9.3660474848751800E+00
1.0667797783579468E+01
1.1997845991422482E+01
1.3351712832192716E+01
1.4724809076622973E+01
1.6112444863236174E+01
1.7509850286227682E+01
1.8912200125772689E+01
2.0314639651062699E+01
2.1712310243529217E+01
2.3100374243008222E+01
2.4474038275545983E+01
2.5828573362201904E+01
2.7159327949043803E+01
2.8461725687639177E+01
2.9731231346201103E+01
3.0963251371750847E+01
3.2152903118254478E+01
3.3294522366693407E+01
3.4380700111193349E+01
3.5400562689039226E+01
3.6338147482994131E+01
3.7173274459402521E+01
3.7887525264355368E+01
0.0000000000000000E+00
6.8060401511509239E-01
1.5343947730900207E+00
2.5031472662349401E+00
3.5453364163968013E+00
4.6414535978069669E+00
5.7842689675673009E+00
6.9694148508220328E+00
8.1933680010407794E+00
9.4525972687704218E+00
1.0743361281401706E+01
1.2061666200869851E+01
1.3403286449186586E+01
1.4763802757430643E+01
1.6138643989384562E+01
1.7523127691660793E+01
1.8912498126935184E+01
2.0301961955542360E+01
2.1686722304266954E+01
2.3062012092397545E+01
2.4423127299781591E+01
2.5765460290296861E+01
2.7084532069892184E+01
2.8376019789427296E+01
2.9635770246661153E+01
3.0859777776792637E+01
3.2044074596697023E+01
3.3184411588975543E+01
3.4275405270552966E+01
3.5308507060545786E+01
3.6267119623970927E+01
3.7123597773269211E+01
3.7847186703276819E+01
0.0000000000000000E+00
7.2102900388472135E-01
1.6373772551664281E+00
2.6435665110051660E+00
3.6946904981475717E+00
4.7883292913072042E+00
5.9228542953823426E+00
7.0969090919423259E+00
8.3082747495057916E+00
9.5540782793301240E+00
1.0830918096160357E+01
1.2134989635958055E+01
1.3462178826420971E+01
1.4808136294108321E+01
1.6168337537806995E+01
1.7538133556125274E+01
1.8912794912767907E+01
2.0287551548504695E+01
2.1657630256989570E+01
2.3018291517119703E+01
2.4364867195778405E+01
2.5692800418517027E+01
2.6997688545983319E+01
2.8275329462053577E+01
2.9521769726630993E+01
3.0733348664267648E+01
3.1906720769349498E+01
3.3038795728788912E+01
3.4126423511817350E+01
3.5165044602604070E+01
3.6144423713178526E+01
3.7031065565503731E+01
3.7769660561754399E+01
0.0000000000000000E+00
8.2880907653365754E-01
1.8393996765228418E+00
2.8489313774281966E+00
3.8909494081715188E+00
4.9695914057949437E+00
6.0878496977756980E+00
7.2452653472084076E+00
8.4399780385102687E+00
9.6691942732502749E+00
1.0929521659087094E+01
1.2217141408059835E+01
1.3527922109457851E+01
1.4857499540854191E+01
1.6201338068303208E+01
1.7554780787625202E+01
1.8913092607100630E+01
2.0271498978352724E+01
2.1625222320114016E+01
2.2969517859824567E+01
2.4299710457433417E+01
2.5611233891760676E+01
2.6899674064568668E+01
2.8160817649589045E+01
2.9390707924876576E+01
3.0585710174269828E+01
3.1742588866153167E+01
3.2858601506141788E+01
3.3931570212483592E+01
3.4959873749269363E+01
3.5940581160701406E+01
3.6861365874861349E+01
3.7629259076105100E+01
0.0000000000000000E+00
1.1636630203789142E+00
2.1187278529509554E+00
3.1057253082372545E+00
4.1208057617905833E+00
5.1762556397731796E+00
6.2730150876742190E+00
7.4102262702479029E+00
8.5855635577267684E+00
9.7959566052453777E+00
1.1037822408735769E+01
1.2307215677297558E+01
1.3599920167554735E+01
1.4911515085906455E+01
1.6237427047609163E+01
1.7572973576190122E+01
1.8913401233613694E+01
2.0253920392909308E+01
2.1589738151005420E+01
2.2916090631057358E+01
2.4228275755633991E+01
2.5521687405758414E+01
2.6791851678041876E+01
2.8034465687110099E+01
2.9245439074095383E+01
3.0420937828242327E+01
3.1557430528027322E+01
3.2651730814247458E+01
3.3701053287154430E+01
3.4702886013762999E+01
3.5654885041945029E+01
3.6545435952634243E+01
3.7297724563777201E+01
