0.0000000000000000E+00
2.1031991686691027E+00
4.0923620662150331E+00
6.2737181987425066E+00
8.5869799398142295E+00
1.1045591872471546E+01
1.3609847656179806E+01
1.6250708745151304E+01
1.8929580802769983E+01
2.1608920601700024E+01
2.4250695062629340E+01
2.6816969173036913E+01
2.9274650415887290E+01
3.1590628947664474E+01
3.3736502567637125E+01
3.5715913389229321E+01
3.7304639880734790E+01
0.0000000000000000E+00
1.6183959795908052E+00
3.7083601070375853E+00
5.9224550423357911E+00
8.3140962454667839E+00
1.0837978386696157E+01
1.3472446694369605E+01
1.6181367303761807E+01
1.8928895018630666E+01
2.1676826473670509E+01
2.4387014684738435E+01
2.7023083984782893E+01
2.9549428402287493E+01
3.1939283407807629E+01
3.4156247269393418E+01
3.6192457858529430E+01
3.7821677143325289E+01
0.0000000000000000E+00
1.4890551047803353E+00
3.4264363735296968E+00
5.6749488768486573E+00
8.0992659877110142E+00
1.0674305193609513E+01
1.3361399337729006E+01
1.6125285004492547E+01
1.8928201819353671E+01
2.1731572684404732E+01
2.4496430758708399E+01
2.7185387113913006E+01
2.9760585989081576E+01
3.2187212515484539E+01
3.4423728429520338E+01
3.6375372045967282E+01
3.7915393119977601E+01
0.0000000000000000E+00
1.4561809454595060E+00
3.3337798169044177E+00
5.5335373649507593E+00
7.9632309089531477E+00
1.0559773081525046E+01
1.3281001728769754E+01
1.6083640309827171E+01
1.8927604144855888E+01
2.1771934304635302E+01
2.4575759903480225E+01
2.7298534795474911E+01
2.9897479356148782E+01
3.2328354000962527E+01
3.4533309418416309E+01
3.6431189197872932E+01
3.7945099180246174E+01
0.0000000000000000E+00
1.4633010237744866E+00
3.3049411146601813E+00
5.4710363867997316E+00
7.8850220698947906E+00
1.0489445388560098E+01
1.3228376554195952E+01
1.6055900410984208E+01
1.8927084782813445E+01
2.1798702018381483E+01
2.4627370939177663E+01
2.7368503673173848E+01
2.9975665384060537E+01
3.2395343997039191E+01
3.4570464129209313E+01
3.6432410391175729E+01
3.7927666409257661E+01
0.0000000000000000E+00
1.4744250900471869E+00
3.3016937314554897E+00
5.4465189300153032E+00
7.8494419144306971E+00
1.0452976809911304E+01
1.3199965641550923E+01
1.6040416054029674E+01
1.8926782141436693E+01
2.1813574582023200E+01
2.4655429974231044E+01
2.7404951371252821E+01
3.0012812893278539E+01
3.2422905712130550E+01
3.4579089317962037E+01
3.6421555298335434E+01
3.7908483897568843E+01
0.0000000000000000E+00
1.4800896521867344E+00
3.3032383558760681E+00
5.4414599033035076E+00
7.8395981602618647E+00
1.0442318095380177E+01
1.3191099160747754E+01
1.6035566805846351E+01
1.8926662359735438E+01
2.1818240231840051E+01
2.4664124404914073E+01
2.7415768889878876E+01
3.0023138293781201E+01
3.2429275796824840E+01
3.4578889615777371E+01
3.6415147928193150E+01
3.7899305665638082E+01
0.0000000000000000E+00
1.4744250900471858E+00
3.3016937314554853E+00
5.4465189300152996E+00
7.8494419144306944E+00
1.0452976809911302E+01
1.3199965641550925E+01
1.6040416054029681E+01
1.8926782141436703E+01
2.1813574582023193E+01
2.4655429974231033E+01
2.7404951371252800E+01
3.0012812893278518E+01
3.2422905712130550E+01
3.4579089317962044E+01
3.6421555298335434E+01
3.7908483897568850E+01
0.0000000000000000E+00
1.4633010237744846E+00
3.3049411146601759E+00
5.4710363867997307E+00
7.8850220698947888E+00
1.0489445388560096E+01
1.3228376554195952E+01
1.6055900410984222E+01
1.8927084782813452E+01
2.1798702018381462E+01
2.4627370939177638E+01
2.7368503673173802E+01
2.9975665384060495E+01
3.2395343997039177E+01
3.4570464129209320E+01
3.6432410391175722E+01
3.7927666409257697E+01
0.0000000000000000E+00
1.4561809454595038E+00
3.3337798169044168E+00
5.5335373649507620E+00
7.9632309089531468E+00
1.0559773081525039E+01
1.3281001728769754E+01
1.6083640309827167E+01
1.8927604144855884E+01
2.1771934304635273E+01
2.4575759903480190E+01
2.7298534795474847E+01
2.9897479356148740E+01
3.2328354000962491E+01
3.4533309418416295E+01
3.6431189197872953E+01
3.7945099180246203E+01
0.0000000000000000E+00
1.4890551047803342E+00
3.4264363735296977E+00
5.6749488768486627E+00
8.0992659877110142E+00
1.0674305193609502E+01
1.3361399337729001E+01
1.6125285004492536E+01
1.8928201819353657E+01
2.1731572684404696E+01
2.4496430758708353E+01
2.7185387113912952E+01
2.9760585989081520E+01
3.2187212515484482E+01
3.4423728429520303E+01
3.6375372045967303E+01
3.7915393119977637E+01
0.0000000000000000E+00
1.6183959795908054E+00
3.7083601070375880E+00
5.9224550423357991E+00
8.3140962454667839E+00
1.0837978386696149E+01
1.3472446694369596E+01
1.6181367303761792E+01
1.8928895018630648E+01
2.1676826473670467E+01
2.4387014684738404E+01
2.7023083984782822E+01
2.9549428402287436E+01
3.1939283407807565E+01
3.4156247269393376E+01
3.6192457858529465E+01
3.7821677143325367E+01
0.0000000000000000E+00
2.1031991686691054E+00
4.0923620662150357E+00
6.2737181987425137E+00
8.5869799398142295E+00
1.1045591872471535E+01
1.3609847656179793E+01
1.6250708745151286E+01
1.8929580802769955E+01
2.1608920601699989E+01
2.4250695062629294E+01
2.6816969173036856E+01
2.9274650415887219E+01
3.1590628947664417E+01
3.3736502567637089E+01
3.5715913389229364E+01
3.7304639880734847E+01
