0.0000000000000000E+00
5.1491836190494455E-01
9.4048715950441464E-01
1.4026760164978502E+00
1.8822515118937317E+00
2.3887585716250177E+00
2.9140095543916584E+00
3.4535286074570730E+00
4.0000000000001839E+00
4.5464713925433076E+00
5.0859904456086893E+00
5.6112414283752949E+00
6.1177484881065256E+00
6.5973239835023607E+00
7.0595128404957386E+00
7.4850816380951484E+00
8.0000000000000000E+00
0.0000000000000000E+00
3.7459023766544258E-01
8.3574378010900330E-01
1.3070452352373365E+00
1.8089095407183646E+00
2.3332095622422573E+00
2.8774705533838105E+00
3.4352170861682154E+00
4.0000000000001927E+00
4.5647829138321763E+00
5.1225294466165403E+00
5.6667904377580687E+00
6.1910904592818907E+00
6.6929547647628791E+00
7.1642562198911444E+00
7.6254097623346437E+00
8.0000000000000000E+00
0.0000000000000000E+00
3.3154749596568023E-01
7.5464509160087823E-01
1.2376859047321753E+00
1.7498683578525343E+00
2.2887853444189159E+00
2.8476214826043988E+00
3.4202889022116674E+00
4.0000000000001963E+00
4.5797110977887154E+00
5.1523785173959631E+00
5.7112146555814025E+00
6.2501316421477302E+00
6.7623140952680387E+00
7.2453549083992677E+00
7.6684525040344012E+00
8.0000000000000000E+00
0.0000000000000000E+00
3.1742846517368395E-01
7.2414500366204804E-01
1.1958724905065616E+00
1.7111775724976597E+00
2.2569562508676637E+00
2.8256221517345792E+00
3.4090539353548199E+00
4.0000000000001954E+00
4.5909460646455713E+00
5.1743778482657774E+00
5.7430437491326680E+00
6.2888224275026126E+00
6.8041275094936591E+00
7.2758549963380954E+00
7.6825715348264030E+00
8.0000000000000000E+00
0.0000000000000000E+00
3.1577390863517241E-01
7.1229995641579824E-01
1.1757522235304905E+00
1.6879370963721128E+00
2.2368454223732783E+00
2.8109062603158170E+00
3.4014485531918823E+00
4.0000000000001910E+00
4.5985514468084983E+00
5.1890937396845382E+00
5.7631545776270459E+00
6.3120629036281599E+00
6.8242477764697282E+00
7.2877000435843557E+00
7.6842260913649021E+00
8.0000000000000000E+00
0.0000000000000000E+00
3.1683763320858882E-01
7.0894794219241308E-01
1.1669720638225605E+00
1.6768214219790081E+00
2.2261041317780106E+00
2.8027991828490135E+00
3.3971371863329707E+00
4.0000000000001865E+00
4.6028628136674072E+00
5.1972008171513373E+00
5.7738958682223238E+00
6.3231785780212659E+00
6.8330279361776727E+00
7.2910520578077458E+00
7.6831623667914988E+00
8.0000000000000000E+00
0.0000000000000000E+00
3.1771500630586152E-01
7.0851089211065721E-01
1.1648386469083454E+00
1.6736098597540388E+00
2.2228914073218489E+00
2.8002299805402684E+00
3.3957726568570314E+00
4.0000000000001856E+00
4.6042273431433376E+00
5.1997700194600949E+00
5.7771085926784718E+00
6.3263901402462395E+00
6.8351613530918902E+00
7.2914891078895199E+00
7.6822849936942292E+00
8.0000000000000000E+00
0.0000000000000000E+00
3.1683763320858926E-01
7.0894794219241364E-01
1.1669720638225622E+00
1.6768214219790076E+00
2.2261041317780150E+00
2.8027991828490162E+00
3.3971371863329742E+00
4.0000000000001874E+00
4.6028628136674126E+00
5.1972008171513346E+00
5.7738958682223194E+00
6.3231785780212677E+00
6.8330279361776780E+00
7.2910520578077440E+00
7.6831623667915068E+00
8.0000000000000000E+00
0.0000000000000000E+00
3.1577390863517296E-01
7.1229995641580024E-01
1.1757522235304934E+00
1.6879370963721154E+00
2.2368454223732837E+00
2.8109062603158232E+00
3.4014485531918841E+00
4.0000000000001883E+00
4.5985514468085000E+00
5.1890937396845400E+00
5.7631545776270512E+00
6.3120629036281724E+00
6.8242477764697407E+00
7.2877000435843584E+00
7.6842260913649199E+00
8.0000000000000000E+00
0.0000000000000000E+00
3.1742846517368506E-01
7.2414500366205004E-01
1.1958724905065643E+00
1.7111775724976637E+00
2.2569562508676704E+00
2.8256221517345859E+00
3.4090539353548195E+00
4.0000000000001910E+00
4.5909460646455713E+00
5.1743778482657792E+00
5.7430437491326742E+00
6.2888224275026205E+00
6.8041275094936724E+00
7.2758549963381016E+00
7.6825715348264101E+00
8.0000000000000000E+00
0.0000000000000000E+00
3.3154749596568134E-01
7.5464509160088289E-01
1.2376859047321755E+00
1.7498683578525422E+00
2.2887853444189217E+00
2.8476214826043993E+00
3.4202889022116754E+00
4.0000000000001945E+00
4.5797110977887128E+00
5.1523785173959666E+00
5.7112146555814114E+00
6.2501316421477426E+00
6.7623140952680485E+00
7.2453549083992748E+00
7.6684525040344020E+00
8.0000000000000000E+00
0.0000000000000000E+00
3.7459023766544342E-01
8.3574378010900541E-01
1.3070452352373401E+00
1.8089095407183720E+00
2.3332095622422653E+00
2.8774705533838172E+00
3.4352170861682185E+00
4.0000000000001927E+00
4.5647829138321780E+00
5.1225294466165359E+00
5.6667904377580793E+00
6.1910904592819032E+00
6.6929547647628986E+00
7.1642562198911577E+00
7.6254097623346446E+00
8.0000000000000000E+00
0.0000000000000000E+00
5.1491836190494500E-01
9.4048715950441586E-01
1.4026760164978542E+00
1.8822515118937377E+00
2.3887585716250239E+00
2.9140095543916642E+00
3.4535286074570735E+00
4.0000000000001918E+00
4.5464713925433067E+00
5.0859904456086902E+00
5.6112414283753012E+00
6.1177484881065460E+00
6.5973239835023785E+00
7.0595128404957581E+00
7.4850816380951475E+00
8.0000000000000000E+00
0.0000000000000000E+00
5.1457859298771058E-01
9.4015982436241718E-01
1.4023505697541256E+00
1.8819686394238877E+00
2.3885269000715170E+00
2.9138456144066009E+00
3.4534431603222284E+00
4.0000000000001972E+00
4.5465568396781419E+00
5.0861543855937557E+00
5.6114730999287925E+00
6.1180313605763805E+00
6.5976494302460846E+00
7.0598401756377349E+00
7.4854214070123746E+00
8.0000000000000000E+00
0.0000000000000000E+00
3.7454372358253851E-01
8.3566909501895292E-01
1.3069728149853297E+00
1.8088387327350577E+00
2.3331461421829083E+00
2.8774214094449446E+00
3.4351901682761734E+00
4.0000000000001945E+00
4.5648098317242063E+00
5.1225785905554213E+00
5.6668538578174061E+00
6.1911612672652110E+00
6.6930271850148770E+00
7.1643309049811998E+00
7.6254562764175340E+00
8.0000000000000000E+00
0.0000000000000000E+00
3.3162447926184840E-01
7.5473173964214169E-01
1.2377592899913714E+00
1.7499225355548269E+00
2.2888184821153947E+00
2.8476382197153218E+00
3.4202952572680907E+00
4.0000000000001963E+00
4.5797047427322957E+00
5.1523617802850428E+00
5.7111815178849215E+00
6.2500774644454387E+00
6.7622407100088289E+00
7.2452682603580065E+00
7.6683755207382260E+00
8.0000000000000000E+00
0.0000000000000000E+00
3.1758409239606489E-01
7.2434006920709548E-01
1.1960587410290082E+00
1.7113286262371072E+00
2.2570656607775748E+00
2.8256906344754120E+00
3.4090864534040408E+00
4.0000000000001883E+00
4.5909135465963429E+00
5.1743093655249481E+00
5.7429343392227432E+00
6.2886713737631661E+00
6.8039412589712001E+00
7.2756599307930561E+00
7.6824159076040068E+00
8.0000000000000000E+00
0.0000000000000000E+00
3.1597498444508415E-01
7.1256520005562340E-01
1.1760144584098917E+00
1.6881577960980756E+00
2.2370099847798484E+00
2.8110127362293666E+00
3.4015002690371738E+00
4.0000000000001927E+00
4.5984997309632059E+00
5.1889872637709935E+00
5.7629900152204705E+00
6.3118422039021986E+00
6.8239855415903206E+00
7.2874347999445375E+00
7.6840250155549921E+00
8.0000000000000000E+00
0.0000000000000000E+00
3.1706268032981005E-01
7.0925175506335558E-01
1.1672782032809590E+00
1.6770831263037465E+00
2.2263020971647580E+00
2.8029287912554248E+00
3.3972006830072599E+00
4.0000000000001945E+00
4.6027993169931172E+00
5.1970712087449300E+00
5.7736979028355577E+00
6.3229168736965304E+00
6.8327217967192624E+00
7.2907482449368102E+00
7.6829373196702697E+00
8.0000000000000000E+00
0.0000000000000000E+00
3.1794746082160313E-01
7.0882710635909907E-01
1.1651590994049763E+00
1.6738853325489569E+00
2.2231006437517129E+00
2.8003675195895208E+00
3.3958401822916890E+00
4.0000000000001981E+00
4.6041598177086849E+00
5.1996324804108243E+00
5.7768993562486113E+00
6.3261146674513276E+00
6.8348409005952391E+00
7.2911728936410762E+00
7.6820525391784713E+00
8.0000000000000000E+00
0.0000000000000000E+00
3.1706268032981055E-01
7.0925175506335691E-01
1.1672782032809603E+00
1.6770831263037498E+00
2.2263020971647594E+00
2.8029287912554284E+00
3.3972006830072594E+00
4.0000000000001963E+00
4.6027993169931127E+00
5.1970712087449300E+00
5.7736979028355675E+00
6.3229168736965402E+00
6.8327217967192642E+00
7.2907482449368120E+00
7.6829373196702697E+00
8.0000000000000000E+00
0.0000000000000000E+00
3.1597498444508509E-01
7.1256520005562463E-01
1.1760144584098948E+00
1.6881577960980796E+00
2.2370099847798528E+00
2.8110127362293671E+00
3.4015002690371743E+00
4.0000000000001945E+00
4.5984997309632041E+00
5.1889872637709917E+00
5.7629900152204812E+00
6.3118422039022066E+00
6.8239855415903392E+00
7.2874347999445357E+00
7.6840250155549992E+00
8.0000000000000000E+00
0.0000000000000000E+00
3.1758409239606583E-01
7.2434006920709781E-01
1.1960587410290113E+00
1.7113286262371128E+00
2.2570656607775801E+00
2.8256906344754178E+00
3.4090864534040417E+00
4.0000000000001972E+00
4.5909135465963429E+00
5.1743093655249499E+00
5.7429343392227574E+00
6.2886713737631723E+00
6.8039412589712134E+00
7.2756599307930641E+00
7.6824159076040166E+00
8.0000000000000000E+00
0.0000000000000000E+00
3.3162447926184957E-01
7.5473173964214291E-01
1.2377592899913756E+00
1.7499225355548367E+00
2.2888184821154054E+00
2.8476382197153312E+00
3.4202952572680925E+00
4.0000000000002034E+00
4.5797047427322974E+00
5.1523617802850401E+00
5.7111815178849321E+00
6.2500774644454475E+00
6.7622407100088493E+00
7.2452682603580127E+00
7.6683755207382314E+00
8.0000000000000000E+00
0.0000000000000000E+00
3.7454372358253962E-01
8.3566909501895503E-01
1.3069728149853350E+00
1.8088387327350672E+00
2.3331461421829154E+00
2.8774214094449491E+00
3.4351901682761792E+00
4.0000000000002052E+00
4.5648098317242098E+00
5.1225785905554160E+00
5.6668538578174061E+00
6.1911612672652234E+00
6.6930271850148921E+00
7.1643309049811998E+00
7.6254562764175375E+00
8.0000000000000000E+00
0.0000000000000000E+00
5.1457859298771158E-01
9.4015982436241885E-01
1.4023505697541301E+00
1.8819686394238957E+00
2.3885269000715255E+00
2.9138456144066014E+00
3.4534431603222386E+00
4.0000000000001990E+00
4.5465568396781455E+00
5.0861543855937477E+00
5.6114730999287969E+00
6.1180313605763805E+00
6.5976494302461006E+00
7.0598401756377349E+00
7.4854214070123755E+00
8.0000000000000000E+00
0.0000000000000000E+00
5.1401192742110080E-01
9.3949686061998827E-01
1.4016889303576392E+00
1.8813652744010967E+00
2.3880187308914640E+00
2.9134767128199286E+00
3.4532481252993188E+00
4.0000000000001803E+00
4.5467518747010587E+00
5.0865232871804125E+00
5.6119812691088491E+00
6.1186347255991596E+00
6.5983110696425724E+00
7.0605031393801596E+00
7.4859880725789791E+00
8.0000000000000000E+00
0.0000000000000000E+00
3.7438184193235963E-01
8.3540676774129452E-01
1.3066968113528457E+00
1.8085623150999024E+00
2.3328956515260018E+00
2.8772280069153324E+00
3.4350845620286741E+00
4.0000000000001963E+00
4.5649154379717114E+00
5.1227719930850153E+00
5.6671043484743171E+00
6.1914376849003556E+00
6.6933031886473708E+00
7.1645932322588459E+00
7.6256181580677129E+00
8.0000000000000000E+00
0.0000000000000000E+00
3.3179100626462066E-01
7.5491298725862233E-01
1.2378875609228188E+00
1.7499910044289184E+00
2.2888350480038309E+00
2.8476265386030826E+00
3.4202814532528749E+00
4.0000000000001918E+00
4.5797185467475066E+00
5.1523734613972705E+00
5.7111649519964791E+00
6.2500089955713465E+00
6.7621124390773941E+00
7.2450870127415161E+00
7.6682089937354485E+00
8.0000000000000000E+00
0.0000000000000000E+00
3.1796026220173174E-01
7.2483213018701509E-01
1.1965102316236833E+00
1.7116787628838745E+00
2.2573041589355189E+00
2.8258303972516443E+00
3.4091492531992036E+00
4.0000000000001918E+00
4.5908507468011779E+00
5.1741696027487079E+00
5.7426958410648021E+00
6.2883212371163841E+00
6.8034897683765303E+00
7.2751678698131315E+00
7.6820397377983438E+00
8.0000000000000000E+00
0.0000000000000000E+00
3.1648216076581065E-01
7.1326319900434987E-01
1.1766915937549551E+00
1.6887152429101002E+00
2.2374135534551676E+00
2.8112663427423383E+00
3.4016207253621884E+00
4.0000000000001874E+00
4.5983792746381909E+00
5.1887336572580054E+00
5.7625864465451508E+00
6.3112847570901591E+00
6.8233084062452534E+00
7.2867368009958042E+00
7.6835178392342591E+00
8.0000000000000000E+00
0.0000000000000000E+00
3.1764017179150283E-01
7.1006484845464979E-01
1.1680868060398153E+00
1.6777644409305714E+00
2.2268067580026849E+00
2.8032527146601764E+00
3.3973569699757573E+00
4.0000000000001856E+00
4.6026430300246206E+00
5.1967472853401731E+00
5.7731932419976353E+00
6.3222355590696964E+00
6.8319131939604025E+00
7.2899351515455049E+00
7.6823598282085852E+00
8.0000000000000000E+00
0.0000000000000000E+00
3.1854683700115671E-01
7.0967688695250530E-01
1.1660104709109642E+00
1.6746077841097473E+00
2.2236391906064470E+00
2.8007152913064268E+00
3.3960086223890298E+00
4.0000000000001776E+00
4.6039913776113455E+00
5.1992847086939156E+00
5.7763608093938776E+00
6.3253922158905160E+00
6.8339895290892567E+00
7.2903231130476547E+00
7.6814531629989453E+00
8.0000000000000000E+00
0.0000000000000000E+00
3.1764017179150328E-01
7.1006484845465101E-01
1.1680868060398164E+00
1.6777644409305745E+00
2.2268067580026898E+00
2.8032527146601751E+00
3.3973569699757551E+00
4.0000000000001927E+00
4.6026430300246206E+00
5.1967472853401677E+00
5.7731932419976379E+00
6.3222355590696866E+00
6.8319131939604034E+00
7.2899351515455040E+00
7.6823598282085879E+00
8.0000000000000000E+00
0.0000000000000000E+00
3.1648216076581137E-01
7.1326319900435187E-01
1.1766915937549585E+00
1.6887152429101047E+00
2.2374135534551729E+00
2.8112663427423374E+00
3.4016207253621844E+00
4.0000000000002007E+00
4.5983792746381909E+00
5.1887336572580125E+00
5.7625864465451491E+00
6.3112847570901662E+00
6.8233084062452551E+00
7.2867368009958007E+00
7.6835178392342698E+00
8.0000000000000000E+00
0.0000000000000000E+00
3.1796026220173285E-01
7.2483213018701664E-01
1.1965102316236884E+00
1.7116787628838797E+00
2.2573041589355238E+00
2.8258303972516496E+00
3.4091492531992067E+00
4.0000000000001945E+00
4.5908507468011761E+00
5.1741696027487007E+00
5.7426958410648048E+00
6.2883212371163877E+00
6.8034897683765347E+00
7.2751678698131315E+00
7.6820397377983465E+00
8.0000000000000000E+00
0.0000000000000000E+00
3.3179100626462144E-01
7.5491298725862577E-01
1.2378875609228224E+00
1.7499910044289269E+00
2.2888350480038380E+00
2.8476265386030875E+00
3.4202814532528820E+00
4.0000000000001918E+00
4.5797185467475039E+00
5.1523734613972705E+00
5.7111649519964764E+00
6.2500089955713465E+00
6.7621124390773932E+00
7.2450870127415259E+00
7.6682089937354565E+00
8.0000000000000000E+00
0.0000000000000000E+00
3.7438184193236074E-01
8.3540676774129641E-01
1.3066968113528481E+00
1.8085623150999102E+00
2.3328956515260098E+00
2.8772280069153378E+00
3.4350845620286803E+00
4.0000000000002087E+00
4.5649154379717096E+00
5.1227719930850135E+00
5.6671043484743207E+00
6.1914376849003592E+00
6.6933031886473797E+00
7.1645932322588468E+00
7.6256181580677183E+00
8.0000000000000000E+00
0.0000000000000000E+00
5.1401192742110169E-01
9.3949686061998905E-01
1.4016889303576421E+00
1.8813652744011025E+00
2.3880187308914698E+00
2.9134767128199326E+00
3.4532481252993237E+00
4.0000000000002025E+00
4.5467518747010516E+00
5.0865232871804142E+00
5.6119812691088438E+00
6.1186347255991738E+00
6.5983110696425795E+00
7.0605031393801658E+00
7.4859880725789818E+00
8.0000000000000000E+00
0.0000000000000000E+00
5.1262425929481326E-01
9.3797233433368599E-01
1.4001250276998596E+00
1.8799396215582245E+00
2.3868192664137133E+00
2.9126103940674053E+00
3.4527921023693984E+00
4.0000000000002025E+00
4.5472078976309671E+00
5.0873896059329473E+00
5.6131807335866011E+00
6.1200603784420391E+00
6.5998749723003529E+00
7.0620276656664664E+00
7.4873757407052715E+00
8.0000000000000000E+00
0.0000000000000000E+00
3.7405014748166898E-01
8.3483451443443091E-01
1.3060633763141227E+00
1.8079127545655242E+00
2.3323058202977363E+00
2.8767748465187752E+00
3.4348383577031010E+00
4.0000000000001945E+00
4.5651616422972783E+00
5.1232251534815845E+00
5.6676941797025755E+00
6.1920872454347498E+00
6.6939366236860822E+00
7.1651654855657201E+00
7.6259498525184046E+00
8.0000000000000000E+00
0.0000000000000000E+00
3.3205483606993652E-01
7.5513615550306346E-01
1.2379726841981054E+00
1.7499532400587865E+00
2.2887163959754608E+00
2.8474933257626152E+00
3.4201964976356996E+00
4.0000000000001954E+00
4.5798035023646850E+00
5.1525066742377401E+00
5.7112836040248540E+00
6.2500467599414833E+00
6.7620273158020998E+00
7.2448638444970808E+00
7.6679451639301375E+00
8.0000000000000000E+00
0.0000000000000000E+00
3.1859491847055282E-01
7.2559178692715121E-01
1.1971552133622445E+00
1.7121257370397518E+00
2.2575669104500160E+00
2.8259565530697546E+00
3.4091953426293107E+00
4.0000000000001981E+00
4.5908046573710699E+00
5.1740434469306020E+00
5.7424330895502909E+00
6.2878742629605258E+00
6.8028447866379675E+00
7.2744082130729932E+00
7.6814050815295225E+00
8.0000000000000000E+00
0.0000000000000000E+00
3.1733677084727580E-01
7.1437076567053903E-01
1.1777186765430987E+00
1.6895147111774584E+00
2.2379568371729071E+00
2.8115861342883837E+00
3.4017648045828532E+00
4.0000000000001954E+00
4.5982351954175220E+00
5.1884138657119729E+00
5.7620431628273998E+00
6.3104852888228091E+00
6.8222813234571165E+00
7.2856292343296047E+00
7.6826632291528014E+00
8.0000000000000000E+00
0.0000000000000000E+00
3.1861021637119941E-01
7.1136339957072658E-01
1.1693341238485140E+00
1.6787721644622373E+00
2.2275206576869269E+00
2.8036912978729878E+00
3.3975616444270380E+00
4.0000000000001945E+00
4.6024383555733381E+00
5.1963087021273635E+00
5.7724793423133844E+00
6.3212278355380231E+00
6.8306658761516932E+00
7.2886366004294310E+00
7.6813897836288811E+00
8.0000000000000000E+00
0.0000000000000000E+00
3.1955226110666252E-01
7.1103616823806159E-01
1.1673291899754938E+00
1.6756848521264713E+00
2.2244103845761547E+00
2.8011943598991960E+00
3.3962339338567284E+00
4.0000000000001901E+00
4.6037660661436437E+00
5.1988056401011526E+00
5.7755896154241535E+00
6.3243151478737847E+00
6.8326708100247151E+00
7.2889638317620991E+00
7.6804477388934211E+00
8.0000000000000000E+00
0.0000000000000000E+00
3.1861021637119979E-01
7.1136339957072703E-01
1.1693341238485153E+00
1.6787721644622393E+00
2.2275206576869282E+00
2.8036912978729864E+00
3.3975616444270291E+00
4.0000000000001918E+00
4.6024383555733355E+00
5.1963087021273617E+00
5.7724793423133791E+00
6.3212278355380276E+00
6.8306658761516958E+00
7.2886366004294292E+00
7.6813897836288811E+00
8.0000000000000000E+00
0.0000000000000000E+00
3.1733677084727657E-01
7.1437076567054059E-01
1.1777186765431018E+00
1.6895147111774647E+00
2.2379568371729088E+00
2.8115861342883814E+00
3.4017648045828532E+00
4.0000000000001901E+00
4.5982351954175176E+00
5.1884138657119658E+00
5.7620431628274016E+00
6.3104852888228020E+00
6.8222813234571120E+00
7.2856292343296074E+00
7.6826632291528076E+00
8.0000000000000000E+00
0.0000000000000000E+00
3.1859491847055338E-01
7.2559178692715287E-01
1.1971552133622472E+00
1.7121257370397560E+00
2.2575669104500191E+00
2.8259565530697532E+00
3.4091953426293098E+00
4.0000000000001874E+00
4.5908046573710672E+00
5.1740434469305958E+00
5.7424330895502926E+00
6.2878742629605151E+00
6.8028447866379569E+00
7.2744082130730012E+00
7.6814050815295287E+00
8.0000000000000000E+00
0.0000000000000000E+00
3.3205483606993680E-01
7.5513615550306401E-01
1.2379726841981076E+00
1.7499532400587863E+00
2.2887163959754653E+00
2.8474933257626152E+00
3.4201964976357004E+00
4.0000000000001892E+00
4.5798035023646824E+00
5.1525066742377357E+00
5.7112836040248522E+00
6.2500467599414842E+00
6.7620273158021025E+00
7.2448638444970861E+00
7.6679451639301384E+00
8.0000000000000000E+00
0.0000000000000000E+00
3.7405014748166887E-01
8.3483451443443035E-01
1.3060633763141254E+00
1.8079127545655269E+00
2.3323058202977411E+00
2.8767748465187761E+00
3.4348383577030992E+00
4.0000000000001954E+00
4.5651616422972738E+00
5.1232251534815738E+00
5.6676941797025755E+00
6.1920872454347462E+00
6.6939366236860876E+00
7.1651654855657227E+00
7.6259498525184002E+00
8.0000000000000000E+00
0.0000000000000000E+00
5.1262425929481326E-01
9.3797233433368632E-01
1.4001250276998627E+00
1.8799396215582280E+00
2.3868192664137191E+00
2.9126103940674044E+00
3.4527921023693997E+00
4.0000000000001847E+00
4.5472078976309627E+00
5.0873896059329367E+00
5.6131807335866011E+00
6.1200603784420418E+00
6.5998749723003538E+00
7.0620276656664673E+00
7.4873757407052688E+00
8.0000000000000000E+00
0.0000000000000000E+00
5.1075470407830037E-01
9.3569128361340037E-01
1.3976988176341507E+00
1.8776453867748863E+00
2.3848516332249585E+00
2.9111718482550115E+00
3.4520308665647477E+00
4.0000000000001839E+00
4.5479691334356325E+00
5.0888281517453331E+00
5.6151483667753537E+00
6.1223546132253537E+00
6.6023011823660518E+00
7.0643087163867451E+00
7.4892452959217781E+00
8.0000000000000000E+00
0.0000000000000000E+00
3.7341983749340651E-01
8.3370746738292245E-01
1.3047446055229479E+00
1.8065394669826138E+00
2.3310582088564020E+00
2.8758227041326720E+00
3.4343238210374953E+00
4.0000000000001892E+00
4.5656761789628906E+00
5.1241772958676783E+00
5.6689417911439230E+00
6.1934605330176362E+00
6.6952553944772566E+00
7.1662925326172218E+00
7.6265801625066700E+00
8.0000000000000000E+00
0.0000000000000000E+00
3.3225847941583841E-01
7.5514067055447365E-01
1.2376722837130172E+00
1.7494428690621984E+00
2.2881305290614193E+00
2.8469888493612854E+00
3.4199070410603367E+00
4.0000000000001874E+00
4.5800929589400381E+00
5.1530111506390686E+00
5.7118694709388986E+00
6.2505571309380601E+00
6.7623277162871833E+00
7.2448593294456636E+00
7.6677415205842321E+00
8.0000000000000000E+00
0.0000000000000000E+00
3.1931327046033786E-01
7.2635754828041399E-01
1.1976534712903864E+00
1.7123099442433329E+00
2.2575273702295364E+00
2.8258237648651021E+00
3.4090935163584870E+00
4.0000000000001847E+00
4.5909064836418896E+00
5.1741762351352341E+00
5.7424726297707815E+00
6.2876900557569311E+00
6.8023465287098208E+00
7.2736424517197262E+00
7.6806867295397359E+00
8.0000000000000000E+00
0.0000000000000000E+00
3.1836100247694310E-01
7.1562573445397837E-01
1.1787603007267620E+00
1.6902030906193315E+00
2.2383199507558893E+00
2.8117317169366220E+00
3.4018039568847898E+00
4.0000000000001901E+00
4.5981960431155802E+00
5.1882682830637137E+00
5.7616800492444247E+00
6.3097969093809292E+00
6.8212396992734394E+00
7.2843742655461634E+00
7.6816389975231294E+00
8.0000000000000000E+00
0.0000000000000000E+00
3.1979439136854143E-01
7.1288592943364848E-01
1.1706880762417207E+00
1.6797585779079991E+00
2.2281291526079698E+00
2.8040083526850492E+00
3.3976883685750594E+00
4.0000000000001874E+00
4.6023116314253132E+00
5.1959916473152852E+00
5.7718708473923410E+00
6.3202414220922511E+00
6.8293119237584889E+00
7.2871140705664796E+00
7.6802056086315300E+00
8.0000000000000000E+00
0.0000000000000000E+00
3.2078510471643512E-01
7.1264286106582497E-01
1.1687837447985969E+00
1.6767698058711924E+00
2.2251009242156905E+00
2.8015696142088329E+00
3.3963903985985104E+00
4.0000000000001936E+00
4.6036096014018515E+00
5.1984303857915108E+00
5.7748990757846030E+00
6.3232301941290716E+00
6.8312162552015918E+00
7.2873571389343148E+00
7.6792148952836268E+00
8.0000000000000000E+00
0.0000000000000000E+00
3.1979439136854138E-01
7.1288592943364792E-01
1.1706880762417209E+00
1.6797585779079989E+00
2.2281291526079672E+00
2.8040083526850506E+00
3.3976883685750572E+00
4.0000000000001910E+00
4.6023116314253061E+00
5.1959916473152807E+00
5.7718708473923392E+00
6.3202414220922556E+00
6.8293119237584827E+00
7.2871140705664788E+00
7.6802056086315327E+00
8.0000000000000000E+00
0.0000000000000000E+00
3.1836100247694304E-01
7.1562573445397748E-01
1.1787603007267620E+00
1.6902030906193310E+00
2.2383199507558844E+00
2.8117317169366225E+00
3.4018039568847853E+00
4.0000000000001901E+00
4.5981960431155775E+00
5.1882682830637155E+00
5.7616800492444122E+00
6.3097969093809345E+00
6.8212396992734465E+00
7.2843742655461519E+00
7.6816389975231463E+00
8.0000000000000000E+00
0.0000000000000000E+00
3.1931327046033736E-01
7.2635754828041288E-01
1.1976534712903864E+00
1.7123099442433289E+00
2.2575273702295333E+00
2.8258237648651017E+00
3.4090935163584835E+00
4.0000000000001910E+00
4.5909064836418896E+00
5.1741762351352332E+00
5.7424726297707780E+00
6.2876900557569328E+00
6.8023465287098306E+00
7.2736424517197227E+00
7.6806867295397412E+00
8.0000000000000000E+00
0.0000000000000000E+00
3.3225847941583775E-01
7.5514067055447365E-01
1.2376722837130165E+00
1.7494428690621966E+00
2.2881305290614189E+00
2.8469888493612827E+00
3.4199070410603363E+00
4.0000000000001785E+00
4.5800929589400390E+00
5.1530111506390535E+00
5.7118694709388835E+00
6.2505571309380707E+00
6.7623277162871975E+00
7.2448593294456698E+00
7.6677415205842347E+00
8.0000000000000000E+00
0.0000000000000000E+00
3.7341983749340568E-01
8.3370746738292179E-01
1.3047446055229499E+00
1.8065394669826131E+00
2.3310582088563989E+00
2.8758227041326707E+00
3.4343238210374931E+00
4.0000000000001821E+00
4.5656761789628844E+00
5.1241772958676650E+00
5.6689417911439133E+00
6.1934605330176558E+00
6.6952553944772717E+00
7.1662925326172200E+00
7.6265801625066736E+00
8.0000000000000000E+00
0.0000000000000000E+00
5.1075470407830070E-01
9.3569128361340126E-01
1.3976988176341498E+00
1.8776453867748870E+00
2.3848516332249541E+00
2.9111718482550049E+00
3.4520308665647481E+00
4.0000000000001785E+00
4.5479691334356218E+00
5.0888281517453260E+00
5.6151483667753475E+00
6.1223546132253830E+00
6.6023011823660633E+00
7.0643087163867566E+00
7.4892452959217772E+00
8.0000000000000000E+00
0.0000000000000000E+00
5.0755472720145056E-01
9.3178564088622440E-01
1.3934485060154962E+00
1.8735980568731900E+00
2.3813783478192936E+00
2.9086375608162029E+00
3.4506935325137778E+00
4.0000000000001812E+00
4.5493064674865833E+00
5.0913624391841417E+00
5.6186216521810088E+00
6.1264019431270658E+00
6.6065514939847114E+00
7.0682143591139193E+00
7.4924452727986246E+00
8.0000000000000000E+00
0.0000000000000000E+00
3.7231855860530189E-01
8.3164397239268073E-01
1.3022491978185569E+00
1.8039174465606886E+00
2.3286826815571096E+00
2.8740211724109406E+00
3.4333550136053881E+00
4.0000000000001874E+00
4.5666449863949783E+00
5.1259788275894111E+00
5.6713173184431973E+00
6.1960825534395667E+00
6.6977508021816501E+00
7.1683560276074614E+00
7.6276814413947660E+00
8.0000000000000000E+00
0.0000000000000000E+00
3.3231553957550281E-01
7.5464673688138850E-01
1.2365730282050902E+00
1.7479950617251554E+00
2.2866472267202957E+00
2.8457871899961442E+00
3.4192385235353857E+00
4.0000000000001883E+00
4.5807614764649820E+00
5.1542128100042044E+00
5.7133527732800173E+00
6.2520049382751024E+00
6.7634269717951128E+00
7.2453532631187549E+00
7.6676844604245664E+00
8.0000000000000000E+00
0.0000000000000000E+00
3.2004777766067072E-01
7.2686851427061916E-01
1.1976161054945207E+00
1.7117835603643892E+00
2.2567677657439442E+00
2.8251130110258460E+00
3.4086724520115732E+00
4.0000000000001883E+00
4.5913275479887954E+00
5.1748869889745013E+00
5.7432322342563662E+00
6.2882164396358746E+00
6.8023838945056889E+00
7.2731314857295191E+00
7.6799522223394012E+00
8.0000000000000000E+00
0.0000000000000000E+00
3.1947691270930734E-01
7.1676566773114514E-01
1.1794317101327234E+00
1.6903416915133607E+00
2.2380929856173948E+00
2.8113901058278055E+00
3.4015698354623343E+00
4.0000000000001874E+00
4.5984301645380334E+00
5.1886098941725400E+00
5.7619070143829152E+00
6.3096583084869016E+00
6.8205682898674818E+00
7.2832343322689921E+00
7.6805230872907657E+00
8.0000000000000000E+00
0.0000000000000000E+00
3.2110203600954446E-01
7.1436063048800713E-01
1.1717603877463907E+00
1.6802852916152109E+00
2.2282248801703379E+00
2.8038932836555164E+00
3.3975702405564885E+00
4.0000000000001892E+00
4.6024297594438721E+00
5.1961067163448247E+00
5.7717751198299618E+00
6.3197147083850513E+00
6.8282396122538129E+00
7.2856393695121362E+00
7.6788979639905239E+00
8.0000000000000000E+00
0.0000000000000000E+00
3.2214928363823669E-01
7.1422194257380356E-01
1.1699841525963137E+00
1.6774247498536938E+00
2.2253045252029922E+00
2.8015316985295917E+00
3.3963117854355827E+00
4.0000000000001803E+00
4.6036882145647793E+00
5.1984683014707347E+00
5.7746954747973049E+00
6.3225752501465653E+00
6.8300158474038879E+00
7.2857780574263433E+00
7.6778507163618261E+00
8.0000000000000000E+00
0.0000000000000000E+00
3.2110203600954429E-01
7.1436063048800691E-01
1.1717603877463900E+00
1.6802852916152116E+00
2.2282248801703375E+00
2.8038932836555142E+00
3.3975702405564912E+00
4.0000000000001821E+00
4.6024297594438686E+00
5.1961067163448194E+00
5.7717751198299574E+00
6.3197147083850442E+00
6.8282396122538094E+00
7.2856393695121344E+00
7.6788979639905248E+00
8.0000000000000000E+00
0.0000000000000000E+00
3.1947691270930711E-01
7.1676566773114447E-01
1.1794317101327234E+00
1.6903416915133582E+00
2.2380929856173952E+00
2.8113901058278024E+00
3.4015698354623320E+00
4.0000000000001759E+00
4.5984301645380290E+00
5.1886098941725338E+00
5.7619070143829063E+00
6.3096583084868980E+00
6.8205682898674826E+00
7.2832343322689947E+00
7.6805230872907631E+00
8.0000000000000000E+00
0.0000000000000000E+00
3.2004777766067039E-01
7.2686851427061860E-01
1.1976161054945196E+00
1.7117835603643872E+00
2.2567677657439438E+00
2.8251130110258451E+00
3.4086724520115697E+00
4.0000000000001856E+00
4.5913275479887927E+00
5.1748869889745013E+00
5.7432322342563626E+00
6.2882164396358800E+00
6.8023838945056907E+00
7.2731314857295235E+00
7.6799522223393977E+00
8.0000000000000000E+00
0.0000000000000000E+00
3.3231553957550264E-01
7.5464673688138750E-01
1.2365730282050882E+00
1.7479950617251532E+00
2.2866472267202940E+00
2.8457871899961429E+00
3.4192385235353835E+00
4.0000000000001874E+00
4.5807614764649855E+00
5.1542128100041964E+00
5.7133527732800182E+00
6.2520049382751095E+00
6.7634269717951314E+00
7.2453532631187532E+00
7.6676844604245620E+00
8.0000000000000000E+00
0.0000000000000000E+00
3.7231855860530161E-01
8.3164397239267962E-01
1.3022491978185560E+00
1.8039174465606866E+00
2.3286826815571078E+00
2.8740211724109379E+00
3.4333550136053881E+00
4.0000000000001812E+00
4.5666449863949765E+00
5.1259788275894040E+00
5.6713173184431991E+00
6.1960825534395836E+00
6.6977508021816643E+00
7.1683560276074720E+00
7.6276814413947660E+00
8.0000000000000000E+00
0.0000000000000000E+00
5.0755472720145001E-01
9.3178564088622295E-01
1.3934485060154957E+00
1.8735980568731896E+00
2.3813783478192923E+00
2.9086375608162029E+00
3.4506935325137773E+00
4.0000000000001839E+00
4.5493064674865815E+00
5.0913624391841310E+00
5.6186216521810088E+00
6.1264019431270818E+00
6.6065514939847292E+00
7.0682143591139264E+00
7.4924452727986308E+00
8.0000000000000000E+00
0.0000000000000000E+00
5.0314162528387552E-01
9.2592707639424354E-01
1.3868636547284772E+00
1.8671967140668624E+00
2.3758430233190784E+00
2.9045896734392200E+00
3.4485573107661263E+00
4.0000000000001723E+00
4.5514426892342197E+00
5.0954103265611081E+00
5.6241569766812196E+00
6.1328032859333934E+00
6.6131363452717276E+00
7.0740729236058986E+00
7.4968583747162016E+00
8.0000000000000000E+00
0.0000000000000000E+00
3.7037248920242405E-01
8.2795401487311782E-01
1.2977007286098563E+00
1.7991514053034718E+00
2.3243998840686029E+00
2.8708042322764902E+00
3.4316357302412395E+00
4.0000000000001714E+00
4.5683642697591145E+00
5.1291957677238376E+00
5.6756001159317035E+00
6.2008485946967875E+00
6.7022992713903555E+00
7.1720459851270197E+00
7.6296275107976506E+00
8.0000000000000000E+00
0.0000000000000000E+00
3.3182388081849579E-01
7.5297102066949484E-01
1.2337950569343672E+00
1.7447074397411433E+00
2.2834768955762086E+00
2.8433132039619631E+00
3.4178894167196776E+00
4.0000000000001856E+00
4.5821105832806781E+00
5.1566867960383762E+00
5.7165231044240921E+00
6.2552925602591216E+00
6.7662049430658380E+00
7.2470289793306426E+00
7.6681761191815658E+00
8.0000000000000000E+00
0.0000000000000000E+00
3.2039500094358769E-01
7.2645520694589161E-01
1.1961886292981496E+00
1.7096705243936048E+00
2.2545181801605443E+00
2.8232619938028778E+00
3.4076366804659415E+00
4.0000000000001883E+00
4.5923633195344262E+00
5.1767380061974579E+00
5.7454818198397613E+00
6.2903294756066499E+00
6.8038113707020500E+00
7.2735447930542438E+00
7.6796049990564841E+00
8.0000000000000000E+00
0.0000000000000000E+00
3.2027993380353015E-01
7.1711946059034193E-01
1.1788881777415552E+00
1.6890674180154202E+00
2.2365185797988718E+00
2.8100078418686913E+00
3.4007715228725566E+00
4.0000000000001918E+00
4.5992284771278049E+00
5.1899921581316519E+00
5.7634814202014306E+00
6.3109325819848259E+00
6.8211118222586427E+00
7.2828805394097893E+00
7.6797200661965395E+00
8.0000000000000000E+00
0.0000000000000000E+00
3.2213028152397805E-01
7.1511709767412079E-01
1.1717119139990386E+00
1.6794980601082536E+00
2.2270590180667806E+00
2.8027992027782256E+00
3.3969196951065261E+00
4.0000000000001892E+00
4.6030803048938393E+00
5.1972007972221093E+00
5.7729409819335213E+00
6.3205019398919919E+00
6.8282880860011614E+00
7.2848829023260047E+00
7.6778697184760905E+00
8.0000000000000000E+00
0.0000000000000000E+00
3.2324289851516758E-01
7.1510104817216613E-01
1.1700921053713051E+00
1.6767968952491830E+00
2.2242745432329225E+00
2.8005354029315326E+00
3.3957114798848154E+00
4.0000000000001803E+00
4.6042885201155404E+00
5.1994645970688023E+00
5.7757254567673622E+00
6.3232031047510633E+00
6.8299078946288816E+00
7.2848989518279534E+00
7.6767571014849061E+00
8.0000000000000000E+00
0.0000000000000000E+00
3.2213028152397877E-01
7.1511709767411991E-01
1.1717119139990391E+00
1.6794980601082550E+00
2.2270590180667811E+00
2.8027992027782154E+00
3.3969196951065199E+00
4.0000000000001705E+00
4.6030803048938376E+00
5.1972007972221093E+00
5.7729409819335160E+00
6.3205019398919902E+00
6.8282880860011579E+00
7.2848829023260011E+00
7.6778697184760940E+00
8.0000000000000000E+00
0.0000000000000000E+00
3.2027993380352998E-01
7.1711946059034160E-01
1.1788881777415547E+00
1.6890674180154215E+00
2.2365185797988647E+00
2.8100078418686825E+00
3.4007715228725561E+00
4.0000000000001785E+00
4.5992284771277987E+00
5.1899921581316582E+00
5.7634814202014208E+00
6.3109325819848303E+00
6.8211118222586338E+00
7.2828805394097822E+00
7.6797200661965395E+00
8.0000000000000000E+00
0.0000000000000000E+00
3.2039500094358747E-01
7.2645520694589083E-01
1.1961886292981476E+00
1.7096705243936068E+00
2.2545181801605443E+00
2.8232619938028716E+00
3.4076366804659393E+00
4.0000000000001803E+00
4.5923633195344236E+00
5.1767380061974615E+00
5.7454818198397604E+00
6.2903294756066472E+00
6.8038113707020536E+00
7.2735447930542430E+00
7.6796049990564850E+00
8.0000000000000000E+00
0.0000000000000000E+00
3.3182388081849551E-01
7.5297102066949473E-01
1.2337950569343650E+00
1.7447074397411442E+00
2.2834768955762086E+00
2.8433132039619617E+00
3.4178894167196803E+00
4.0000000000001759E+00
4.5821105832806808E+00
5.1566867960383789E+00
5.7165231044240867E+00
6.2552925602591181E+00
6.7662049430658371E+00
7.2470289793306435E+00
7.6681761191815783E+00
8.0000000000000000E+00
0.0000000000000000E+00
3.7037248920242422E-01
8.2795401487311615E-01
1.2977007286098552E+00
1.7991514053034714E+00
2.3243998840686042E+00
2.8708042322764906E+00
3.4316357302412470E+00
4.0000000000001732E+00
4.5683642697591154E+00
5.1291957677238340E+00
5.6756001159316973E+00
6.2008485946967848E+00
6.7022992713903555E+00
7.1720459851270180E+00
7.6296275107976461E+00
8.0000000000000000E+00
0.0000000000000000E+00
5.0314162528387674E-01
9.2592707639424265E-01
1.3868636547284749E+00
1.8671967140668599E+00
2.3758430233190788E+00
2.9045896734392165E+00
3.4485573107661360E+00
4.0000000000001767E+00
4.5514426892342197E+00
5.0954103265611073E+00
5.6241569766812143E+00
6.1328032859333979E+00
6.6131363452717320E+00
7.0740729236059066E+00
7.4968583747161990E+00
8.0000000000000000E+00
0.0000000000000000E+00
4.9616842595500849E-01
9.1655250337655769E-01
1.3762487066753690E+00
1.8568939501150064E+00
2.3670038633420525E+00
2.8981666826178265E+00
3.4451857579046479E+00
4.0000000000001634E+00
4.5548142420956950E+00
5.1018333173824990E+00
5.6329961366582442E+00
6.1431060498852457E+00
6.6237512933248359E+00
7.0834474966235881E+00
7.5038315740450683E+00
8.0000000000000000E+00
0.0000000000000000E+00
3.6711703316686733E-01
8.2163062914193430E-01
1.2898546930442525E+00
1.7909834784184462E+00
2.3171442962815005E+00
2.8654112008363959E+00
3.4287733051671507E+00
4.0000000000001785E+00
4.5712266948331974E+00
5.1345887991639403E+00
5.6828557037187970E+00
6.2090165215818161E+00
6.7101453069559502E+00
7.1783693708582099E+00
7.6328829668331970E+00
8.0000000000000000E+00
0.0000000000000000E+00
3.3042190330249294E-01
7.4922857401264775E-01
1.2281777014262560E+00
1.7383729073832141E+00
2.2775792423381129E+00
2.8388166929638645E+00
3.4154706493490568E+00
4.0000000000001776E+00
4.5845293506512999E+00
5.1611833070364650E+00
5.7224207576621851E+00
6.2616270926170436E+00
6.7718222985739480E+00
7.2507714259874909E+00
7.6695780966975740E+00
8.0000000000000000E+00
0.0000000000000000E+00
3.1994808625153298E-01
7.2421091008592864E-01
1.1922062662574922E+00
1.7047604848678264E+00
2.2497368900056238E+00
2.8195174880423242E+00
3.4055954484775786E+00
4.0000000000001865E+00
4.5944045515227749E+00
5.1804825119580125E+00
5.7502631099946688E+00
6.2952395151324305E+00
6.8077937337427112E+00
7.2757890899142090E+00
7.6800519137485317E+00
8.0000000000000000E+00
0.0000000000000000E+00
3.2031032632844336E-01
7.1574988468478795E-01
1.1759497338507117E+00
1.6851711276496451E+00
2.2325577469263682E+00
2.8068346326940055E+00
3.3990194477488904E+00
4.0000000000001776E+00
4.6009805522514649E+00
5.1931653673063263E+00
5.7674422530739280E+00
6.3148288723506028E+00
6.8240502661494880E+00
7.2842501153153503E+00
7.6796896736716249E+00
8.0000000000000000E+00
0.0000000000000000E+00
3.2237674042709885E-01
7.1418147089543726E-01
1.1693423380252475E+00
1.6761781329499836E+00
2.2235900134745372E+00
2.7999749802677179E+00
3.3953471034914497E+00
4.0000000000001839E+00
4.6046528965088989E+00
5.2000250197326139E+00
5.7764099865257501E+00
6.3238218670502668E+00
6.8306576619749428E+00
7.2858185291046986E+00
7.6776232595729716E+00
8.0000000000000000E+00
0.0000000000000000E+00
3.2354526220878677E-01
7.1429491286394897E-01
1.1678982146373962E+00
1.6736641521563387E+00
2.2209679012616355E+00
2.7978294942923205E+00
3.3941997884774793E+00
4.0000000000001767E+00
4.6058002115228645E+00
5.2021705057080005E+00
5.7790320987386545E+00
6.3263358478439073E+00
6.8321017853627817E+00
7.2857050871361642E+00
7.6764547377912793E+00
8.0000000000000000E+00
0.0000000000000000E+00
3.2237674042709885E-01
7.1418147089543738E-01
1.1693423380252477E+00
1.6761781329499830E+00
2.2235900134745350E+00
2.7999749802677183E+00
3.3953471034914444E+00
4.0000000000001803E+00
4.6046528965088971E+00
5.2000250197326094E+00
5.7764099865257519E+00
6.3238218670502659E+00
6.8306576619749402E+00
7.2858185291046933E+00
7.6776232595729654E+00
8.0000000000000000E+00
0.0000000000000000E+00
3.2031032632844325E-01
7.1574988468478840E-01
1.1759497338507108E+00
1.6851711276496455E+00
2.2325577469263687E+00
2.8068346326940037E+00
3.3990194477488855E+00
4.0000000000001750E+00
4.6009805522514649E+00
5.1931653673063147E+00
5.7674422530739271E+00
6.3148288723506001E+00
6.8240502661494880E+00
7.2842501153153485E+00
7.6796896736716223E+00
8.0000000000000000E+00
0.0000000000000000E+00
3.1994808625153287E-01
7.2421091008592775E-01
1.1922062662574904E+00
1.7047604848678242E+00
2.2497368900056256E+00
2.8195174880423224E+00
3.4055954484775777E+00
4.0000000000001812E+00
4.5944045515227740E+00
5.1804825119580062E+00
5.7502631099946688E+00
6.2952395151324199E+00
6.8077937337426979E+00
7.2757890899142055E+00
7.6800519137485335E+00
8.0000000000000000E+00
0.0000000000000000E+00
3.3042190330249277E-01
7.4922857401264642E-01
1.2281777014262543E+00
1.7383729073832130E+00
2.2775792423381147E+00
2.8388166929638632E+00
3.4154706493490585E+00
4.0000000000001856E+00
4.5845293506512954E+00
5.1611833070364641E+00
5.7224207576621797E+00
6.2616270926170321E+00
6.7718222985739400E+00
7.2507714259874820E+00
7.6695780966975757E+00
8.0000000000000000E+00
0.0000000000000000E+00
3.6711703316686733E-01
8.2163062914193297E-01
1.2898546930442516E+00
1.7909834784184455E+00
2.3171442962815019E+00
2.8654112008363959E+00
3.4287733051671538E+00
4.0000000000001847E+00
4.5712266948331974E+00
5.1345887991639412E+00
5.6828557037187863E+00
6.2090165215818098E+00
6.7101453069559458E+00
7.1783693708582081E+00
7.6328829668331952E+00
8.0000000000000000E+00
0.0000000000000000E+00
4.9616842595500837E-01
9.1655250337655703E-01
1.3762487066753684E+00
1.8568939501150088E+00
2.3670038633420547E+00
2.8981666826178283E+00
3.4451857579046501E+00
4.0000000000001741E+00
4.5548142420956941E+00
5.1018333173824946E+00
5.6329961366582335E+00
6.1431060498852448E+00
6.6237512933248306E+00
7.0834474966235783E+00
7.5038315740450656E+00
8.0000000000000000E+00
0.0000000000000000E+00
4.8595947558671609E-01
9.0215947889327175E-01
1.3597283198785661E+00
1.8409464049205422E+00
2.3534190714088132E+00
2.8883874755335075E+00
3.4400778767003359E+00
4.0000000000001741E+00
4.5599221233000113E+00
5.1116125244668202E+00
5.6465809285914847E+00
6.1590535950797118E+00
6.6402716801216446E+00
7.0978405211068685E+00
7.5140405244133746E+00
8.0000000000000000E+00
0.0000000000000000E+00
3.6143536904873014E-01
8.1083293794555722E-01
1.2765767714234662E+00
1.7774661637867506E+00
2.3053499847390451E+00
2.8567802610538404E+00
3.4242316475680910E+00
4.0000000000001741E+00
4.5757683524322603E+00
5.1432197389464864E+00
5.6946500152612591E+00
6.2225338362134952E+00
6.7234232285767472E+00
7.1891670620545796E+00
7.6385646309513495E+00
8.0000000000000000E+00
0.0000000000000000E+00
3.2691219852148740E-01
7.4160180279568255E-01
1.2175751339015575E+00
1.7270263571266991E+00
2.2673659417986398E+00
2.8312165912628542E+00
3.4114353236040320E+00
4.0000000000001741E+00
4.5885646763963139E+00
5.1687834087374753E+00
5.7326340582016604E+00
6.2729736428735476E+00
6.7824248660986424E+00
7.2583981972044480E+00
7.6730878014785855E+00
8.0000000000000000E+00
0.0000000000000000E+00
3.1754677725225666E-01
7.1834029823338519E-01
1.1835578799969462E+00
1.6951125667038072E+00
2.2408447744211033E+00
2.8127988914215818E+00
3.4020004581105696E+00
4.0000000000001714E+00
4.5979995418897754E+00
5.1872011085787397E+00
5.7591552255791987E+00
6.3048874332964369E+00
6.8164421200032486E+00
7.2816597017667544E+00
7.6824532227478119E+00
8.0000000000000000E+00
0.0000000000000000E+00
3.1840255854893640E-01
7.1082809085553744E-01
1.1684974957911900E+00
1.6767042481808800E+00
2.2246247811653777E+00
2.8007820110779189E+00
3.3957607442179012E+00
4.0000000000001741E+00
4.6042392557824465E+00
5.1992179889224008E+00
5.7753752188349106E+00
6.3232957518193560E+00
6.8315025042089976E+00
7.2891719091445966E+00
7.6815974414511334E+00
8.0000000000000000E+00
0.0000000000000000E+00
3.2067007756034099E-01
7.0971345609471337E-01
1.1625198109569452E+00
1.6683674700291380E+00
2.2162226699595715E+00
2.7943249109777795E+00
3.3922952316594031E+00
4.0000000000001723E+00
4.6077047683409367E+00
5.2056750890225292E+00
5.7837773300407180E+00
6.3316325299710989E+00
6.8374801890432426E+00
7.2902865439054230E+00
7.6793299224397336E+00
8.0000000000000000E+00
0.0000000000000000E+00
3.2189309370427843E-01
7.0995486418440445E-01
1.1612671589728112E+00
1.6660623478135523E+00
2.2137852341160711E+00
2.7923144842811594E+00
3.3912175710619370E+00
4.0000000000001696E+00
4.6087824289384010E+00
5.2076855157191497E+00
5.7862147658842114E+00
6.3339376521866768E+00
6.8387328410273787E+00
7.2900451358157214E+00
7.6781069062958034E+00
8.0000000000000000E+00
0.0000000000000000E+00
3.2067007756034099E-01
7.0971345609471326E-01
1.1625198109569457E+00
1.6683674700291384E+00
2.2162226699595737E+00
2.7943249109777795E+00
3.3922952316594017E+00
4.0000000000001750E+00
4.6077047683409393E+00
5.2056750890225336E+00
5.7837773300407074E+00
6.3316325299710972E+00
6.8374801890432506E+00
7.2902865439054105E+00
7.6793299224397371E+00
8.0000000000000000E+00
0.0000000000000000E+00
3.1840255854893623E-01
7.1082809085553822E-01
1.1684974957911909E+00
1.6767042481808827E+00
2.2246247811653790E+00
2.8007820110779180E+00
3.3957607442178981E+00
4.0000000000001812E+00
4.6042392557824456E+00
5.1992179889223991E+00
5.7753752188348955E+00
6.3232957518193524E+00
6.8315025042089967E+00
7.2891719091445841E+00
7.6815974414511334E+00
8.0000000000000000E+00
0.0000000000000000E+00
3.1754677725225638E-01
7.1834029823338585E-01
1.1835578799969462E+00
1.6951125667038067E+00
2.2408447744211011E+00
2.8127988914215827E+00
3.4020004581105674E+00
4.0000000000001821E+00
4.5979995418897843E+00
5.1872011085787362E+00
5.7591552255791836E+00
6.3048874332964253E+00
6.8164421200032397E+00
7.2816597017667410E+00
7.6824532227478208E+00
8.0000000000000000E+00
0.0000000000000000E+00
3.2691219852148673E-01
7.4160180279568333E-01
1.2175751339015555E+00
1.7270263571266966E+00
2.2673659417986376E+00
2.8312165912628555E+00
3.4114353236040391E+00
4.0000000000001705E+00
4.5885646763963130E+00
5.1687834087374718E+00
5.7326340582016435E+00
6.2729736428735405E+00
6.7824248660986219E+00
7.2583981972044471E+00
7.6730878014785793E+00
8.0000000000000000E+00
0.0000000000000000E+00
3.6143536904872897E-01
8.1083293794555755E-01
1.2765767714234637E+00
1.7774661637867493E+00
2.3053499847390460E+00
2.8567802610538453E+00
3.4242316475680954E+00
4.0000000000001741E+00
4.5757683524322585E+00
5.1432197389464731E+00
5.6946500152612458E+00
6.2225338362134872E+00
6.7234232285767241E+00
7.1891670620545707E+00
7.6385646309513380E+00
8.0000000000000000E+00
0.0000000000000000E+00
4.8595947558671543E-01
9.0215947889326986E-01
1.3597283198785617E+00
1.8409464049205397E+00
2.3534190714088137E+00
2.8883874755335115E+00
3.4400778767003413E+00
4.0000000000001732E+00
4.5599221232999998E+00
5.1116125244668114E+00
5.6465809285914714E+00
6.1590535950797030E+00
6.6402716801216188E+00
7.0978405211068720E+00
7.5140405244133595E+00
8.0000000000000000E+00
0.0000000000000000E+00
4.7008749842551395E-01
8.7945280035596696E-01
1.3343047138181343E+00
1.8167805637135592E+00
2.3332833533040946E+00
2.8740742234881838E+00
3.4326659355068143E+00
4.0000000000001670E+00
4.5673340644935188E+00
5.1259257765121395E+00
5.6667166466961998E+00
6.1832194362866897E+00
6.6656952861820677E+00
7.1205471996441689E+00
7.5299125015745583E+00
8.0000000000000000E+00
0.0000000000000000E+00
3.5186302891858356E-01
7.9263226836452538E-01
1.2548586766284240E+00
1.7559113157820350E+00
2.2870426121800174E+00
2.8436130211272537E+00
3.4173753831921210E+00
4.0000000000001750E+00
4.5826246168082196E+00
5.1563869788730736E+00
5.7129573878202793E+00
6.2440886842182204E+00
6.7451413233717723E+00
7.2073677316356139E+00
7.6481369710814802E+00
8.0000000000000000E+00
0.0000000000000000E+00
3.1988645440746671E-01
7.2725018480907244E-01
1.1989842089504341E+00
1.7079601777708311E+00
2.2508178567635899E+00
2.8191743114452512E+00
3.4051266810635972E+00
4.0000000000001741E+00
4.5948733189367443E+00
5.1808256885550694E+00
5.7491821432366947E+00
6.2920398222294107E+00
6.8010157910497595E+00
7.2727498151910570E+00
7.6801135455926026E+00
8.0000000000000000E+00
0.0000000000000000E+00
3.1151508793058774E-01
7.0581827895191684E-01
1.1671605394294016E+00
1.6779425148374731E+00
2.2257612407301628E+00
2.8017192970189200E+00
3.3961697192181450E+00
4.0000000000001696E+00
4.6038302807821925E+00
5.1982807029813971E+00
5.7742387592701192E+00
6.3220574851627669E+00
6.8328394605707832E+00
7.2941817210482167E+00
7.6884849120694829E+00
8.0000000000000000E+00
0.0000000000000000E+00
3.1270463867201814E-01
6.9922749085705560E-01
1.1533459682790181E+00
1.6608112613575456E+00
2.2105702830660254E+00
2.7904148570416876E+00
3.3902866121208870E+00
4.0000000000001767E+00
4.6097133878794425E+00
5.2095851429586260E+00
5.7894297169342570E+00
6.3391887386426919E+00
6.8466540317211679E+00
7.3007725091430782E+00
7.6872953613280481E+00
8.0000000000000000E+00
0.0000000000000000E+00
3.1507001018749103E-01
6.9847361769767224E-01
1.1479751600917902E+00
1.6531359698165198E+00
2.2027512358363843E+00
2.7843718772479802E+00
3.3870339427307261E+00
4.0000000000001776E+00
4.6129660572696007E+00
5.2156281227523404E+00
5.7972487641638901E+00
6.3468640301837169E+00
6.8520248399083927E+00
7.3015263823024581E+00
7.6849299898125727E+00
8.0000000000000000E+00
0.0000000000000000E+00
3.1628312081843535E-01
6.9880101451285326E-01
1.1468858566687956E+00
1.6510329498129035E+00
2.2004961969920185E+00
2.7824978336549946E+00
3.3860261896232084E+00
4.0000000000001714E+00
4.6139738103771153E+00
5.2175021663453212E+00
5.7995038030082569E+00
6.3489670501873272E+00
6.8531141433313776E+00
7.3011989854872912E+00
7.6837168791816257E+00
8.0000000000000000E+00
0.0000000000000000E+00
3.1507001018749153E-01
6.9847361769767269E-01
1.1479751600917911E+00
1.6531359698165224E+00
2.2027512358363834E+00
2.7843718772479806E+00
3.3870339427307283E+00
4.0000000000001688E+00
4.6129660572696043E+00
5.2156281227523325E+00
5.7972487641638919E+00
6.3468640301837178E+00
6.8520248399083856E+00
7.3015263823024545E+00
7.6849299898125754E+00
8.0000000000000000E+00
0.0000000000000000E+00
3.1270463867201842E-01
6.9922749085705582E-01
1.1533459682790190E+00
1.6608112613575476E+00
2.2105702830660223E+00
2.7904148570416867E+00
3.3902866121208932E+00
4.0000000000001723E+00
4.6097133878794496E+00
5.2095851429586295E+00
5.7894297169342526E+00
6.3391887386426902E+00
6.8466540317211582E+00
7.3007725091430684E+00
7.6872953613280472E+00
8.0000000000000000E+00
0.0000000000000000E+00
3.1151508793058746E-01
7.0581827895191718E-01
1.1671605394294025E+00
1.6779425148374754E+00
2.2257612407301628E+00
2.8017192970189209E+00
3.3961697192181499E+00
4.0000000000001803E+00
4.6038302807822014E+00
5.1982807029813998E+00
5.7742387592701121E+00
6.3220574851627687E+00
6.8328394605707707E+00
7.2941817210482105E+00
7.6884849120694811E+00
8.0000000000000000E+00
0.0000000000000000E+00
3.1988645440746616E-01
7.2725018480907078E-01
1.1989842089504350E+00
1.7079601777708289E+00
2.2508178567635913E+00
2.8191743114452534E+00
3.4051266810635981E+00
4.0000000000001723E+00
4.5948733189367559E+00
5.1808256885550668E+00
5.7491821432366903E+00
6.2920398222294107E+00
6.8010157910497488E+00
7.2727498151910526E+00
7.6801135455926017E+00
8.0000000000000000E+00
0.0000000000000000E+00
3.5186302891858312E-01
7.9263226836452350E-01
1.2548586766284202E+00
1.7559113157820312E+00
2.2870426121800169E+00
2.8436130211272590E+00
3.4173753831921223E+00
4.0000000000001767E+00
4.5826246168082276E+00
5.1563869788730656E+00
5.7129573878202615E+00
6.2440886842182115E+00
6.7451413233717652E+00
7.2073677316356113E+00
7.6481369710814837E+00
8.0000000000000000E+00
0.0000000000000000E+00
4.7008749842551351E-01
8.7945280035596463E-01
1.3343047138181301E+00
1.8167805637135570E+00
2.3332833533040964E+00
2.8740742234881851E+00
3.4326659355068179E+00
4.0000000000001705E+00
4.5673340644935276E+00
5.1259257765121271E+00
5.6667166466961820E+00
6.1832194362866790E+00
6.6656952861820598E+00
7.1205471996441698E+00
7.5299125015745636E+00
8.0000000000000000E+00
0.0000000000000000E+00
4.4384150596433103E-01
8.4406564750906188E-01
1.2951452135745944E+00
1.7812472590752930E+00
2.3042715200322861E+00
2.8538262836436492E+00
3.4222635197321902E+00
4.0000000000001723E+00
4.5777364802681353E+00
5.1461737163566630E+00
5.6957284799679897E+00
6.2187527409249492E+00
6.7048547864256012E+00
7.1559343524910748E+00
7.5561584940357420E+00
8.0000000000000000E+00
0.0000000000000000E+00
3.3387873291684994E-01
7.6228669604854304E-01
1.2199384252909535E+00
1.7231506474026508E+00
2.2599910096992186E+00
2.8245625602869109E+00
3.4075575833987801E+00
4.0000000000001696E+00
4.5924424166015534E+00
5.1754374397133995E+00
5.7400089903010674E+00
6.2768493525975879E+00
6.7800615747092428E+00
7.2377133039515833E+00
7.6661212670832173E+00
8.0000000000000000E+00
0.0000000000000000E+00
3.0440178441959542E-01
7.0116715523319639E-01
1.1674926122409091E+00
1.6778019558040407E+00
2.2255488862295922E+00
2.8012453923950473E+00
3.3958470205131337E+00
4.0000000000001625E+00
4.6041529794871963E+00
5.1987546076052675E+00
5.7744511137706906E+00
6.3221980441961998E+00
6.8325073877592812E+00
7.2988328447669319E+00
7.6955982155804747E+00
8.0000000000000000E+00
0.0000000000000000E+00
2.9695094658880516E-01
6.8162537763084896E-01
1.1379333273338752E+00
1.6496509906396264E+00
2.2018904689079819E+00
2.7846809523162142E+00
3.3873281454922157E+00
4.0000000000001741E+00
4.6126718545081200E+00
5.2153190476840958E+00
5.7981095310922930E+00
6.3503490093606043E+00
6.8620666726663124E+00
7.3183746223692818E+00
7.7030490534112666E+00
8.0000000000000000E+00
0.0000000000000000E+00
2.9835823809945172E-01
6.7570807174827108E-01
1.1252086801696044E+00
1.6336452451947248E+00
2.1875970672794609E+00
2.7739842799709580E+00
3.3817473053991205E+00
4.0000000000001634E+00
4.6182526946012148E+00
5.2260157200293511E+00
5.8124029327208113E+00
6.3663547548055011E+00
6.8747913198305781E+00
7.3242919282518599E+00
7.7016417619006186E+00
8.0000000000000000E+00
0.0000000000000000E+00
3.0064045866708139E-01
6.7514433457589751E-01
1.1202817274946781E+00
1.6264955888266912E+00
2.1802452967150714E+00
2.7682706921876274E+00
3.3786629228609328E+00
4.0000000000001661E+00
4.6213370771394011E+00
5.2317293078126692E+00
5.8197547032852048E+00
6.3735044111735366E+00
6.8797182725055066E+00
7.3248556654242325E+00
7.6993595413329885E+00
8.0000000000000000E+00
0.0000000000000000E+00
3.0185256300610575E-01
6.7551809127418272E-01
1.1193237173063972E+00
1.6245469192330213E+00
2.1781313465538581E+00
2.7664991722557146E+00
3.3777074712039656E+00
4.0000000000001634E+00
4.6222925287963648E+00
5.2335008277445931E+00
5.8218686534464092E+00
6.3754530807672065E+00
6.8806762826937868E+00
7.3244819087259438E+00
7.6981474369939713E+00
8.0000000000000000E+00
0.0000000000000000E+00
3.0064045866708150E-01
6.7514433457589806E-01
1.1202817274946806E+00
1.6264955888266905E+00
2.1802452967150732E+00
2.7682706921876292E+00
3.3786629228609373E+00
4.0000000000001688E+00
4.6213370771394029E+00
5.2317293078126710E+00
5.8197547032852093E+00
6.3735044111735446E+00
6.8797182725055128E+00
7.3248556654242343E+00
7.6993595413329929E+00
8.0000000000000000E+00
0.0000000000000000E+00
2.9835823809945194E-01
6.7570807174827263E-01
1.1252086801696066E+00
1.6336452451947236E+00
2.1875970672794622E+00
2.7739842799709566E+00
3.3817473053991218E+00
4.0000000000001679E+00
4.6182526946012157E+00
5.2260157200293511E+00
5.8124029327208175E+00
6.3663547548055259E+00
6.8747913198305799E+00
7.3242919282518528E+00
7.7016417619006106E+00
8.0000000000000000E+00
0.0000000000000000E+00
2.9695094658880539E-01
6.8162537763084952E-01
1.1379333273338768E+00
1.6496509906396264E+00
2.2018904689079819E+00
2.7846809523162124E+00
3.3873281454922179E+00
4.0000000000001723E+00
4.6126718545081244E+00
5.2153190476840940E+00
5.7981095310923081E+00
6.3503490093606070E+00
6.8620666726663098E+00
7.3183746223692667E+00
7.7030490534112639E+00
8.0000000000000000E+00
0.0000000000000000E+00
3.0440178441959576E-01
7.0116715523319684E-01
1.1674926122409077E+00
1.6778019558040387E+00
2.2255488862295936E+00
2.8012453923950469E+00
3.3958470205131395E+00
4.0000000000001759E+00
4.6041529794872069E+00
5.1987546076052675E+00
5.7744511137706915E+00
6.3221980441961998E+00
6.8325073877592724E+00
7.2988328447669302E+00
7.6955982155804667E+00
8.0000000000000000E+00
0.0000000000000000E+00
3.3387873291684994E-01
7.6228669604854271E-01
1.2199384252909520E+00
1.7231506474026503E+00
2.2599910096992200E+00
2.8245625602869140E+00
3.4075575833987841E+00
4.0000000000001705E+00
4.5924424166015649E+00
5.1754374397133960E+00
5.7400089903010603E+00
6.2768493525975817E+00
6.7800615747092348E+00
7.2377133039515780E+00
7.6661212670832191E+00
8.0000000000000000E+00
0.0000000000000000E+00
4.4384150596433075E-01
8.4406564750906166E-01
1.2951452135745931E+00
1.7812472590752921E+00
2.3042715200322861E+00
2.8538262836436528E+00
3.4222635197321960E+00
4.0000000000001785E+00
4.5777364802681406E+00
5.1461737163566594E+00
5.6957284799679817E+00
6.2187527409249475E+00
6.7048547864255879E+00
7.1559343524910721E+00
7.5561584940357367E+00
8.0000000000000000E+00
0.0000000000000000E+00
4.0173001556126980E-01
7.8552393374227270E-01
1.2386456009405762E+00
1.7318281161680602E+00
2.2652227632839526E+00
2.8269507454814233E+00
3.4085791660526579E+00
4.0000000000001554E+00
4.5914208339476614E+00
5.1730492545188733E+00
5.7347772367163143E+00
6.2681718838321752E+00
6.7613543990596092E+00
7.2144760662578564E+00
7.5982699844387982E+00
8.0000000000000000E+00
0.0000000000000000E+00
3.0104231325484176E-01
7.0809001704197272E-01
1.1666506972310886E+00
1.6757008283972341E+00
2.2223027949595870E+00
2.7985078451429390E+00
3.3942760908458052E+00
4.0000000000001616E+00
4.6057239091545172E+00
5.2014921548573643E+00
5.7776972050406856E+00
6.3242991716030073E+00
6.8333493027690970E+00
7.2919099829581624E+00
7.6989576867452181E+00
8.0000000000000000E+00
0.0000000000000000E+00
2.7324000129704507E-01
6.5213987161058617E-01
1.1171695407452982E+00
1.6324310859311706E+00
2.1891895075068226E+00
2.7759931250045256E+00
3.3829474726498221E+00
4.0000000000001643E+00
4.6170525273505083E+00
5.2240068749957800E+00
5.8108104924934567E+00
6.3675689140690599E+00
6.8828304592548921E+00
7.3478601283895379E+00
7.7267599987030167E+00
8.0000000000000000E+00
0.0000000000000000E+00
2.6608809366408609E-01
6.3325876609845444E-01
1.0889453193826586E+00
1.6052233530369970E+00
2.1662378235533235E+00
2.7598595968030897E+00
3.3746376545294874E+00
4.0000000000001723E+00
4.6253623454708421E+00
5.2401404031972225E+00
5.8337621764469514E+00
6.3947766469632406E+00
6.9110546806175259E+00
7.3667412339016787E+00
7.7339119063359769E+00
8.0000000000000000E+00
0.0000000000000000E+00
2.6705902048002439E-01
6.2750948458322664E-01
1.0765370227957141E+00
1.5896736075121516E+00
2.1522246587368108E+00
2.7493542708268097E+00
3.3691397662232339E+00
4.0000000000001679E+00
4.6308602337770983E+00
5.2506457291734954E+00
5.8477753412634685E+00
6.4103263924880798E+00
6.9234629772044727E+00
7.3724905154168976E+00
7.7329409795200386E+00
8.0000000000000000E+00
0.0000000000000000E+00
2.6927693497236627E-01
6.2693628126012158E-01
1.0717208785346017E+00
1.5826025324153807E+00
2.1449493377818638E+00
2.7436776128622404E+00
3.3660728962380468E+00
4.0000000000001714E+00
4.6339271037622867E+00
5.2563223871380700E+00
5.8550506622184040E+00
6.4173974675848555E+00
6.9282791214655850E+00
7.3730637187400152E+00
7.7307230650277008E+00
8.0000000000000000E+00
0.0000000000000000E+00
2.7035803057746616E-01
6.2724473874443254E-01
1.0707010811376909E+00
1.5806420179202592E+00
2.1428213263153375E+00
2.7419084303917352E+00
3.3651152415849386E+00
4.0000000000001750E+00
4.6348847584154029E+00
5.2580915696085757E+00
5.8571786736849214E+00
6.4193579820799682E+00
6.9292989188625169E+00
7.3727552612557048E+00
7.7296419694226062E+00
8.0000000000000000E+00
0.0000000000000000E+00
2.6927693497236643E-01
6.2693628126012202E-01
1.0717208785346011E+00
1.5826025324153818E+00
2.1449493377818625E+00
2.7436776128622409E+00
3.3660728962380464E+00
4.0000000000001785E+00
4.6339271037622920E+00
5.2563223871380718E+00
5.8550506622184031E+00
6.4173974675848608E+00
6.9282791214656001E+00
7.3730637187400152E+00
7.7307230650276981E+00
8.0000000000000000E+00
0.0000000000000000E+00
2.6705902048002483E-01
6.2750948458322797E-01
1.0765370227957145E+00
1.5896736075121516E+00
2.1522246587368095E+00
2.7493542708268093E+00
3.3691397662232334E+00
4.0000000000001723E+00
4.6308602337771081E+00
5.2506457291734998E+00
5.8477753412634685E+00
6.4103263924880878E+00
6.9234629772044824E+00
7.3724905154168967E+00
7.7329409795200394E+00
8.0000000000000000E+00
0.0000000000000000E+00
2.6608809366408687E-01
6.3325876609845611E-01
1.0889453193826599E+00
1.6052233530369981E+00
2.1662378235533253E+00
2.7598595968030883E+00
3.3746376545294887E+00
4.0000000000001776E+00
4.6253623454708501E+00
5.2401404031972287E+00
5.8337621764469567E+00
6.3947766469632485E+00
6.9110546806175304E+00
7.3667412339016733E+00
7.7339119063359734E+00
8.0000000000000000E+00
0.0000000000000000E+00
2.7324000129704568E-01
6.5213987161058773E-01
1.1171695407453006E+00
1.6324310859311739E+00
2.1891895075068244E+00
2.7759931250045287E+00
3.3829474726498256E+00
4.0000000000001714E+00
4.6170525273505145E+00
5.2240068749957871E+00
5.8108104924934594E+00
6.3675689140690661E+00
6.8828304592548921E+00
7.3478601283895326E+00
7.7267599987030149E+00
8.0000000000000000E+00
0.0000000000000000E+00
3.0104231325484232E-01
7.0809001704197383E-01
1.1666506972310904E+00
1.6757008283972341E+00
2.2223027949595870E+00
2.7985078451429404E+00
3.3942760908458109E+00
4.0000000000001723E+00
4.6057239091545261E+00
5.2014921548573758E+00
5.7776972050406847E+00
6.3242991716030055E+00
6.8333493027690935E+00
7.2919099829581535E+00
7.6989576867452154E+00
8.0000000000000000E+00
0.0000000000000000E+00
4.0173001556127041E-01
7.8552393374227369E-01
1.2386456009405777E+00
1.7318281161680618E+00
2.2652227632839539E+00
2.8269507454814229E+00
3.4085791660526663E+00
4.0000000000001714E+00
4.5914208339476703E+00
5.1730492545188804E+00
5.7347772367163179E+00
6.2681718838321663E+00
6.7613543990596066E+00
7.2144760662578546E+00
7.5982699844387973E+00
8.0000000000000000E+00
0.0000000000000000E+00
3.1204058877263569E-01
7.0652650131023442E-01
1.1627286676468045E+00
1.6685867798670562E+00
2.2157515619838795E+00
2.7932569975572519E+00
3.3914834031667787E+00
4.0000000000001670E+00
4.6085165968335389E+00
5.2067430024430550E+00
5.7842484380163910E+00
6.3314132201331743E+00
6.8372713323533745E+00
7.2934734986898917E+00
7.6879594112274257E+00
8.0000000000000000E+00
0.0000000000000000E+00
2.1942593048787998E-01
6.2818276434315501E-01
1.0921339557382099E+00
1.6130938536223349E+00
2.1736255743591575E+00
2.7653208293308178E+00
3.3774622798878617E+00
4.0000000000001688E+00
4.6225377201124607E+00
5.2346791706694864E+00
5.8263744256411174E+00
6.3869061463778918E+00
6.9078660442619730E+00
7.3718172356569607E+00
7.7805740695121770E+00
8.0000000000000000E+00
0.0000000000000000E+00
1.8905787304014318E-01
5.7178395435989571E-01
1.0411060536774506E+00
1.5692629037324766E+00
2.1400313366493129E+00
2.7425998720988485E+00
3.3660309634938774E+00
4.0000000000001679E+00
4.6339690365064481E+00
5.2574001279014571E+00
5.8599686633509647E+00
6.4307370962677588E+00
6.9588939463227240E+00
7.4282160456402222E+00
7.8109421269599144E+00
8.0000000000000000E+00
0.0000000000000000E+00
1.8128361597613929E-01
5.5070884830901512E-01
1.0111860377344297E+00
1.5402596061442051E+00
2.1158588934468026E+00
2.7256227181027035E+00
3.3573217734432563E+00
4.0000000000001616E+00
4.6426782265570727E+00
5.2743772818975971E+00
5.8841411065534794E+00
6.4597403938560278E+00
6.9888139622657492E+00
7.4492911516911038E+00
7.8187163840239142E+00
8.0000000000000000E+00
0.0000000000000000E+00
1.8289141027362416E-01
5.4432593675407281E-01
9.9746314300208572E-01
1.5233246123115682E+00
2.1006346110208773E+00
2.7142869717627174E+00
3.3513992240879018E+00
4.0000000000001688E+00
4.6486007759124250E+00
5.2857130282375930E+00
5.8993653889793984E+00
6.4766753876886680E+00
7.0025368569980939E+00
7.4556740632460539E+00
7.8171085897264261E+00
8.0000000000000000E+00
0.0000000000000000E+00
1.8566522784976669E-01
5.4367989511349324E-01
9.9212890343035176E-01
1.5154814957526352E+00
2.0926583552344944E+00
2.7080772070527881E+00
3.3480601324780088E+00
4.0000000000001625E+00
4.6519398675223247E+00
5.2919227929475205E+00
5.9073416447657818E+00
6.4845185042475970E+00
7.0078710965698301E+00
7.4563201048866317E+00
7.8143347721502909E+00
8.0000000000000000E+00
0.0000000000000000E+00
1.8712534690774607E-01
5.4409083467016450E-01
9.9102113481833454E-01
1.5132993087164193E+00
2.0902825636570368E+00
2.7061133685127250E+00
3.3469964183829388E+00
4.0000000000001661E+00
4.6530035816173942E+00
5.2938866314875970E+00
5.9097174363432403E+00
6.4867006912838043E+00
7.0089788651818425E+00
7.4559091653299578E+00
7.8128746530923090E+00
8.0000000000000000E+00
0.0000000000000000E+00
1.8566522784976705E-01
5.4367989511349402E-01
9.9212890343035176E-01
1.5154814957526350E+00
2.0926583552344944E+00
2.7080772070527885E+00
3.3480601324780128E+00
4.0000000000001670E+00
4.6519398675223309E+00
5.2919227929475268E+00
5.9073416447657854E+00
6.4845185042475952E+00
7.0078710965698363E+00
7.4563201048866352E+00
7.8143347721502963E+00
8.0000000000000000E+00
0.0000000000000000E+00
1.8289141027362496E-01
5.4432593675407304E-01
9.9746314300208649E-01
1.5233246123115651E+00
2.1006346110208778E+00
2.7142869717627152E+00
3.3513992240879067E+00
4.0000000000001732E+00
4.6486007759124313E+00
5.2857130282376037E+00
5.8993653889793958E+00
6.4766753876886831E+00
7.0025368569981037E+00
7.4556740632460583E+00
7.8171085897264359E+00
8.0000000000000000E+00
0.0000000000000000E+00
1.8128361597614043E-01
5.5070884830901701E-01
1.0111860377344304E+00
1.5402596061442047E+00
2.1158588934468012E+00
2.7256227181027035E+00
3.3573217734432590E+00
4.0000000000001723E+00
4.6426782265570763E+00
5.2743772818976087E+00
5.8841411065534688E+00
6.4597403938560349E+00
6.9888139622657679E+00
7.4492911516911100E+00
7.8187163840239196E+00
8.0000000000000000E+00
0.0000000000000000E+00
1.8905787304014476E-01
5.7178395435989804E-01
1.0411060536774532E+00
1.5692629037324719E+00
2.1400313366493116E+00
2.7425998720988449E+00
3.3660309634938819E+00
4.0000000000001723E+00
4.6339690365064472E+00
5.2574001279014553E+00
5.8599686633509531E+00
6.4307370962677641E+00
6.9588939463227328E+00
7.4282160456402320E+00
7.8109421269599046E+00
8.0000000000000000E+00
0.0000000000000000E+00
2.1942593048788192E-01
6.2818276434315812E-01
1.0921339557382133E+00
1.6130938536223371E+00
2.1736255743591575E+00
2.7653208293308214E+00
3.3774622798878693E+00
4.0000000000001696E+00
4.6225377201124660E+00
5.2346791706694793E+00
5.8263744256411156E+00
6.3869061463778953E+00
6.9078660442619713E+00
7.3718172356569553E+00
7.7805740695121699E+00
8.0000000000000000E+00
0.0000000000000000E+00
3.1204058877263796E-01
7.0652650131023642E-01
1.1627286676468083E+00
1.6685867798670577E+00
2.2157515619838803E+00
2.7932569975572572E+00
3.3914834031667862E+00
4.0000000000001714E+00
4.6085165968335442E+00
5.2067430024430479E+00
5.7842484380163866E+00
6.3314132201331823E+00
6.8372713323533736E+00
7.2934734986898890E+00
7.6879594112274159E+00
8.0000000000000000E+00
