0.0000000000000000E+00
2.0956240337239338E+00
4.0523807281711601E+00
6.2054635926993678E+00
8.5086853371439197E+00
1.0950156049691206E+01
1.3499969527959987E+01
1.6124631807353452E+01
1.8787622647327481E+01
2.1451166844612203E+01
2.4077382300706951E+01
2.6629404838159552E+01
2.9072582407474179E+01
3.1375423321328086E+01
3.3510694119010147E+01
3.5437857822477994E+01
3.6992367172771246E+01
0.0000000000000000E+00
1.5686257098283660E+00
3.6416754586350231E+00
5.8573435670631806E+00
8.2333943465312647E+00
1.0744115749612998E+01
1.3362605593539033E+01
1.6055538575702581E+01
1.8786715399428438E+01
2.1518470002943765E+01
2.4213044109333989E+01
2.6833837795516089E+01
2.9346671839848032E+01
3.1721025531567165E+01
3.3927691892648475E+01
3.5924023516855783E+01
3.7512697375447928E+01
0.0000000000000000E+00
1.4456007122732921E+00
3.3825637075015562E+00
5.6105832202163226E+00
8.0221359562290147E+00
1.0581049526898454E+01
1.3252011299726794E+01
1.5999421818271307E+01
1.8785806632768526E+01
2.1572736687848977E+01
2.4321666999487132E+01
2.6994719043967621E+01
2.9555081361170515E+01
3.1965551455709928E+01
3.4181453053097769E+01
3.6117011977970066E+01
3.7649661825627561E+01
0.0000000000000000E+00
1.4298235222409597E+00
3.2881018358364358E+00
5.4704754645264089E+00
7.8840629937419457E+00
1.0465891531332179E+01
1.3170837981443354E+01
1.5957356190634480E+01
1.8784889442166133E+01
2.1612912362003144E+01
2.4400814944117048E+01
2.7107709186017924E+01
2.9691491890351088E+01
3.2105914675355415E+01
3.4292320069773105E+01
3.6175395744312119E+01
3.7680762421800168E+01
0.0000000000000000E+00
1.4425544727943280E+00
3.2641561282366616E+00
5.4092167088298408E+00
7.8073865167273597E+00
1.0394890347389961E+01
1.3117900389671242E+01
1.5929113516496646E+01
1.8784082679005298E+01
2.1639518735518028E+01
2.4452122129121612E+01
2.7177466422909141E+01
2.9768421648505168E+01
3.2172625012143321E+01
3.4330778875676408E+01
3.6180489810395798E+01
3.7670490011315145E+01
0.0000000000000000E+00
1.4573257976727469E+00
3.2640737122797310E+00
5.3875603739290723E+00
7.7723929985207141E+00
1.0358372889204439E+01
1.3089068128980143E+01
1.5913262254634358E+01
1.8783532134418067E+01
2.1654278646704846E+01
2.4479991032923142E+01
2.7213592023202580E+01
2.9804810195452180E+01
3.2199177753754235E+01
3.4339313870299385E+01
3.6170806436203293E+01
3.7653050911943730E+01
0.0000000000000000E+00
1.4632419859029104E+00
3.2661575368454376E+00
5.3827777325386306E+00
7.7626654250759168E+00
1.0347394452898065E+01
1.3080044890282878E+01
1.5908206365933097E+01
1.8783337342277072E+01
2.1658955862170878E+01
2.4488705718306878E+01
2.7224544508056781E+01
2.9815222346291574E+01
3.2205820236151517E+01
3.4339889179104055E+01
3.6165614125121500E+01
3.7645465973680153E+01
0.0000000000000000E+00
1.4573257976727465E+00
3.2640737122797288E+00
5.3875603739290741E+00
7.7723929985207150E+00
1.0358372889204439E+01
1.3089068128980140E+01
1.5913262254634352E+01
1.8783532134418063E+01
2.1654278646704824E+01
2.4479991032923145E+01
2.7213592023202601E+01
2.9804810195452180E+01
3.2199177753754242E+01
3.4339313870299399E+01
3.6170806436203286E+01
3.7653050911943730E+01
0.0000000000000000E+00
1.4425544727943280E+00
3.2641561282366602E+00
5.4092167088298400E+00
7.8073865167273571E+00
1.0394890347389953E+01
1.3117900389671236E+01
1.5929113516496638E+01
1.8784082679005287E+01
2.1639518735518017E+01
2.4452122129121609E+01
2.7177466422909148E+01
2.9768421648505168E+01
3.2172625012143314E+01
3.4330778875676408E+01
3.6180489810395812E+01
3.7670490011315138E+01
0.0000000000000000E+00
1.4298235222409610E+00
3.2881018358364322E+00
5.4704754645264071E+00
7.8840629937419449E+00
1.0465891531332177E+01
1.3170837981443350E+01
1.5957356190634469E+01
1.8784889442166126E+01
2.1612912362003126E+01
2.4400814944117052E+01
2.7107709186017910E+01
2.9691491890351063E+01
3.2105914675355393E+01
3.4292320069773098E+01
3.6175395744312127E+01
3.7680762421800189E+01
0.0000000000000000E+00
1.4456007122732919E+00
3.3825637075015549E+00
5.6105832202163217E+00
8.0221359562290164E+00
1.0581049526898454E+01
1.3252011299726789E+01
1.5999421818271296E+01
1.8785806632768519E+01
2.1572736687848966E+01
2.4321666999487125E+01
2.6994719043967581E+01
2.9555081361170476E+01
3.1965551455709882E+01
3.4181453053097748E+01
3.6117011977970080E+01
3.7649661825627597E+01
0.0000000000000000E+00
1.5686257098283651E+00
3.6416754586350208E+00
5.8573435670631797E+00
8.2333943465312647E+00
1.0744115749612995E+01
1.3362605593539024E+01
1.6055538575702567E+01
1.8786715399428420E+01
2.1518470002943754E+01
2.4213044109333961E+01
2.6833837795516036E+01
2.9346671839847989E+01
3.1721025531567118E+01
3.3927691892648447E+01
3.5924023516855812E+01
3.7512697375447964E+01
0.0000000000000000E+00
2.0956240337239329E+00
4.0523807281711566E+00
6.2054635926993660E+00
8.5086853371439162E+00
1.0950156049691197E+01
1.3499969527959978E+01
1.6124631807353438E+01
1.8787622647327456E+01
2.1451166844612175E+01
2.4077382300706923E+01
2.6629404838159495E+01
2.9072582407474130E+01
3.1375423321328039E+01
3.3510694119010125E+01
3.5437857822478016E+01
3.6992367172771289E+01
