0.0000000000000000E+00
1.4061498858004717E-01
2.4829485318094899E-01
3.5328413893334337E-01
4.5491630113193110E-01
5.5775844116276529E-01
6.6166883414835853E-01
7.6761072077666304E-01
8.7554738043873559E-01
9.8574066662426640E-01
1.0981326108621416E+00
1.2127938481186469E+00
1.3296446406876847E+00
1.4486781694071271E+00
1.5698016930793268E+00
1.6929676385812269E+00
1.8180749187870398E+00
1.9450510486458774E+00
2.0737887566006910E+00
2.2041988737113489E+00
2.3361691057535339E+00
2.4695984778504982E+00
2.6043704887204333E+00
2.7403755673935000E+00
2.8774937199007788E+00
3.0156090709929502E+00
3.1545988303112149E+00
3.2943425590107163E+00
3.4347153743183498E+00
3.5755936596695510E+00
3.7168511617144424E+00
3.8583622329142901E+00
4.0000000000005445E+00
4.1416377670867925E+00
4.2831488382866292E+00
4.4244063403315179E+00
4.5652846256827093E+00
4.7056574409903327E+00
4.8454011696898114E+00
4.9843909290080575E+00
5.1225062801002057E+00
5.2596244326074579E+00
5.3956295112804940E+00
5.5304015221503962E+00
5.6638308942473312E+00
5.7958011262894837E+00
5.9262112434001057E+00
6.0549489513548931E+00
6.1819250812136914E+00
6.3070323614194610E+00
6.4301983069213220E+00
6.5513218305934702E+00
6.6703553593128673E+00
6.7872061518818718E+00
6.9018673891383342E+00
7.0142593333761702E+00
7.1244526195616453E+00
7.2323892792236686E+00
7.3383311658519226E+00
7.4422415588374706E+00
7.5450836988682548E+00
7.6467158610668040E+00
7.7517051468191536E+00
7.8593850114200068E+00
8.0000000000000000E+00
0.0000000000000000E+00
1.0101787019331329E-01
2.1385520795797192E-01
3.1855392184895120E-01
4.2320230009809351E-01
5.2774650328506267E-01
6.3360000387334825E-01
7.4108539681976848E-01
8.5053252497578946E-01
9.6206170305642813E-01
1.0757489789973600E+00
1.1916101758347790E+00
1.3096328236530828E+00
1.4297807179974988E+00
1.5520001393435181E+00
1.6762257823331732E+00
1.8023806531303739E+00
1.9303811341492776E+00
2.0601352544742895E+00
2.1915467782011322E+00
2.3245132335080196E+00
2.4589291724127786E+00
2.5946843987538046E+00
2.7316665465574577E+00
2.8697596360622772E+00
3.0088460873216150E+00
3.1488056253916676E+00
3.2895168185814825E+00
3.4308563189646337E+00
3.5726999932043069E+00
3.7149224780079968E+00
3.8573979538261649E+00
4.0000000000005498E+00
4.1426020461749209E+00
4.2850775219930810E+00
4.4273000067967665E+00
4.5691436810364321E+00
4.7104831814195673E+00
4.8511943746093644E+00
4.9911539126793949E+00
5.1302403639387126E+00
5.2683334534435025E+00
5.4053156012471257E+00
5.5410708275881202E+00
5.6754867664928490E+00
5.8084532217997031E+00
5.9398647455265134E+00
6.0696188658514929E+00
6.1976193468703595E+00
6.3237742176675171E+00
6.4479998606571289E+00
6.5702192820030989E+00
6.6903671763474719E+00
6.8083898241657375E+00
6.9242510210031183E+00
7.0379382969440041E+00
7.1494674750245917E+00
7.2589146031805605E+00
7.3663999961269315E+00
7.4722534967151644E+00
7.5767976999020892E+00
7.6814460781511853E+00
7.7861447920421192E+00
7.8989821298067291E+00
8.0000000000000000E+00
0.0000000000000000E+00
8.5059257493889900E-02
1.8405662831750433E-01
2.8922107750720799E-01
3.9414792336090554E-01
5.0007890420679646E-01
6.0725013062805511E-01
7.1606766275077971E-01
8.2678915859113833E-01
9.3953415607828716E-01
1.0543913337212434E+00
1.1713755663035974E+00
1.2904877289336478E+00
1.4116927315109518E+00
1.5349458230286837E+00
1.6601832817685667E+00
1.7873339138318389E+00
1.9163155207540923E+00
2.0470399057868787E+00
2.1794119508602963E+00
2.3133316610880961E+00
2.4486944244743394E+00
2.5853916769654517E+00
2.7233116621780251E+00
2.8623394755901805E+00
3.0023579767133932E+00
3.1432475980903525E+00
3.2848872264269526E+00
3.4271539814898491E+00
3.5699239693892850E+00
3.7130721439622820E+00
3.8564728840081410E+00
4.0000000000005453E+00
4.1435271159929483E+00
4.2869278560388011E+00
4.4300760306117883E+00
4.5728460185112167E+00
4.7151127735740994E+00
4.8567524019106827E+00
4.9976420232876215E+00
5.1376605244108120E+00
5.2766883378229386E+00
5.4146083230354831E+00
5.5513055755265599E+00
5.6866683389127779E+00
5.8205880491405431E+00
5.9529600942139291E+00
6.0836844792466822E+00
6.2126660861688929E+00
6.3398167182321252E+00
6.4650541769719618E+00
6.5883072684896469E+00
6.7095122710669042E+00
6.8286244336969197E+00
6.9456086662792318E+00
7.0604658439221426E+00
7.1732108414092393E+00
7.2839323372495484E+00
7.3927498693722189E+00
7.4999210957934261E+00
7.6058520766392714E+00
7.7107789224929189E+00
7.8159433716825779E+00
7.9149407425061495E+00
8.0000000000000000E+00
0.0000000000000000E+00
7.6584530859099317E-02
1.6778779487621637E-01
2.6725769190390686E-01
3.7068628224454253E-01
4.7620881830725575E-01
5.8382079462192127E-01
6.9334042608247271E-01
8.0493590295804107E-01
9.1860560656625745E-01
1.0344200570749549E+00
1.1523622583153352E+00
1.2724329030609280E+00
1.3945866579673780E+00
1.5187821592883122E+00
1.6449519775317156E+00
1.7730283237189823E+00
1.9029275772046075E+00
2.0345642426469563E+00
2.1678426467377414E+00
2.3026647828419247E+00
2.4389258253409496E+00
2.5765186249954817E+00
2.7153313485166204E+00
2.8552500773381606E+00
2.9961576510272758E+00
3.1379351771051032E+00
3.2804615516416802E+00
3.4236143477756125E+00
3.5672697059949940E+00
3.7113028777389250E+00
3.8555883090200473E+00
4.0000000000005462E+00
4.1444116909810429E+00
4.2886971222621586E+00
4.4327302940060829E+00
4.5763856522254533E+00
4.7195384483593745E+00
4.8620648228959356E+00
5.0038423489737420E+00
5.1447499226628350E+00
5.2846686514843437E+00
5.4234813750054567E+00
5.5610741746599563E+00
5.6973352171589520E+00
5.8321573532631001E+00
5.9654357573538555E+00
6.0970724227961703E+00
6.2269716762817540E+00
6.3550480224689769E+00
6.4812178407123371E+00
6.6054133420332199E+00
6.7275670969396302E+00
6.8476377416851832E+00
6.9655799429255163E+00
7.0813943934341665E+00
7.1950640970423336E+00
7.3066595739178526E+00
7.4161792053783504E+00
7.5237911816929612E+00
7.6293137177556227E+00
7.7327423080962161E+00
7.8322122051238612E+00
7.9234154691409389E+00
8.0000000000000000E+00
0.0000000000000000E+00
7.2102841069607820E-02
1.5740190839370788E-01
2.5207045761950941E-01
3.5238981413447534E-01
4.5663476312035983E-01
5.6375606089060215E-01
6.7337707009765013E-01
7.8536229569753457E-01
8.9960932262193494E-01
1.0161062549411537E+00
1.1347948016056097E+00
1.2556512819628303E+00
1.3786135417858996E+00
1.5036326263643676E+00
1.6306339642219234E+00
1.7595475335280608E+00
1.8902865229155839E+00
2.0227649895117095E+00
2.1568857574379576E+00
2.2925509403936690E+00
2.4296549642296279E+00
2.5680909375002656E+00
2.7077466299716910E+00
2.8485083701454657E+00
2.9902587729651415E+00
3.1328791386161514E+00
3.2762482295564048E+00
3.4202437515156081E+00
3.5647417658738205E+00
3.7096176031433212E+00
3.8547456697287665E+00
4.0000000000005418E+00
4.1452543302723219E+00
4.2903823968577655E+00
4.4352582341272573E+00
4.5797562484854595E+00
4.7237517704446521E+00
4.8671208613848860E+00
5.0097412270358799E+00
5.1514916298555349E+00
5.2922533700292806E+00
5.4319090625006750E+00
5.5703450357712816E+00
5.7074490596072112E+00
5.8431142425628861E+00
5.9772350104891032E+00
6.1097134770851946E+00
6.2404524664726742E+00
6.3693660357787714E+00
6.4963673736362830E+00
6.6213864582147028E+00
6.7443487180377284E+00
6.8652051983949116E+00
6.9838937450593148E+00
7.1003906773784822E+00
7.2146377043028318E+00
7.3266229299026744E+00
7.4362439391096684E+00
7.5433652368798549E+00
7.6476101858656858E+00
7.7479295423806080E+00
7.8425980916063693E+00
7.9278971589304277E+00
8.0000000000000000E+00
0.0000000000000000E+00
6.9512652275715001E-02
1.5089308344145899E-01
2.4156798857258088E-01
3.3892691201841052E-01
4.4120572387866724E-01
5.4725621665792112E-01
6.5640345875859640E-01
7.6832254195171179E-01
8.8277470089444054E-01
9.9965535856033383E-01
1.1188491232402826E+00
1.2402930388821174E+00
1.3638997412366907E+00
1.4896035976324227E+00
1.6173181262270007E+00
1.7469659696789974E+00
1.8784543079138689E+00
2.0116938361293966E+00
2.1465841498414946E+00
2.2830257549832669E+00
2.4209112342580892E+00
2.5601328889945827E+00
2.7005773749888391E+00
2.8421305875252099E+00
2.9846744324018020E+00
3.1280899520726306E+00
3.2722554362042757E+00
3.4170484113595463E+00
3.5623446100463330E+00
3.7080192110016705E+00
3.8539463814478507E+00
4.0000000000005382E+00
4.1460536185532364E+00
4.2919807889994148E+00
4.4376553899547471E+00
4.5829515886415244E+00
4.7277445637967821E+00
4.8719100479284112E+00
5.0153255675992208E+00
5.1578694124757867E+00
5.2994226250121343E+00
5.4398671110063592E+00
5.5790887657428208E+00
5.7169742450176120E+00
5.8534158501593518E+00
5.9883061638714157E+00
6.1215456920869098E+00
6.2530340303217384E+00
6.3826818737736941E+00
6.5103964023682259E+00
6.6361002587639133E+00
6.7597069611184430E+00
6.8811508767602358E+00
7.0003446414401331E+00
7.1172252991059786E+00
7.2316774580486598E+00
7.3435965412417250E+00
7.4527437833423491E+00
7.5587942761215485E+00
7.6610730879817543E+00
7.7584320114275389E+00
7.8491069165586218E+00
7.9304873477243198E+00
8.0000000000000000E+00
0.0000000000000000E+00
6.8078459705563185E-02
1.4679347487812608E-01
2.3444122532058334E-01
3.2911276569741954E-01
4.2935648564825979E-01
5.3400227445384763E-01
6.4231686051538128E-01
7.5380871302964225E-01
8.6815018172626379E-01
9.8513883249462408E-01
1.1046046689337765E+00
1.2264368704063746E+00
1.3505188318124419E+00
1.4767617442141416E+00
1.6050635700408606E+00
1.7353353485860303E+00
1.8674757100281612E+00
2.0013892635703181E+00
2.1369706891691234E+00
2.2741171337446859E+00
2.4127182166312187E+00
2.5526642843299996E+00
2.6938401228053825E+00
2.8361304245758245E+00
2.9794158638552020E+00
3.1235766954663782E+00
3.2684903623768911E+00
3.4140338339600960E+00
3.5600822310706288E+00
3.7065102957473268E+00
3.8531917225609704E+00
4.0000000000005427E+00
4.1468082774401163E+00
4.2934897042537594E+00
4.4399177689304503E+00
4.5859661660409730E+00
4.7315096376241659E+00
4.8764233045346668E+00
5.0205841361458194E+00
5.1638695754251707E+00
5.3061598771955882E+00
5.4473357156709419E+00
5.5872817833696908E+00
5.7258828662561871E+00
5.8630293108317195E+00
5.9986107364304928E+00
6.1325242899726176E+00
6.2646646514147042E+00
6.3949364299598317E+00
6.5232382557865050E+00
6.6494811681881600E+00
6.7735631295941818E+00
6.8953953310667391E+00
7.0148611675058410E+00
7.1318498182741568E+00
7.2461912869707295E+00
7.3576831394849389E+00
7.4659977255464218E+00
7.5706435143519535E+00
7.6708872343027439E+00
7.7655587746795378E+00
7.8532065251219487E+00
7.9319215402944705E+00
8.0000000000000000E+00
0.0000000000000000E+00
6.7311178704799815E-02
1.4425271084722824E-01
2.2964093069748384E-01
3.2209890015766113E-01
4.2043496788386192E-01
5.2361257838647890E-01
6.3088985902123529E-01
7.4171566806670519E-01
8.5569723023318611E-01
9.7256093009184463E-01
1.0920875447638374E+00
1.2141202267026820E+00
1.3385123491060111E+00
1.4651488133912716E+00
1.5939100111330566E+00
1.7246922024925704E+00
1.8573836259711245E+00
1.9918804058718529E+00
2.1280708948486016E+00
2.2658471958143704E+00
2.4050949379403281E+00
2.5457013477328978E+00
2.6875486031406024E+00
2.8305193840275598E+00
2.9744925979974335E+00
3.1193471397959507E+00
3.2649592081063687E+00
3.4112047982672764E+00
3.5579581095566346E+00
3.7050931279750903E+00
3.8524828138142158E+00
4.0000000000005480E+00
4.1475171861868718E+00
4.2949068720259920E+00
4.4420418904444450E+00
4.5887952017337925E+00
4.7350407918946855E+00
4.8806528602050907E+00
5.0255074020035861E+00
5.1694806159734341E+00
5.3124513968603635E+00
5.4542986522680428E+00
5.5949050620605760E+00
5.7341528041864986E+00
5.8719291051522333E+00
6.0081195941289556E+00
6.1426163740296440E+00
6.2753077975081633E+00
6.4060899888676337E+00
6.5348511866093766E+00
6.6614876508945855E+00
6.7858797732978733E+00
6.9079124552366755E+00
7.0274390699086213E+00
7.1443027697672310E+00
7.2582843319336643E+00
7.3691101409790827E+00
7.4763874216137900E+00
7.5795650321163510E+00
7.6779010998425044E+00
7.7703590693026356E+00
7.8557472891528475E+00
7.9326888212952342E+00
8.0000000000000000E+00
0.0000000000000000E+00
6.7003069731824391E-02
1.4278555812921248E-01
2.2652008521545239E-01
3.1719168951457088E-01
4.1385313540447122E-01
5.1561427155454720E-01
6.2178836701540707E-01
7.3181147611604369E-01
8.4526536093056326E-01
9.6182730118771687E-01
1.0812424653667774E+00
1.2033139401261470E+00
1.3278680388628523E+00
1.4547634316264235E+00
1.5838625671734707E+00
1.7150454646370366E+00
1.8481888340442059E+00
1.9831787647398924E+00
2.1198961620846331E+00
2.2582268092933084E+00
2.3980514298938487E+00
2.5392531594997174E+00
2.6817108636412765E+00
2.8253044890463488E+00
2.9699106433080584E+00
3.1154063264873479E+00
3.2616660847779095E+00
3.4085645347635305E+00
3.5559746300018653E+00
3.7037692801230793E+00
3.8518204354710961E+00
4.0000000000005471E+00
4.1481795645299897E+00
4.2962307198780003E+00
4.4440253699992107E+00
4.5914354652375389E+00
4.7383339152231425E+00
4.8845936735136908E+00
5.0300893566929572E+00
5.1746955109546438E+00
5.3182891363596863E+00
5.4607468405012209E+00
5.6019485701070524E+00
5.7417731907075549E+00
5.8801038379161961E+00
6.0168212352609052E+00
6.1518111659565555E+00
6.2849545353636884E+00
6.4161374328272149E+00
6.5452365683742233E+00
6.6721319611377430E+00
6.7966860598744034E+00
6.9187575346337349E+00
7.0381726988127458E+00
7.1547346390698507E+00
7.2681885238843265E+00
7.3782116329849066E+00
7.4843857284457203E+00
7.5861468645957455E+00
7.6828083104855960E+00
7.7734799147846694E+00
7.8572144418708634E+00
7.9329969302682093E+00
8.0000000000000000E+00
0.0000000000000000E+00
6.6983277055244400E-02
1.4204313092260895E-01
2.2458387994960205E-01
3.1385336081827409E-01
4.0909871258638775E-01
5.0957635560459835E-01
6.1466984482207021E-01
7.2384118710190726E-01
8.3666942984071657E-01
9.5280864269592669E-01
1.0719807740418410E+00
1.1939592990356143E+00
1.3185481668811305E+00
1.4455826562020901E+00
1.5749083929093770E+00
1.7063891370040976E+00
1.8398898506217667E+00
1.9752857348695456E+00
2.1124496423243877E+00
2.2512600831809508E+00
2.3915922398129630E+00
2.5333243287499467E+00
2.6763313492992311E+00
2.8204898530714630E+00
2.9656736942976352E+00
3.1117574638147438E+00
3.2586136884383574E+00
3.4061152047971537E+00
3.5541334162878599E+00
3.7025398334416471E+00
3.8512051284091147E+00
4.0000000000005436E+00
4.1487948715919671E+00
4.2974601665594312E+00
4.4458665837132134E+00
4.5938847952039117E+00
4.7413863115626933E+00
4.8882425361862909E+00
5.0343263057033774E+00
5.1795101469295259E+00
5.3236686507017277E+00
5.4666756712509876E+00
5.6084077601879336E+00
5.7487399168199103E+00
5.8875503576764334E+00
6.0247142651312426E+00
6.1601101493789852E+00
6.2936108629966183E+00
6.4250916070913053E+00
6.5544173437985522E+00
6.6814518331194632E+00
6.8060407009649371E+00
6.9280192259586650E+00
7.0471913573045342E+00
7.1633305701596965E+00
7.2761588128984585E+00
7.3853301551782451E+00
7.4904236443956709E+00
7.5909012874138302E+00
7.6861466391818967E+00
7.7754161200505205E+00
7.8579568690774702E+00
7.9330167229447914E+00
8.0000000000000000E+00
0.0000000000000000E+00
6.7169466585822568E-02
1.4181676928701872E-01
2.2351509377005963E-01
3.1169910920809268E-01
4.0577301855305326E-01
5.0512180308156074E-01
6.0920635355517727E-01
7.1753114481998870E-01
8.2969077440406935E-01
9.4533371495665708E-01
1.0641711936879810E+00
1.1859568379108290E+00
1.3104781982468923E+00
1.4375511523500588E+00
1.5670067107393231E+00
1.6986934837547900E+00
1.8324651638758003E+00
1.9681859863271607E+00
2.1057205472150784E+00
2.2449396102990118E+00
2.3857124017876452E+00
2.5279116770117862E+00
2.6714081335747899E+00
2.8160744347648752E+00
2.9617812912175041E+00
3.1084004696998870E+00
3.2558021451108932E+00
3.4038570322258903E+00
3.5524347002562142E+00
3.7014049737259911E+00
3.8506369936118010E+00
4.0000000000005365E+00
4.1493630063892741E+00
4.2985950262750858E+00
4.4475652997448565E+00
4.5961429677751715E+00
4.7441978548901558E+00
4.8915995303011437E+00
5.0382187087835026E+00
5.1839255652361054E+00
5.3285918664261640E+00
5.4720883229891371E+00
5.6142875982132479E+00
5.7550603897018453E+00
5.8942794527857361E+00
6.0318140136736167E+00
6.1675348361249425E+00
6.3013065162459192E+00
6.4329932892613551E+00
6.5624488476505789E+00
6.6895218017537026E+00
6.8140431620897175E+00
6.9358288063125180E+00
7.0546662850438020E+00
7.1703092255963403E+00
7.2824688551803760E+00
7.3907936464451414E+00
7.4948781969187097E+00
7.5942269814471697E+00
7.6883008907920800E+00
7.7764849062300643E+00
7.8581832307130659E+00
7.9328305334142151E+00
8.0000000000000000E+00
0.0000000000000000E+00
6.7483990665256316E-02
1.4194109416515893E-01
2.2306115938875815E-01
3.1041864588971846E-01
4.0354112144893772E-01
5.0192284458361791E-01
6.0509805557107255E-01
7.1262098249980754E-01
8.2411104845273508E-01
9.3922448468660047E-01
1.0576710176440705E+00
1.1791939212925397E+00
1.3035699674417724E+00
1.4306005353243851E+00
1.5601047243808372E+00
1.6919180000692009E+00
1.8258838193441596E+00
1.9618559950701757E+00
2.0996910869343703E+00
2.2392520212364939E+00
2.3804019402292447E+00
2.5230078201454709E+00
2.6669358076918073E+00
2.8120543141146488E+00
2.9582306354524315E+00
3.1053333750701535E+00
3.2532301000481305E+00
3.4017891074409645E+00
3.5508778985867360E+00
3.7003643563062081E+00
3.8501158722797926E+00
4.0000000000005338E+00
4.1498841277212790E+00
4.2996356436948640E+00
4.4491221014143303E+00
4.5982108925600951E+00
4.7467698999529162E+00
4.8946666249308723E+00
5.0417693645485704E+00
5.1879456858863247E+00
5.3330641923091404E+00
5.4769921798554480E+00
5.6195980597716400E+00
5.7607479787643578E+00
5.9003089130664383E+00
6.0381440049305963E+00
6.1741161806565765E+00
6.3080819999315061E+00
6.4398952756198344E+00
6.5693994646762528E+00
6.6964300325588173E+00
6.8208060787080047E+00
6.9423289823564263E+00
7.0607755153138552E+00
7.1758889515476705E+00
7.2873790175005571E+00
7.3949019444292476E+00
7.4980771554166585E+00
7.5964588785512879E+00
7.6895813541104578E+00
7.7769388406113649E+00
7.8580589058349242E+00
7.9325160093347815E+00
8.0000000000000000E+00
0.0000000000000000E+00
6.7886309538026809E-02
1.4231064804357832E-01
2.2305297426092843E-01
3.0979105581769018E-01
4.0215051152896258E-01
4.9971631570169106E-01
6.0208942432782786E-01
7.0887437282819088E-01
8.1972045346407796E-01
9.3429952577763276E-01
1.0523269580123991E+00
1.1735428732716218E+00
1.2977184909157584E+00
1.4246451818705264E+00
1.5541330984764461E+00
1.6860068342364674E+00
1.8201010175748025E+00
1.9562599772590676E+00
2.0943327656174677E+00
2.2341747200994160E+00
2.3756429899971412E+00
2.5185987059473240E+00
2.6629033606623422E+00
2.8084209252610495E+00
2.9550151066702548E+00
3.1025511259694452E+00
3.2508937519798828E+00
3.3999086512823244E+00
3.5494610713945587E+00
3.6994167569368765E+00
3.8496411717377113E+00
4.0000000000005311E+00
4.1503588282633590E+00
4.3005832430641933E+00
4.4505389286065054E+00
4.6000913487187285E+00
4.7491062480211630E+00
4.8974488740315731E+00
5.0449848933307422E+00
5.1915790747399182E+00
5.3370966393385970E+00
5.4814012940535877E+00
5.6243570100037354E+00
5.7658252799014269E+00
5.9056672343833378E+00
6.0437400227417006E+00
6.1798989824259314E+00
6.3139931657642361E+00
6.4458669015242220E+00
6.5753548181301040E+00
6.7022815090848313E+00
6.8264571267289176E+00
6.9476730419880939E+00
7.0657004742228171E+00
7.1802795465363216E+00
7.2911256271721703E+00
7.3979105756724914E+00
7.5002836842985836E+00
7.5978494884712644E+00
7.6902089441824826E+00
7.7769470257391937E+00
7.8576893519564992E+00
7.9321136904620086E+00
8.0000000000000000E+00
0.0000000000000000E+00
6.8334837031487156E-02
1.4283647593136028E-01
2.2334978622232052E-01
3.0963253123159179E-01
4.0138778578093992E-01
4.9827515754661855E-01
5.9995411371721574E-01
7.0607656408137509E-01
8.1632286637164986E-01
9.3038489318121687E-01
1.0479880936293624E+00
1.1688750253218705E+00
1.2928154275777402E+00
1.4195948433021195E+00
1.5490171923848643E+00
1.6808986839333915E+00
1.8150666394763071E+00
1.9513571632393425E+00
2.0896125366006251E+00
2.2296810355879062E+00
2.3714141037751135E+00
2.5146671665958684E+00
2.6592971168047730E+00
2.8051634421634208E+00
2.9521262041218508E+00
3.1000471229703668E+00
3.2487880662103183E+00
3.3982119286572159E+00
3.5481815838231787E+00
3.6985604961084193E+00
3.8492120752426264E+00
4.0000000000005294E+00
4.1507879247584389E+00
4.3014395038926461E+00
4.4518184161778818E+00
4.6017880713438366E+00
4.7512119337907190E+00
4.8999528770306489E+00
5.0478737958791413E+00
5.1948365578375446E+00
5.3407028831961600E+00
5.4853328334050406E+00
5.6285858962257631E+00
5.7703189644129322E+00
5.9103874634001770E+00
6.0486428367614211E+00
6.1849333605244254E+00
6.3191013160673117E+00
6.4509828076157989E+00
6.5804051566985065E+00
6.7071845724228467E+00
6.8311249746786702E+00
6.9520119063711325E+00
7.0696151068192306E+00
7.1836771336287510E+00
7.2939234359189866E+00
7.4000458862830980E+00
7.5017248424536502E+00
7.5986122142192807E+00
7.6903674687685797E+00
7.7766502137778062E+00
7.8571635240687234E+00
7.9316651629685540E+00
8.0000000000000000E+00
0.0000000000000000E+00
6.8807008247313881E-02
1.4345930316034936E-01
2.2385414985071606E-01
3.0981018432511376E-01
4.0109246268409054E-01
4.9742166232897833E-01
5.9850762620049336E-01
7.0404524527225087E-01
8.1374516034014022E-01
9.2732097909461031E-01
1.0445109461805002E+00
1.1650637094337690E+00
1.2887507347730056E+00
1.4153550001632420E+00
1.5446766631173225E+00
1.6765257733648269E+00
1.8107239158769324E+00
1.9471002722031350E+00
2.0854912316832768E+00
2.2257386815048155E+00
2.3676887949455576E+00
2.5111915896056907E+00
2.6560995374245602E+00
2.8022677360324306E+00
2.9495526434266415E+00
3.0978124700693184E+00
3.2469061557197678E+00
3.3966937678823315E+00
3.5470357477445753E+00
3.6977932056489640E+00
3.8488274249429564E+00
4.0000000000005329E+00
4.1511725750581050E+00
4.3022067943520952E+00
4.4529642522564821E+00
4.6033062321187144E+00
4.7530938442812669E+00
4.9021875299316910E+00
5.0504473565743471E+00
5.1977322639685282E+00
5.3439004625763689E+00
5.4888084103952117E+00
5.6323112050553146E+00
5.7742613184960181E+00
5.9145087683175221E+00
6.0528997277976258E+00
6.1892760841237981E+00
6.3234742266358692E+00
6.4553233368833380E+00
6.5846449998373782E+00
6.7112492652275773E+00
6.8349362905667714E+00
6.9554890538199947E+00
7.0726790209058334E+00
7.1862548396602604E+00
7.2959547547281085E+00
7.4014923737998135E+00
7.5025783376712845E+00
7.5989075373161228E+00
7.6901898156750610E+00
7.7761458501494118E+00
7.8565406968397351E+00
7.9311929917527300E+00
8.0000000000000000E+00
0.0000000000000000E+00
6.9278115504429458E-02
1.4412679551019753E-01
2.2448193401846003E-01
3.1021053663973314E-01
4.0112700364954373E-01
4.9700190626420521E-01
5.9758789043081484E-01
7.0261766115650803E-01
8.1183003643303564E-01
9.2496028322171653E-01
1.0417605587778946E+00
1.1619878685916614E+00
1.2854175293311585E+00
1.4118325350855521E+00
1.5410312274994145E+00
1.6728195317293024E+00
1.8070147031661767E+00
1.9434403508835771E+00
2.0819278663227228E+00
2.2223135503379985E+00
2.3644388254395308E+00
2.5081487370150097E+00
2.6532916144671375E+00
2.7997183788452431E+00
2.9472820190042457E+00
3.0958373240927526E+00
3.2452403590087426E+00
3.3953483865344154E+00
3.5460194243942564E+00
3.6971122195398807E+00
3.8484859154218038E+00
4.0000000000005302E+00
4.1515140845792553E+00
4.3028877804611767E+00
4.4539805756067938E+00
4.6046516134666255E+00
4.7547596409922823E+00
4.9041626759082479E+00
5.0527179809967331E+00
5.2002816211557104E+00
5.3467083855337876E+00
5.4918512629858887E+00
5.6355611745613343E+00
5.7776864496628342E+00
5.9180721336780708E+00
6.0565596491171858E+00
6.1929852968345500E+00
6.3271804682713917E+00
6.4589687725012439E+00
6.5881674649150623E+00
6.7145824706694190E+00
6.8380121314088749E+00
6.9582394412225961E+00
7.0750397167787220E+00
7.1881699635673613E+00
7.2973823388438444E+00
7.4024121095694895E+00
7.5029980937360508E+00
7.5988729963506625E+00
7.6897894633604391E+00
7.7755180659816689E+00
7.8558732044898907E+00
7.9307218844956138E+00
8.0000000000000000E+00
0.0000000000000000E+00
6.9734769811935132E-02
1.4480337972320195E-01
2.2517387855846871E-01
3.1075067612751983E-01
4.0138791953727687E-01
4.9689676681751244E-01
5.9706580718480828E-01
7.0166047815147425E-01
8.1044498766524187E-01
9.2317513026439968E-01
1.0396170790538037E+00
1.1595372783624667E+00
1.2827162599688107E+00
1.4089387863060001E+00
1.5380029308022070E+00
1.6697120986961849E+00
1.8038804860600528E+00
1.9403273254228408E+00
2.0788799101090230E+00
2.2193697529119634E+00
2.3616341112911416E+00
2.5055135559007033E+00
2.6508526348447345E+00
2.7974983884387568E+00
2.9453005511719859E+00
3.0941106611179023E+00
3.2437820330424345E+00
3.3941692212960177E+00
3.5451278923943601E+00
3.6965144855634384E+00
3.8481860486761845E+00
4.0000000000005320E+00
4.1518139513248693E+00
4.3034855144376127E+00
4.4548721076066826E+00
4.6058307787050135E+00
4.7562179669585776E+00
4.9058893388830844E+00
5.0546994488289840E+00
5.2025016115621909E+00
5.3491473651561865E+00
5.4944864441001897E+00
5.6383658887097177E+00
5.7806302470888644E+00
5.9211200898917653E+00
6.0596726745779144E+00
6.1961195139406682E+00
6.3302879013045086E+00
6.4619970691984490E+00
6.5910612136946156E+00
6.7172837400317640E+00
6.8404627216380689E+00
6.9603829209466852E+00
7.0768248697360372E+00
7.1895550123351475E+00
7.2983395218488756E+00
7.4029341928154899E+00
7.5031032331827392E+00
7.5986120804629262E+00
7.6892493238726471E+00
7.7748261214416639E+00
7.8551966202768853E+00
7.9302652301881080E+00
8.0000000000000000E+00
0.0000000000000000E+00
7.0161321350881156E-02
1.4545650041694344E-01
2.2587734614907715E-01
3.1135838808055794E-01
4.0178542210926527E-01
4.9700255704827218E-01
5.9682827463677879E-01
7.0105577402554653E-01
8.0947157757225829E-01
9.2185011899290625E-01
1.0379709052371811E+00
1.1576100243903313E+00
1.2805538397215341E+00
1.4065900127193565E+00
1.5355173945907328E+00
1.6671381555217224E+00
1.8012644422753070E+00
1.9377122022421158E+00
2.0763054360171522E+00
2.2168716808061064E+00
2.3592446135938210E+00
2.5032608938761345E+00
2.6487616924486397E+00
2.7955905457290817E+00
2.9435942072831276E+00
3.0926212132179645E+00
3.2425223139827675E+00
3.3931495227710120E+00
3.5443562857083024E+00
3.6959968529345910E+00
3.8479262768130242E+00
4.0000000000005258E+00
4.1520737231880211E+00
4.3040031470664504E+00
4.4556437142927292E+00
4.6068504772300107E+00
4.7574776860182295E+00
4.9073787867830134E+00
5.0564057927178307E+00
5.2044094542718566E+00
5.3512383075522738E+00
5.4967391061247524E+00
5.6407553864070366E+00
5.7831283191947138E+00
5.9236945639836254E+00
6.0622877977586320E+00
6.1987355577254126E+00
6.3328618444789626E+00
6.4644826054099225E+00
6.5934099872812606E+00
6.7194461602790394E+00
6.8423899756102031E+00
6.9620290947633041E+00
7.0781498810075325E+00
7.1905284224281258E+00
7.2989442259748003E+00
7.4031717253635163E+00
7.5029974429519788E+00
7.5982145778909409E+00
7.6886416119196079E+00
7.7741226538510544E+00
7.8545434995831478E+00
7.9298386786491646E+00
8.0000000000000000E+00
0.0000000000000000E+00
7.0549704359013490E-02
1.4606420625124389E-01
2.2655544322549676E-01
3.1198118382967471E-01
4.0225261091258113E-01
4.9724029971975403E-01
5.9678725251743270E-01
7.0070986752845410E-01
8.0881377030181045E-01
9.2088982436871569E-01
1.0367296779629649E+00
1.1561186477997956E+00
1.2788490253364948E+00
1.4047119265481449E+00
1.5335076625645723E+00
1.6650380604697022E+00
1.7991140349634442E+00
1.9355491286009947E+00
2.0741647874294125E+00
2.2147853048504893E+00
2.3572413687806164E+00
2.5013662877201956E+00
2.6469983020743308E+00
2.7939778565750091E+00
2.9421490536337758E+00
3.0913577275114137E+00
3.2414523084740958E+00
3.3922824906152416E+00
3.5436996864239134E+00
3.6955561293891561E+00
3.8477050295133250E+00
4.0000000000005151E+00
4.1522949704877110E+00
4.3044438706118759E+00
4.4563003135771115E+00
4.6077175093857683E+00
4.7585476915268963E+00
4.9086422724895549E+00
5.0578509463671768E+00
5.2060221434259208E+00
5.3530016979265778E+00
5.4986337122806885E+00
5.6427586312202367E+00
5.7852146951503247E+00
5.9258352125713634E+00
6.0644508713997487E+00
6.2008859650372701E+00
6.3349619395309826E+00
6.4664923374360805E+00
6.5952880734524699E+00
6.7211509746640790E+00
6.8438813522007331E+00
6.9632703220375189E+00
7.0791101756317163E+00
7.1911862296985714E+00
7.2992901324718851E+00
7.4032127474828604E+00
7.5027597002804916E+00
7.5977473890876235E+00
7.6880188161704917E+00
7.7734445567746322E+00
7.8539357937488488E+00
7.9294502956410309E+00
8.0000000000000000E+00
0.0000000000000000E+00
7.0889687482717623E-02
1.4660579197137000E-01
2.2717470306600365E-01
3.1257280039866514E-01
4.0273111722071953E-01
4.9754128372073575E-01
5.9686608119149986E-01
7.0054083856457594E-01
8.0838713610857804E-01
9.2020979346209686E-01
1.0358110776422598E+00
1.1549846363124223E+00
1.2775283451420114E+00
1.4032368877154444E+00
1.5319123455321693E+00
1.6633567981424122E+00
1.7973805015316764E+00
1.9337953232994587E+00
2.0724207657484741E+00
2.2130785647422235E+00
2.3555969652417681E+00
2.4998065008798704E+00
2.6455429323755837E+00
2.7926440705728286E+00
2.9409517257350482E+00
3.0903093863852114E+00
3.2405634472345115E+00
3.3915615619943429E+00
3.5431533408719194E+00
3.6951892267289606E+00
3.8475207864463519E+00
4.0000000000005107E+00
4.1524792135546740E+00
4.3048107732720640E+00
4.4568466591290985E+00
4.6084384380066590E+00
4.7594365527664753E+00
4.9096906136157550E+00
5.0590482742658995E+00
5.2073559294280987E+00
5.3544570676253196E+00
5.5001934991210053E+00
5.6444030347590779E+00
5.7869214352585887E+00
5.9275792342523026E+00
6.0662046767012896E+00
6.2026194984690344E+00
6.3366432018582710E+00
6.4680876544684764E+00
6.5967631122851662E+00
6.7224716548585608E+00
6.8450153636881073E+00
6.9641889223582218E+00
7.0797902065383358E+00
7.1916128638918009E+00
7.2994591614357578E+00
7.4031339188087868E+00
7.5024587162795102E+00
7.5972688827794856E+00
7.6874271996015002E+00
7.7728252969341236E+00
7.8533942080287211E+00
7.9291103125173272E+00
8.0000000000000000E+00
0.0000000000000000E+00
7.1176660936139113E-02
1.4706799247910016E-01
2.2771262092026318E-01
3.1310078615313613E-01
4.0317897837256567E-01
4.9785511981878394E-01
5.9700752211405872E-01
7.0048654617101069E-01
8.0812661951061227E-01
9.1974400754978869E-01
1.0351498400262082E+00
1.1541449128136529E+00
1.2765320285353847E+00
1.4021092086649554E+00
1.5306803498826977E+00
1.6620480964877868E+00
1.7960224470353230E+00
1.9324141383296651E+00
2.0710412556636379E+00
2.2117235665973314E+00
2.3542873982194616E+00
2.4985610518035037E+00
2.6443782756407015E+00
2.7915747095401513E+00
2.9399902658900556E+00
3.0894664691736282E+00
3.2398480055773549E+00
3.3909808021360424E+00
3.5427129417443286E+00
3.6948933413063609E+00
3.8473721663759397E+00
4.0000000000005098E+00
4.1526278336250781E+00
4.3051066586946565E+00
4.4572870582566804E+00
4.6090191978649555E+00
4.7601519944236301E+00
4.9105335308273359E+00
5.0600097341108894E+00
5.2084252904607711E+00
5.3556217243601960E+00
5.5014389481973662E+00
5.6457126017813852E+00
5.7882764334034800E+00
5.9289587443371454E+00
6.0675858616710832E+00
6.2039775529653891E+00
6.3379519035128888E+00
6.4693196501179449E+00
6.5978907913356517E+00
6.7234679714651815E+00
6.8458550871868695E+00
6.9648501599742696E+00
7.0802559924506294E+00
7.1918733804897617E+00
7.2995134538293165E+00
7.4029924778862277E+00
7.5021448801814623E+00
7.5968210216276342E+00
7.6868992138470276E+00
7.7722873790798648E+00
7.8529320075209892E+00
7.9288233390639071E+00
8.0000000000000000E+00
0.0000000000000000E+00
7.1403966821302969E-02
1.4743793905502192E-01
2.2814851925333057E-01
3.1353655906420280E-01
4.0355988851715358E-01
4.9813861661328590E-01
5.9716273934321873E-01
7.0049400132042572E-01
8.0797670525793763E-01
9.1943598114958325E-01
1.0346899546159825E+00
1.1535451412664997E+00
1.2758083854262026E+00
1.4012805425976043E+00
1.5297671370247059E+00
1.6610714744787010E+00
1.7950035189843170E+00
1.9313732894127360E+00
2.0699978696021795E+00
2.2106955904719343E+00
2.3532913318679549E+00
2.4976116985154264E+00
2.6434888785374042E+00
2.7907568261045181E+00
2.9392539590162263E+00
3.0888202556082525E+00
3.2392990427503960E+00
3.3905348749750650E+00
3.5423746117844552E+00
3.6946659488438112E+00
3.8472579248242122E+00
4.0000000000005054E+00
4.1527420751767981E+00
4.3053340511571987E+00
4.4576253882165480E+00
4.6094651250259293E+00
4.7607009572505836E+00
4.9111797443927099E+00
5.0607460409847151E+00
5.2092431738964011E+00
5.3565111214634911E+00
5.5023883014854391E+00
5.6467086681328889E+00
5.7893044095288806E+00
5.9300021303986039E+00
6.0686267105880134E+00
6.2049964810163969E+00
6.3389285255219772E+00
6.4702328629759336E+00
6.5987194574030008E+00
6.7241916145743570E+00
6.8464548587340168E+00
6.9653100453844843E+00
7.0805640188508292E+00
7.1920232947424285E+00
7.2995059986798978E+00
7.4028372606570674E+00
7.5018613833869612E+00
7.5964401114830524E+00
7.6864634409359622E+00
7.7718514807467942E+00
7.8525620609450622E+00
7.9285960331787457E+00
8.0000000000000000E+00
0.0000000000000000E+00
7.1569510247920479E-02
1.4770853167897258E-01
2.2847013278742048E-01
3.1386212163486105E-01
4.0385027605056045E-01
4.9836309794268757E-01
5.9729872367823356E-01
7.0052687720664930E-01
8.0789882513665356E-01
9.1924602608665040E-01
1.0343916327134166E+00
1.1531463432893909E+00
1.2753199883437454E+00
1.4007155803618350E+00
1.5291399208806984E+00
1.6603969073182170E+00
1.7942965750619277E+00
1.9306485131229618E+00
2.0692691547009079E+00
2.2099758491476051E+00
2.3525924773148570E+00
2.4969444465391186E+00
2.6428628426207466E+00
2.7901804105142647E+00
2.9387344977364900E+00
3.0883639623130876E+00
3.2389111487939632E+00
3.3902196107419340E+00
3.5421353177164487E+00
3.6945050712274670E+00
3.8471770863606882E+00
4.0000000000005018E+00
4.1528229136403141E+00
4.3054949287735376E+00
4.4578646822845513E+00
4.6097803892590550E+00
4.7610888512070151E+00
4.9116360376878703E+00
5.0612655022644466E+00
5.2098195894866501E+00
5.3571371573801470E+00
5.5030555534617456E+00
5.6474075226859837E+00
5.7900241508532089E+00
5.9307308452998742E+00
6.0693514868777880E+00
6.2057034249387879E+00
6.3396030926824620E+00
6.4708600791199427E+00
6.5992844196387708E+00
6.7246800116568108E+00
6.8468536567111178E+00
6.9656083672870457E+00
7.0807539739137608E+00
7.1921011748637040E+00
7.2994731227936764E+00
7.4027012763220554E+00
7.5016369020575633E+00
7.5961497239496492E+00
7.6861378783653063E+00
7.7715298672127027E+00
7.8522914683211082E+00
7.9284304897521309E+00
8.0000000000000000E+00
0.0000000000000000E+00
7.1669236385361032E-02
1.4787265744046724E-01
2.2866622753409399E-01
3.1406213119529197E-01
4.0403069227258925E-01
4.9850537961937813E-01
5.9738912913907594E-01
7.0055638307924262E-01
8.0786256625476860E-01
9.1914291172056306E-01
1.0342236123959387E+00
1.1529178951302486E+00
1.2750374272255975E+00
1.4003865560454813E+00
1.5287728950771453E+00
1.6600007403823733E+00
1.7938802045061248E+00
1.9302206541218521E+00
2.0688381519272392E+00
2.2095494822233488E+00
2.3521779338621727E+00
2.4965482088678428E+00
2.6424907304117542E+00
2.7898375229410535E+00
2.9384252856281945E+00
3.0880922039605543E+00
3.2386800247005265E+00
3.3900316971746043E+00
3.5419926480333106E+00
3.6944091366462186E+00
3.8471288753310318E+00
4.0000000000004965E+00
4.1528711246699652E+00
4.3055908633547766E+00
4.4580073519676811E+00
4.6099683028263820E+00
4.7613199753004487E+00
4.9119077960403974E+00
5.0615747143727381E+00
5.2101624770598569E+00
5.3575092695891326E+00
5.5034517911330223E+00
5.6478220661386649E+00
5.7904505177774608E+00
5.9311618480735380E+00
6.0697793458788993E+00
6.2061197954945921E+00
6.3399992596183035E+00
6.4712271049234937E+00
6.5996134439551204E+00
6.7249625727749542E+00
6.8470821048702559E+00
6.9657763876045227E+00
7.0808570882798474E+00
7.1921374337455948E+00
7.2994436169210806E+00
7.4026108708612126E+00
7.5014946203808783E+00
7.5959693077276196E+00
7.6859378688048752E+00
7.7713337724660283E+00
7.8521273425596192E+00
7.9283307636146843E+00
8.0000000000000000E+00
0.0000000000000000E+00
7.1703123739498845E-02
1.4792814875812083E-01
2.2873272067117900E-01
3.1413021387444101E-01
4.0409254400116912E-01
4.9855478780073870E-01
5.9742147057985606E-01
7.0056860044715730E-01
8.0785297356848740E-01
9.1911108940095176E-01
1.0341701478371248E+00
1.1528442332477069E+00
1.2749456266576591E+00
1.4002791349829784E+00
1.5286526485093983E+00
1.6598706067721978E+00
1.7937431557630235E+00
1.9300795934585164E+00
2.0686958663430177E+00
2.2094085713111125E+00
2.3520408057797417E+00
2.4964170346133878E+00
2.6423674643762052E+00
2.7897238757537921E+00
2.9383227545523471E+00
3.0880020580536707E+00
3.2386033352022405E+00
3.3899693301439928E+00
3.5419452889007137E+00
3.6943772869835900E+00
3.8471128684963309E+00
4.0000000000004938E+00
4.1528871315046603E+00
4.3056227130173967E+00
4.4580547111002717E+00
4.6100306698569904E+00
4.7613966647987302E+00
4.9119979419472788E+00
5.0616772454485828E+00
5.2102761242471098E+00
5.3576325356246794E+00
5.5035829653874719E+00
5.6479591942210972E+00
5.7905914286896918E+00
5.9313041336577577E+00
6.0699204065422361E+00
6.2062568442376911E+00
6.3401293932284837E+00
6.4713473514912421E+00
6.5997208650176198E+00
6.7250543733428900E+00
6.8471557667527989E+00
6.9658298521633348E+00
7.0808889105994623E+00
7.1921470264318792E+00
7.2994313995531668E+00
7.4025785294204338E+00
7.5014452121995125E+00
7.5959074559990434E+00
7.6858697861257275E+00
7.7712672793289448E+00
7.8520718512419663E+00
7.9282968762605437E+00
8.0000000000000000E+00
0.0000000000000000E+00
7.1669236385360865E-02
1.4787265744046682E-01
2.2866622753409352E-01
3.1406213119529158E-01
4.0403069227258875E-01
4.9850537961937735E-01
5.9738912913907494E-01
7.0055638307924140E-01
8.0786256625476682E-01
9.1914291172056040E-01
1.0342236123959361E+00
1.1529178951302457E+00
1.2750374272255944E+00
1.4003865560454782E+00
1.5287728950771431E+00
1.6600007403823711E+00
1.7938802045061240E+00
1.9302206541218518E+00
2.0688381519272374E+00
2.2095494822233483E+00
2.3521779338621700E+00
2.4965482088678401E+00
2.6424907304117511E+00
2.7898375229410508E+00
2.9384252856281923E+00
3.0880922039605561E+00
3.2386800247005256E+00
3.3900316971746034E+00
3.5419926480333093E+00
3.6944091366462199E+00
3.8471288753310282E+00
4.0000000000004938E+00
4.1528711246699599E+00
4.3055908633547677E+00
4.4580073519676731E+00
4.6099683028263749E+00
4.7613199753004407E+00
4.9119077960403912E+00
5.0615747143727292E+00
5.2101624770598507E+00
5.3575092695891300E+00
5.5034517911330187E+00
5.6478220661386631E+00
5.7904505177774555E+00
5.9311618480735344E+00
6.0697793458788976E+00
6.2061197954945895E+00
6.3399992596183070E+00
6.4712271049234964E+00
6.5996134439551142E+00
6.7249625727749569E+00
6.8470821048702595E+00
6.9657763876045253E+00
7.0808570882798545E+00
7.1921374337456037E+00
7.2994436169210903E+00
7.4026108708612179E+00
7.5014946203808766E+00
7.5959693077276249E+00
7.6859378688048761E+00
7.7713337724660336E+00
7.8521273425596183E+00
7.9283307636146825E+00
8.0000000000000000E+00
0.0000000000000000E+00
7.1569510247920173E-02
1.4770853167897197E-01
2.2847013278741948E-01
3.1386212163485994E-01
4.0385027605055934E-01
4.9836309794268657E-01
5.9729872367823189E-01
7.0052687720664697E-01
8.0789882513665057E-01
9.1924602608664663E-01
1.0343916327134115E+00
1.1531463432893860E+00
1.2753199883437407E+00
1.4007155803618305E+00
1.5291399208806942E+00
1.6603969073182141E+00
1.7942965750619257E+00
1.9306485131229607E+00
2.0692691547009057E+00
2.2099758491476025E+00
2.3525924773148521E+00
2.4969444465391142E+00
2.6428628426207412E+00
2.7901804105142602E+00
2.9387344977364847E+00
3.0883639623130859E+00
3.2389111487939610E+00
3.3902196107419309E+00
3.5421353177164465E+00
3.6945050712274634E+00
3.8471770863606807E+00
4.0000000000004938E+00
4.1528229136403061E+00
4.3054949287735207E+00
4.4578646822845345E+00
4.6097803892590417E+00
4.7610888512070009E+00
4.9116360376878569E+00
5.0612655022644297E+00
5.2098195894866395E+00
5.3571371573801372E+00
5.5030555534617456E+00
5.6474075226859783E+00
5.7900241508531991E+00
5.9307308452998662E+00
6.0693514868777836E+00
6.2057034249387861E+00
6.3396030926824647E+00
6.4708600791199427E+00
6.5992844196387646E+00
6.7246800116568108E+00
6.8468536567111222E+00
6.9656083672870466E+00
7.0807539739137697E+00
7.1921011748637227E+00
7.2994731227936880E+00
7.4027012763220652E+00
7.5016369020575713E+00
7.5961497239496527E+00
7.6861378783653116E+00
7.7715298672127124E+00
7.8522914683211162E+00
7.9284304897521238E+00
8.0000000000000000E+00
0.0000000000000000E+00
7.1403966821302511E-02
1.4743793905502114E-01
2.2814851925332927E-01
3.1353655906420114E-01
4.0355988851715152E-01
4.9813861661328407E-01
5.9716273934321629E-01
7.0049400132042183E-01
8.0797670525793364E-01
9.1943598114957836E-01
1.0346899546159773E+00
1.1535451412664934E+00
1.2758083854261966E+00
1.4012805425975989E+00
1.5297671370247012E+00
1.6610714744786965E+00
1.7950035189843132E+00
1.9313732894127336E+00
2.0699978696021764E+00
2.2106955904719294E+00
2.3532913318679483E+00
2.4976116985154189E+00
2.6434888785373967E+00
2.7907568261045093E+00
2.9392539590162170E+00
3.0888202556082458E+00
3.2392990427503898E+00
3.3905348749750597E+00
3.5423746117844499E+00
3.6946659488438045E+00
3.8472579248242025E+00
4.0000000000004929E+00
4.1527420751767838E+00
4.3053340511571774E+00
4.4576253882165275E+00
4.6094651250259098E+00
4.7607009572505659E+00
4.9111797443926921E+00
5.0607460409846956E+00
5.2092431738963851E+00
5.3565111214634769E+00
5.5023883014854338E+00
5.6467086681328800E+00
5.7893044095288673E+00
5.9300021303985950E+00
6.0686267105880098E+00
6.2049964810163987E+00
6.3389285255219781E+00
6.4702328629759362E+00
6.5987194574029955E+00
6.7241916145743597E+00
6.8464548587340150E+00
6.9653100453844843E+00
7.0805640188508434E+00
7.1920232947424427E+00
7.2995059986799173E+00
7.4028372606570816E+00
7.5018613833869718E+00
7.5964401114830622E+00
7.6864634409359756E+00
7.7718514807468075E+00
7.8525620609450719E+00
7.9285960331787440E+00
8.0000000000000000E+00
0.0000000000000000E+00
7.1176660936138600E-02
1.4706799247909919E-01
2.2771262092026184E-01
3.1310078615313403E-01
4.0317897837256278E-01
4.9785511981878128E-01
5.9700752211405528E-01
7.0048654617100581E-01
8.0812661951060794E-01
9.1974400754978392E-01
1.0351498400262031E+00
1.1541449128136465E+00
1.2765320285353785E+00
1.4021092086649505E+00
1.5306803498826917E+00
1.6620480964877824E+00
1.7960224470353181E+00
1.9324141383296618E+00
2.0710412556636344E+00
2.2117235665973256E+00
2.3542873982194519E+00
2.4985610518034926E+00
2.6443782756406931E+00
2.7915747095401398E+00
2.9399902658900423E+00
3.0894664691736158E+00
3.2398480055773429E+00
3.3909808021360339E+00
3.5427129417443162E+00
3.6948933413063485E+00
3.8473721663759242E+00
4.0000000000004921E+00
4.1526278336250604E+00
4.3051066586946316E+00
4.4572870582566608E+00
4.6090191978649333E+00
4.7601519944236124E+00
4.9105335308273173E+00
5.0600097341108690E+00
5.2084252904607471E+00
5.3556217243601809E+00
5.5014389481973538E+00
5.6457126017813737E+00
5.7882764334034702E+00
5.9289587443371392E+00
6.0675858616710814E+00
6.2039775529653962E+00
6.3379519035128951E+00
6.4693196501179502E+00
6.5978907913356464E+00
6.7234679714651735E+00
6.8458550871868615E+00
6.9648501599742616E+00
7.0802559924506436E+00
7.1918733804897697E+00
7.2995134538293334E+00
7.4029924778862428E+00
7.5021448801814747E+00
7.5968210216276564E+00
7.6868992138470427E+00
7.7722873790798745E+00
7.8529320075209954E+00
7.9288233390639107E+00
8.0000000000000000E+00
0.0000000000000000E+00
7.0889687482717137E-02
1.4660579197136900E-01
2.2717470306600235E-01
3.1257280039866298E-01
4.0273111722071647E-01
4.9754128372073231E-01
5.9686608119149542E-01
7.0054083856457039E-01
8.0838713610857293E-01
9.2020979346209120E-01
1.0358110776422542E+00
1.1549846363124161E+00
1.2775283451420059E+00
1.4032368877154384E+00
1.5319123455321633E+00
1.6633567981424069E+00
1.7973805015316724E+00
1.9337953232994547E+00
2.0724207657484706E+00
2.2130785647422178E+00
2.3555969652417597E+00
2.4998065008798589E+00
2.6455429323755717E+00
2.7926440705728122E+00
2.9409517257350313E+00
3.0903093863851945E+00
3.2405634472344951E+00
3.3915615619943269E+00
3.5431533408718998E+00
3.6951892267289392E+00
3.8475207864463323E+00
4.0000000000004903E+00
4.1524792135546518E+00
4.3048107732720409E+00
4.4568466591290727E+00
4.6084384380066377E+00
4.7594365527664557E+00
4.9096906136157354E+00
5.0590482742658756E+00
5.2073559294280747E+00
5.3544570676252992E+00
5.5001934991209875E+00
5.6444030347590628E+00
5.7869214352585798E+00
5.9275792342523026E+00
6.0662046767012932E+00
6.2026194984690424E+00
6.3366432018582719E+00
6.4680876544684764E+00
6.5967631122851591E+00
6.7224716548585466E+00
6.8450153636880877E+00
6.9641889223582156E+00
7.0797902065383376E+00
7.1916128638918106E+00
7.2994591614357747E+00
7.4031339188088037E+00
7.5024587162795218E+00
7.5972688827795007E+00
7.6874271996015153E+00
7.7728252969341325E+00
7.8533942080287265E+00
7.9291103125173317E+00
8.0000000000000000E+00
0.0000000000000000E+00
7.0549704359012991E-02
1.4606420625124295E-01
2.2655544322549526E-01
3.1198118382967271E-01
4.0225261091257775E-01
4.9724029971974987E-01
5.9678725251742759E-01
7.0070986752844788E-01
8.0881377030180490E-01
9.2088982436870981E-01
1.0367296779629582E+00
1.1561186477997887E+00
1.2788490253364888E+00
1.4047119265481383E+00
1.5335076625645672E+00
1.6650380604696964E+00
1.7991140349634396E+00
1.9355491286009916E+00
2.0741647874294094E+00
2.2147853048504813E+00
2.3572413687806044E+00
2.5013662877201814E+00
2.6469983020743166E+00
2.7939778565749886E+00
2.9421490536337536E+00
3.0913577275113919E+00
3.2414523084740741E+00
3.3922824906152185E+00
3.5436996864238886E+00
3.6955561293891299E+00
3.8477050295133037E+00
4.0000000000004921E+00
4.1522949704876826E+00
4.3044438706118466E+00
4.4563003135770831E+00
4.6077175093857381E+00
4.7585476915268732E+00
4.9086422724895282E+00
5.0578509463671484E+00
5.2060221434258898E+00
5.3530016979265556E+00
5.4986337122806583E+00
5.6427586312202145E+00
5.7852146951503132E+00
5.9258352125713634E+00
6.0644508713997558E+00
6.2008859650372710E+00
6.3349619395309800E+00
6.4664923374360770E+00
6.5952880734524610E+00
6.7211509746640639E+00
6.8438813522007189E+00
6.9632703220375163E+00
7.0791101756317243E+00
7.1911862296985838E+00
7.2992901324718957E+00
7.4032127474828719E+00
7.5027597002805058E+00
7.5977473890876368E+00
7.6880188161705023E+00
7.7734445567746402E+00
7.8539357937488514E+00
7.9294502956410362E+00
8.0000000000000000E+00
0.0000000000000000E+00
7.0161321350880684E-02
1.4545650041694239E-01
2.2587734614907556E-01
3.1135838808055560E-01
4.0178542210926166E-01
4.9700255704826740E-01
5.9682827463677279E-01
7.0105577402553954E-01
8.0947157757225130E-01
9.2185011899289870E-01
1.0379709052371739E+00
1.1576100243903227E+00
1.2805538397215270E+00
1.4065900127193491E+00
1.5355173945907259E+00
1.6671381555217157E+00
1.8012644422753017E+00
1.9377122022421109E+00
2.0763054360171482E+00
2.2168716808060989E+00
2.3592446135938090E+00
2.5032608938761198E+00
2.6487616924486201E+00
2.7955905457290569E+00
2.9435942072831009E+00
3.0926212132179351E+00
3.2425223139827382E+00
3.3931495227709796E+00
3.5443562857082713E+00
3.6959968529345613E+00
3.8479262768129927E+00
4.0000000000004938E+00
4.1520737231879856E+00
4.3040031470664122E+00
4.4556437142926955E+00
4.6068504772299734E+00
4.7574776860182002E+00
4.9073787867829832E+00
5.0564057927177988E+00
5.2044094542718211E+00
5.3512383075522427E+00
5.4967391061247213E+00
5.6407553864070081E+00
5.7831283191946952E+00
5.9236945639836209E+00
6.0622877977586320E+00
6.1987355577254091E+00
6.3328618444789679E+00
6.4644826054099171E+00
6.5934099872812464E+00
6.7194461602790279E+00
6.8423899756101907E+00
6.9620290947633041E+00
7.0781498810075387E+00
7.1905284224281383E+00
7.2989442259748056E+00
7.4031717253635287E+00
7.5029974429519894E+00
7.5982145778909596E+00
7.6886416119196186E+00
7.7741226538510597E+00
7.8545434995831496E+00
7.9298386786491664E+00
8.0000000000000000E+00
0.0000000000000000E+00
6.9734769811934674E-02
1.4480337972320076E-01
2.2517387855846696E-01
3.1075067612751694E-01
4.0138791953727260E-01
4.9689676681750700E-01
5.9706580718480196E-01
7.0166047815146637E-01
8.1044498766523365E-01
9.2317513026439046E-01
1.0396170790537944E+00
1.1595372783624567E+00
1.2827162599688027E+00
1.4089387863059910E+00
1.5380029308021983E+00
1.6697120986961766E+00
1.8038804860600468E+00
1.9403273254228353E+00
2.0788799101090172E+00
2.2193697529119540E+00
2.3616341112911288E+00
2.5055135559006851E+00
2.6508526348447101E+00
2.7974983884387283E+00
2.9453005511719543E+00
3.0941106611178699E+00
3.2437820330423999E+00
3.3941692212959800E+00
3.5451278923943228E+00
3.6965144855634016E+00
3.8481860486761468E+00
4.0000000000004876E+00
4.1518139513248231E+00
4.3034855144375657E+00
4.4548721076066400E+00
4.6058307787049682E+00
4.7562179669585332E+00
4.9058893388830453E+00
5.0546994488289423E+00
5.2025016115621492E+00
5.3491473651561483E+00
5.4944864441001551E+00
5.6383658887096875E+00
5.7806302470888324E+00
5.9211200898917493E+00
6.0596726745779046E+00
6.1961195139406664E+00
6.3302879013045015E+00
6.4619970691984463E+00
6.5910612136946041E+00
6.7172837400317524E+00
6.8404627216380600E+00
6.9603829209466888E+00
7.0768248697360443E+00
7.1895550123351564E+00
7.2983395218488774E+00
7.4029341928154979E+00
7.5031032331827490E+00
7.5986120804629440E+00
7.6892493238726560E+00
7.7748261214416683E+00
7.8551966202768853E+00
7.9302652301881080E+00
8.0000000000000000E+00
0.0000000000000000E+00
6.9278115504428930E-02
1.4412679551019639E-01
2.2448193401845809E-01
3.1021053663973008E-01
4.0112700364953940E-01
4.9700190626419960E-01
5.9758789043080807E-01
7.0261766115649993E-01
8.1183003643302620E-01
9.2496028322170576E-01
1.0417605587778838E+00
1.1619878685916509E+00
1.2854175293311476E+00
1.4118325350855416E+00
1.5410312274994042E+00
1.6728195317292947E+00
1.8070147031661694E+00
1.9434403508835705E+00
2.0819278663227143E+00
2.2223135503379874E+00
2.3644388254395148E+00
2.5081487370149862E+00
2.6532916144671139E+00
2.7997183788452134E+00
2.9472820190042119E+00
3.0958373240927188E+00
3.2452403590087009E+00
3.3953483865343750E+00
3.5460194243942134E+00
3.6971122195398398E+00
3.8484859154217617E+00
4.0000000000004858E+00
4.1515140845792047E+00
4.3028877804611279E+00
4.4539805756067450E+00
4.6046516134665767E+00
4.7547596409922290E+00
4.9041626759082009E+00
5.0527179809966842E+00
5.2002816211556668E+00
5.3467083855337449E+00
5.4918512629858505E+00
5.6355611745613006E+00
5.7776864496628040E+00
5.9180721336780522E+00
6.0565596491171707E+00
6.1929852968345411E+00
6.3271804682713819E+00
6.4589687725012386E+00
6.5881674649150632E+00
6.7145824706694093E+00
6.8380121314088678E+00
6.9582394412225979E+00
7.0750397167787309E+00
7.1881699635673630E+00
7.2973823388438506E+00
7.4024121095694966E+00
7.5029980937360632E+00
7.5988729963506785E+00
7.6897894633604480E+00
7.7755180659816752E+00
7.8558732044898871E+00
7.9307218844956138E+00
8.0000000000000000E+00
0.0000000000000000E+00
6.8807008247313325E-02
1.4345930316034786E-01
2.2385414985071395E-01
3.0981018432511020E-01
4.0109246268408599E-01
4.9742166232897245E-01
5.9850762620048625E-01
7.0404524527224199E-01
8.1374516034012967E-01
9.2732097909459843E-01
1.0445109461804876E+00
1.1650637094337561E+00
1.2887507347729918E+00
1.4153550001632289E+00
1.5446766631173103E+00
1.6765257733648171E+00
1.8107239158769237E+00
1.9471002722031254E+00
2.0854912316832670E+00
2.2257386815048026E+00
2.3676887949455385E+00
2.5111915896056654E+00
2.6560995374245322E+00
2.8022677360323995E+00
2.9495526434266091E+00
3.0978124700692815E+00
3.2469061557197234E+00
3.3966937678822879E+00
3.5470357477445309E+00
3.6977932056489200E+00
3.8488274249429129E+00
4.0000000000004841E+00
4.1511725750580570E+00
4.3022067943520463E+00
4.4529642522564314E+00
4.6033062321186620E+00
4.7530938442812118E+00
4.9021875299316378E+00
5.0504473565742911E+00
5.1977322639684767E+00
5.3439004625763245E+00
5.4888084103951664E+00
5.6323112050552790E+00
5.7742613184959906E+00
5.9145087683175017E+00
6.0528997277976133E+00
6.1892760841237857E+00
6.3234742266358577E+00
6.4553233368833336E+00
6.5846449998373755E+00
6.7112492652275693E+00
6.8349362905667626E+00
6.9554890538199965E+00
7.0726790209058388E+00
7.1862548396602621E+00
7.2959547547281076E+00
7.4014923737998242E+00
7.5025783376712916E+00
7.5989075373161352E+00
7.6901898156750645E+00
7.7761458501494154E+00
7.8565406968397342E+00
7.9311929917527246E+00
8.0000000000000000E+00
0.0000000000000000E+00
6.8334837031486531E-02
1.4283647593135859E-01
2.2334978622231799E-01
3.0963253123158824E-01
4.0138778578093537E-01
4.9827515754661256E-01
5.9995411371720841E-01
7.0607656408136565E-01
8.1632286637163898E-01
9.3038489318120410E-01
1.0479880936293482E+00
1.1688750253218561E+00
1.2928154275777253E+00
1.4195948433021042E+00
1.5490171923848499E+00
1.6808986839333788E+00
1.8150666394762958E+00
1.9513571632393316E+00
2.0896125366006117E+00
2.2296810355878911E+00
2.3714141037750922E+00
2.5146671665958409E+00
2.6592971168047437E+00
2.8051634421633866E+00
2.9521262041218166E+00
3.1000471229703277E+00
3.2487880662102735E+00
3.3982119286571697E+00
3.5481815838231343E+00
3.6985604961083736E+00
3.8492120752425829E+00
4.0000000000004867E+00
4.1507879247583910E+00
4.3014395038925999E+00
4.4518184161778294E+00
4.6017880713437807E+00
4.7512119337906649E+00
4.8999528770305956E+00
5.0478737958790836E+00
5.1948365578374931E+00
5.3407028831961147E+00
5.4853328334049944E+00
5.6285858962257267E+00
5.7703189644129056E+00
5.9103874634001556E+00
6.0486428367614078E+00
6.1849333605244130E+00
6.3191013160672984E+00
6.4509828076157891E+00
6.5804051566985002E+00
6.7071845724228378E+00
6.8311249746786658E+00
6.9520119063711334E+00
7.0696151068192377E+00
7.1836771336287581E+00
7.2939234359189911E+00
7.4000458862831069E+00
7.5017248424536582E+00
7.5986122142192842E+00
7.6903674687685859E+00
7.7766502137778089E+00
7.8571635240687270E+00
7.9316651629685522E+00
8.0000000000000000E+00
0.0000000000000000E+00
6.7886309538026102E-02
1.4231064804357665E-01
2.2305297426092563E-01
3.0979105581768629E-01
4.0215051152895798E-01
4.9971631570168523E-01
6.0208942432782087E-01
7.0887437282818122E-01
8.1972045346406641E-01
9.3429952577761988E-01
1.0523269580123844E+00
1.1735428732716071E+00
1.2977184909157424E+00
1.4246451818705115E+00
1.5541330984764297E+00
1.6860068342364538E+00
1.8201010175747920E+00
1.9562599772590550E+00
2.0943327656174495E+00
2.2341747200993973E+00
2.3756429899971194E+00
2.5185987059472947E+00
2.6629033606623116E+00
2.8084209252610162E+00
2.9550151066702188E+00
3.1025511259694079E+00
3.2508937519798380E+00
3.3999086512822827E+00
3.5494610713945112E+00
3.6994167569368304E+00
3.8496411717376682E+00
4.0000000000004894E+00
4.1503588282633102E+00
4.3005832430641524E+00
4.4505389286064538E+00
4.6000913487186716E+00
4.7491062480211053E+00
4.8974488740315198E+00
5.0449848933306862E+00
5.1915790747398676E+00
5.3370966393385508E+00
5.4814012940535433E+00
5.6243570100036964E+00
5.7658252799014011E+00
5.9056672343833192E+00
6.0437400227416767E+00
6.1798989824259181E+00
6.3139931657642245E+00
6.4458669015242078E+00
6.5753548181300934E+00
6.7022815090848225E+00
6.8264571267289211E+00
6.9476730419880992E+00
7.0657004742228251E+00
7.1802795465363385E+00
7.2911256271721800E+00
7.3979105756725030E+00
7.5002836842985925E+00
7.5978494884712617E+00
7.6902089441824870E+00
7.7769470257391990E+00
7.8576893519565072E+00
7.9321136904620166E+00
8.0000000000000000E+00
0.0000000000000000E+00
6.7483990665255664E-02
1.4194109416515702E-01
2.2306115938875531E-01
3.1041864588971446E-01
4.0354112144893289E-01
5.0192284458361147E-01
6.0509805557106522E-01
7.1262098249979711E-01
8.2411104845272332E-01
9.3922448468658704E-01
1.0576710176440556E+00
1.1791939212925240E+00
1.3035699674417562E+00
1.4306005353243663E+00
1.5601047243808204E+00
1.6919180000691854E+00
1.8258838193441473E+00
1.9618559950701611E+00
2.0996910869343499E+00
2.2392520212364704E+00
2.3804019402292194E+00
2.5230078201454393E+00
2.6669358076917757E+00
2.8120543141146173E+00
2.9582306354523977E+00
3.1053333750701180E+00
3.2532301000480901E+00
3.4017891074409223E+00
3.5508778985866916E+00
3.7003643563061650E+00
3.8501158722797504E+00
4.0000000000004921E+00
4.1498841277212364E+00
4.2996356436948169E+00
4.4491221014142806E+00
4.5982108925600391E+00
4.7467698999528585E+00
4.8946666249308173E+00
5.0417693645485135E+00
5.1879456858862705E+00
5.3330641923090862E+00
5.4769921798553982E+00
5.6195980597715955E+00
5.7607479787643259E+00
5.9003089130664144E+00
6.0381440049305706E+00
6.1741161806565605E+00
6.3080819999314919E+00
6.4398952756198247E+00
6.5693994646762386E+00
6.6964300325588102E+00
6.8208060787080065E+00
6.9423289823564378E+00
7.0607755153138667E+00
7.1758889515476865E+00
7.2873790175005695E+00
7.3949019444292583E+00
7.4980771554166639E+00
7.5964588785512879E+00
7.6895813541104561E+00
7.7769388406113666E+00
7.8580589058349313E+00
7.9325160093347904E+00
8.0000000000000000E+00
0.0000000000000000E+00
6.7169466585822055E-02
1.4181676928701664E-01
2.2351509377005691E-01
3.1169910920808852E-01
4.0577301855304826E-01
5.0512180308155430E-01
6.0920635355516906E-01
7.1753114481997726E-01
8.2969077440405703E-01
9.4533371495664342E-01
1.0641711936879661E+00
1.1859568379108136E+00
1.3104781982468743E+00
1.4375511523500404E+00
1.5670067107393042E+00
1.6986934837547738E+00
1.8324651638757861E+00
1.9681859863271423E+00
2.1057205472150557E+00
2.2449396102989847E+00
2.3857124017876163E+00
2.5279116770117542E+00
2.6714081335747579E+00
2.8160744347648419E+00
2.9617812912174721E+00
3.1084004696998515E+00
3.2558021451108581E+00
3.4038570322258508E+00
3.5524347002561742E+00
3.7014049737259476E+00
3.8506369936117610E+00
4.0000000000004983E+00
4.1493630063892324E+00
4.2985950262750405E+00
4.4475652997448059E+00
4.5961429677751182E+00
4.7441978548900980E+00
4.8915995303010833E+00
5.0382187087834431E+00
5.1839255652360468E+00
5.3285918664261072E+00
5.4720883229890838E+00
5.6142875982131981E+00
5.7550603897018071E+00
5.8942794527857059E+00
6.0318140136735918E+00
6.1675348361249247E+00
6.3013065162459077E+00
6.4329932892613417E+00
6.5624488476505665E+00
6.6895218017536973E+00
6.8140431620897255E+00
6.9358288063125331E+00
7.0546662850438144E+00
7.1703092255963572E+00
7.2824688551803929E+00
7.3907936464451556E+00
7.4948781969187186E+00
7.5942269814471768E+00
7.6883008907920845E+00
7.7764849062300687E+00
7.8581832307130695E+00
7.9328305334142257E+00
8.0000000000000000E+00
0.0000000000000000E+00
6.6983277055243748E-02
1.4204313092260715E-01
2.2458387994959939E-01
3.1385336081826992E-01
4.0909871258638247E-01
5.0957635560459102E-01
6.1466984482206111E-01
7.2384118710189593E-01
8.3666942984070425E-01
9.5280864269591259E-01
1.0719807740418261E+00
1.1939592990355981E+00
1.3185481668811114E+00
1.4455826562020693E+00
1.5749083929093566E+00
1.7063891370040793E+00
1.8398898506217483E+00
1.9752857348695223E+00
2.1124496423243633E+00
2.2512600831809193E+00
2.3915922398129315E+00
2.5333243287499125E+00
2.6763313492991991E+00
2.8204898530714289E+00
2.9656736942976019E+00
3.1117574638147105E+00
3.2586136884383214E+00
3.4061152047971150E+00
3.5541334162878209E+00
3.7025398334416062E+00
3.8512051284090703E+00
4.0000000000005018E+00
4.1487948715919227E+00
4.2974601665593886E+00
4.4458665837131655E+00
4.5938847952038566E+00
4.7413863115626365E+00
4.8882425361862278E+00
5.0343263057033125E+00
5.1795101469294602E+00
5.3236686507016637E+00
5.4666756712509246E+00
5.6084077601878768E+00
5.7487399168198641E+00
5.8875503576763961E+00
6.0247142651312124E+00
6.1601101493789630E+00
6.2936108629966014E+00
6.4250916070912911E+00
6.5544173437985398E+00
6.6814518331194614E+00
6.8060407009649468E+00
6.9280192259586757E+00
7.0471913573045475E+00
7.1633305701597125E+00
7.2761588128984780E+00
7.3853301551782655E+00
7.4904236443956842E+00
7.5909012874138435E+00
7.6861466391819064E+00
7.7754161200505294E+00
7.8579568690774799E+00
7.9330167229448021E+00
8.0000000000000000E+00
0.0000000000000000E+00
6.7003069731823753E-02
1.4278555812921076E-01
2.2652008521544970E-01
3.1719168951456644E-01
4.1385313540446567E-01
5.1561427155453921E-01
6.2178836701539697E-01
7.3181147611603214E-01
8.4526536093055116E-01
9.6182730118770299E-01
1.0812424653667623E+00
1.2033139401261301E+00
1.3278680388628332E+00
1.4547634316264013E+00
1.5838625671734499E+00
1.7150454646370152E+00
1.8481888340441850E+00
1.9831787647398686E+00
2.1198961620846068E+00
2.2582268092932760E+00
2.3980514298938140E+00
2.5392531594996832E+00
2.6817108636412454E+00
2.8253044890463155E+00
2.9699106433080256E+00
3.1154063264873160E+00
3.2616660847778731E+00
3.4085645347634945E+00
3.5559746300018258E+00
3.7037692801230393E+00
3.8518204354710526E+00
4.0000000000005009E+00
4.1481795645299409E+00
4.2962307198779559E+00
4.4440253699991636E+00
4.5914354652374820E+00
4.7383339152230848E+00
4.8845936735136286E+00
5.0300893566928950E+00
5.1746955109545771E+00
5.3182891363596196E+00
5.4607468405011526E+00
5.6019485701069902E+00
5.7417731907075025E+00
5.8801038379161517E+00
6.0168212352608625E+00
6.1518111659565280E+00
6.2849545353636689E+00
6.4161374328271981E+00
6.5452365683742109E+00
6.6721319611377474E+00
6.7966860598744168E+00
6.9187575346337464E+00
7.0381726988127626E+00
7.1547346390698712E+00
7.2681885238843451E+00
7.3782116329849314E+00
7.4843857284457371E+00
7.5861468645957686E+00
7.6828083104856129E+00
7.7734799147846818E+00
7.8572144418708758E+00
7.9329969302682208E+00
8.0000000000000000E+00
0.0000000000000000E+00
6.7311178704799135E-02
1.4425271084722666E-01
2.2964093069748087E-01
3.2209890015765669E-01
4.2043496788385576E-01
5.2361257838647035E-01
6.3088985902122452E-01
7.4171566806669331E-01
8.5569723023317301E-01
9.7256093009183042E-01
1.0920875447638214E+00
1.2141202267026643E+00
1.3385123491059905E+00
1.4651488133912498E+00
1.5939100111330342E+00
1.7246922024925466E+00
1.8573836259711001E+00
1.9918804058718271E+00
2.1280708948485736E+00
2.2658471958143367E+00
2.4050949379402935E+00
2.5457013477328641E+00
2.6875486031405686E+00
2.8305193840275256E+00
2.9744925979974006E+00
3.1193471397959152E+00
3.2649592081063314E+00
3.4112047982672409E+00
3.5579581095565977E+00
3.7050931279750525E+00
3.8524828138141727E+00
4.0000000000005009E+00
4.1475171861868247E+00
4.2949068720259449E+00
4.4420418904443935E+00
4.5887952017337374E+00
4.7350407918946287E+00
4.8806528602050303E+00
5.0255074020035186E+00
5.1694806159733684E+00
5.3124513968602942E+00
5.4542986522679708E+00
5.5949050620605094E+00
5.7341528041864400E+00
5.8719291051521791E+00
6.0081195941289041E+00
6.1426163740296138E+00
6.2753077975081428E+00
6.4060899888676159E+00
6.5348511866093668E+00
6.6614876508945917E+00
6.7858797732978893E+00
6.9079124552366915E+00
7.0274390699086409E+00
7.1443027697672514E+00
7.2582843319336865E+00
7.3691101409791058E+00
7.4763874216138122E+00
7.5795650321163759E+00
7.6779010998425257E+00
7.7703590693026507E+00
7.8557472891528590E+00
7.9326888212952404E+00
8.0000000000000000E+00
0.0000000000000000E+00
6.8078459705562505E-02
1.4679347487812430E-01
2.3444122532058040E-01
3.2911276569741488E-01
4.2935648564825346E-01
5.3400227445383819E-01
6.4231686051537007E-01
7.5380871302962893E-01
8.6815018172624958E-01
9.8513883249460876E-01
1.1046046689337594E+00
1.2264368704063553E+00
1.3505188318124199E+00
1.4767617442141199E+00
1.6050635700408378E+00
1.7353353485860050E+00
1.8674757100281363E+00
2.0013892635702915E+00
2.1369706891690923E+00
2.2741171337446517E+00
2.4127182166311827E+00
2.5526642843299663E+00
2.6938401228053479E+00
2.8361304245757917E+00
2.9794158638551673E+00
3.1235766954663400E+00
3.2684903623768538E+00
3.4140338339600609E+00
3.5600822310705955E+00
3.7065102957472891E+00
3.8531917225609313E+00
4.0000000000005018E+00
4.1468082774400701E+00
4.2934897042537097E+00
4.4399177689303970E+00
4.5859661660409197E+00
4.7315096376241064E+00
4.8764233045346037E+00
5.0205841361457528E+00
5.1638695754251041E+00
5.3061598771955163E+00
5.4473357156708637E+00
5.5872817833696180E+00
5.7258828662561214E+00
5.8630293108316556E+00
5.9986107364304377E+00
6.1325242899725740E+00
6.2646646514146713E+00
6.3949364299598104E+00
6.5232382557864925E+00
6.6494811681881636E+00
6.7735631295941987E+00
6.8953953310667595E+00
7.0148611675058650E+00
7.1318498182741745E+00
7.2461912869707517E+00
7.3576831394849638E+00
7.4659977255464414E+00
7.5706435143519766E+00
7.6708872343027679E+00
7.7655587746795538E+00
7.8532065251219585E+00
7.9319215402944785E+00
8.0000000000000000E+00
0.0000000000000000E+00
6.9512652275714279E-02
1.5089308344145713E-01
2.4156798857257786E-01
3.3892691201840569E-01
4.4120572387866014E-01
5.4725621665791158E-01
6.5640345875858430E-01
7.6832254195169780E-01
8.8277470089442500E-01
9.9965535856031607E-01
1.1188491232402635E+00
1.2402930388820959E+00
1.3638997412366682E+00
1.4896035976324000E+00
1.6173181262269767E+00
1.7469659696789726E+00
1.8784543079138436E+00
2.0116938361293699E+00
2.1465841498414622E+00
2.2830257549832322E+00
2.4209112342580532E+00
2.5601328889945458E+00
2.7005773749888040E+00
2.8421305875251766E+00
2.9846744324017660E+00
3.1280899520725933E+00
3.2722554362042389E+00
3.4170484113595094E+00
3.5623446100462988E+00
3.7080192110016341E+00
3.8539463814478112E+00
4.0000000000005027E+00
4.1460536185531884E+00
4.2919807889993633E+00
4.4376553899546947E+00
4.5829515886414711E+00
4.7277445637967217E+00
4.8719100479283481E+00
5.0153255675991533E+00
5.1578694124757192E+00
5.2994226250120597E+00
5.4398671110062828E+00
5.5790887657427479E+00
5.7169742450175436E+00
5.8534158501592879E+00
5.9883061638713588E+00
6.1215456920868609E+00
6.2530340303216994E+00
6.3826818737736666E+00
6.5103964023682153E+00
6.6361002587639160E+00
6.7597069611184635E+00
6.8811508767602625E+00
7.0003446414401651E+00
7.1172252991060052E+00
7.2316774580486882E+00
7.3435965412417499E+00
7.4527437833423731E+00
7.5587942761215698E+00
7.6610730879817783E+00
7.7584320114275567E+00
7.8491069165586254E+00
7.9304873477243261E+00
8.0000000000000000E+00
0.0000000000000000E+00
7.2102841069607224E-02
1.5740190839370571E-01
2.5207045761950636E-01
3.5238981413446985E-01
4.5663476312035228E-01
5.6375606089059138E-01
6.7337707009763748E-01
7.8536229569751981E-01
8.9960932262191851E-01
1.0161062549411342E+00
1.1347948016055878E+00
1.2556512819628076E+00
1.3786135417858763E+00
1.5036326263643440E+00
1.6306339642218988E+00
1.7595475335280357E+00
1.8902865229155594E+00
2.0227649895116815E+00
2.1568857574379265E+00
2.2925509403936339E+00
2.4296549642295915E+00
2.5680909375002314E+00
2.7077466299716564E+00
2.8485083701454301E+00
2.9902587729651051E+00
3.1328791386161159E+00
3.2762482295563675E+00
3.4202437515155713E+00
3.5647417658737868E+00
3.7096176031432830E+00
3.8547456697287257E+00
4.0000000000005000E+00
4.1452543302722722E+00
4.2903823968577148E+00
4.4352582341272058E+00
4.5797562484854089E+00
4.7237517704445926E+00
4.8671208613848238E+00
5.0097412270358141E+00
5.1514916298554665E+00
5.2922533700292060E+00
5.4319090625005977E+00
5.5703450357712105E+00
5.7074490596071419E+00
5.8431142425628257E+00
5.9772350104890419E+00
6.1097134770851396E+00
6.2404524664726297E+00
6.3693660357787438E+00
6.4963673736362715E+00
6.6213864582147108E+00
6.7443487180377550E+00
6.8652051983949454E+00
6.9838937450593530E+00
7.1003906773785230E+00
7.2146377043028682E+00
7.3266229299027001E+00
7.4362439391096915E+00
7.5433652368798798E+00
7.6476101858657142E+00
7.7479295423806267E+00
7.8425980916063809E+00
7.9278971589304330E+00
8.0000000000000000E+00
0.0000000000000000E+00
7.6584530859098776E-02
1.6778779487621384E-01
2.6725769190390319E-01
3.7068628224453609E-01
4.7620881830724704E-01
5.8382079462190928E-01
6.9334042608245849E-01
8.0493590295802486E-01
9.1860560656623991E-01
1.0344200570749340E+00
1.1523622583153124E+00
1.2724329030609041E+00
1.3945866579673545E+00
1.5187821592882875E+00
1.6449519775316908E+00
1.7730283237189597E+00
1.9029275772045822E+00
2.0345642426469288E+00
2.1678426467377103E+00
2.3026647828418887E+00
2.4389258253409141E+00
2.5765186249954457E+00
2.7153313485165880E+00
2.8552500773381242E+00
2.9961576510272363E+00
3.1379351771050654E+00
3.2804615516416411E+00
3.4236143477755725E+00
3.5672697059949550E+00
3.7113028777388881E+00
3.8555883090200052E+00
4.0000000000004992E+00
4.1444116909809923E+00
4.2886971222621080E+00
4.4327302940060305E+00
4.5763856522253992E+00
4.7195384483593159E+00
4.8620648228958734E+00
5.0038423489736799E+00
5.1447499226627693E+00
5.2846686514842744E+00
5.4234813750053847E+00
5.5610741746598853E+00
5.6973352171588880E+00
5.8321573532630415E+00
5.9654357573537933E+00
6.0970724227961108E+00
6.2269716762817069E+00
6.3550480224689503E+00
6.4812178407123291E+00
6.6054133420332386E+00
6.7275670969396622E+00
6.8476377416852277E+00
6.9655799429255625E+00
7.0813943934342065E+00
7.1950640970423692E+00
7.3066595739178775E+00
7.4161792053783788E+00
7.5237911816929852E+00
7.6293137177556511E+00
7.7327423080962356E+00
7.8322122051238736E+00
7.9234154691409433E+00
8.0000000000000000E+00
0.0000000000000000E+00
8.5059257493889193E-02
1.8405662831750169E-01
2.8922107750720388E-01
3.9414792336089843E-01
5.0007890420678658E-01
6.0725013062804234E-01
7.1606766275076472E-01
8.2678915859112123E-01
9.3953415607826862E-01
1.0543913337212225E+00
1.1713755663035745E+00
1.2904877289336232E+00
1.4116927315109264E+00
1.5349458230286583E+00
1.6601832817685422E+00
1.7873339138318147E+00
1.9163155207540661E+00
2.0470399057868507E+00
2.1794119508602643E+00
2.3133316610880601E+00
2.4486944244743030E+00
2.5853916769654153E+00
2.7233116621779914E+00
2.8623394755901419E+00
3.0023579767133510E+00
3.1432475980903130E+00
3.2848872264269127E+00
3.4271539814898078E+00
3.5699239693892464E+00
3.7130721439622385E+00
3.8564728840080971E+00
4.0000000000004956E+00
4.1435271159928977E+00
4.2869278560387478E+00
4.4300760306117359E+00
4.5728460185111581E+00
4.7151127735740426E+00
4.8567524019106214E+00
4.9976420232875602E+00
5.1376605244107463E+00
5.2766883378228711E+00
5.4146083230354130E+00
5.5513055755264951E+00
5.6866683389127131E+00
5.8205880491404827E+00
5.9529600942138705E+00
6.0836844792466254E+00
6.2126660861688521E+00
6.3398167182321012E+00
6.4650541769719618E+00
6.5883072684896700E+00
6.7095122710669459E+00
6.8286244336969659E+00
6.9456086662792771E+00
7.0604658439221808E+00
7.1732108414092739E+00
7.2839323372495732E+00
7.3927498693722420E+00
7.4999210957934492E+00
7.6058520766392927E+00
7.7107789224929393E+00
7.8159433716825921E+00
7.9149407425061575E+00
8.0000000000000000E+00
0.0000000000000000E+00
1.0101787019331231E-01
2.1385520795796900E-01
3.1855392184894654E-01
4.2320230009808546E-01
5.2774650328505146E-01
6.3360000387333448E-01
7.4108539681975272E-01
8.5053252497577159E-01
9.6206170305640903E-01
1.0757489789973391E+00
1.1916101758347557E+00
1.3096328236530586E+00
1.4297807179974740E+00
1.5520001393434926E+00
1.6762257823331483E+00
1.8023806531303483E+00
1.9303811341492505E+00
2.0601352544742597E+00
2.1915467782010984E+00
2.3245132335079850E+00
2.4589291724127427E+00
2.5946843987537709E+00
2.7316665465574217E+00
2.8697596360622342E+00
3.0088460873215745E+00
3.1488056253916277E+00
3.2895168185814425E+00
3.4308563189645915E+00
3.5726999932042642E+00
3.7149224780079533E+00
3.8573979538261209E+00
4.0000000000004974E+00
4.1426020461748694E+00
4.2850775219930304E+00
4.4273000067967114E+00
4.5691436810363708E+00
4.7104831814195078E+00
4.8511943746093085E+00
4.9911539126793354E+00
5.1302403639386478E+00
5.2683334534434376E+00
5.4053156012470600E+00
5.5410708275880562E+00
5.6754867664927877E+00
5.8084532217996454E+00
5.9398647455264584E+00
6.0696188658514370E+00
6.1976193468703169E+00
6.3237742176674958E+00
6.4479998606571289E+00
6.5702192820031264E+00
6.6903671763475145E+00
6.8083898241657845E+00
6.9242510210031671E+00
7.0379382969440449E+00
7.1494674750246272E+00
7.2589146031805898E+00
7.3663999961269528E+00
7.4722534967151875E+00
7.5767976999021132E+00
7.6814460781512066E+00
7.7861447920421361E+00
7.8989821298067415E+00
8.0000000000000000E+00
0.0000000000000000E+00
1.4061498858004545E-01
2.4829485318094480E-01
3.5328413893333765E-01
4.5491630113192172E-01
5.5775844116275297E-01
6.6166883414834354E-01
7.6761072077664638E-01
8.7554738043871683E-01
9.8574066662424709E-01
1.0981326108621192E+00
1.2127938481186236E+00
1.3296446406876599E+00
1.4486781694071031E+00
1.5698016930792993E+00
1.6929676385812011E+00
1.8180749187870120E+00
1.9450510486458497E+00
2.0737887566006603E+00
2.2041988737113156E+00
2.3361691057534992E+00
2.4695984778504645E+00
2.6043704887203982E+00
2.7403755673934627E+00
2.8774937199007358E+00
3.0156090709929084E+00
3.1545988303111736E+00
3.2943425590106736E+00
3.4347153743183068E+00
3.5755936596695079E+00
3.7168511617143984E+00
3.8583622329142488E+00
4.0000000000004947E+00
4.1416377670867384E+00
4.2831488382865777E+00
4.4244063403314629E+00
4.5652846256826480E+00
4.7056574409902723E+00
4.8454011696897572E+00
4.9843909290080006E+00
5.1225062801001400E+00
5.2596244326073922E+00
5.3956295112804291E+00
5.5304015221503349E+00
5.6638308942472682E+00
5.7958011262894278E+00
5.9262112434000525E+00
6.0549489513548380E+00
6.1819250812136470E+00
6.3070323614194432E+00
6.4301983069213167E+00
6.5513218305934968E+00
6.6703553593129099E+00
6.7872061518819145E+00
6.9018673891383839E+00
7.0142593333762102E+00
7.1244526195616791E+00
7.2323892792236988E+00
7.3383311658519439E+00
7.4422415588374919E+00
7.5450836988682815E+00
7.6467158610668235E+00
7.7517051468191696E+00
7.8593850114200219E+00
8.0000000000000000E+00
